2016-10-31,1477843200,,,
A4000283,P001,922,,--
A4000283,P001,923,,--
A4000283,P001,924,,--
A4000283,P001,926,,--
A4000283,P001,936,,--
A4000283,P002,922,,--
A4000283,P002,923,,--
A4000283,P002,924,,--
A4000283,P002,926,,--
A4000283,P002,936,,--
A4000283,P003,922,,--
A4000283,P003,923,,--
A4000283,P003,924,,--
A4000283,P003,926,,--
A4000283,P003,936,,--
A4000283,P004,922,,--
A4000283,P004,923,,--
A4000283,P004,924,,--
A4000283,P004,926,,--
A4000283,P004,936,,--
A4200130,P001,922,,--
A4200130,P001,923,,--
A4200130,P001,924,,--
A4200130,P001,926,,--
A4200130,P001,936,,--
A4200130,P002,922,,--
A4200130,P002,923,,--
A4200130,P002,924,,--
A4200130,P002,926,,--
A4200130,P002,936,,--
A4200130,P003,922,,--
A4200130,P003,923,,--
A4200130,P003,924,,--
A4200130,P003,926,,--
A4200130,P003,936,,--
A4000283,P001,911,0000,2.70
A4000283,P002,911,0000,0.00
A4000283,P003,911,0000,2.70
A4000283,P004,911,0000,2.70
A4200130,P001,911,0000,0.80
A4200130,P002,911,0000,0.50
A4200130,P003,911,0000,1.20
A4000283,P001,922,0000,2.00
A4000283,P001,923,0000,71.00
A4000283,P001,924,0000,22.00
A4000283,P001,926,0000,1.00
A4000283,P001,936,0000,10.50
A4000283,P002,922,0000,0.00
A4000283,P002,923,0000,0.00
A4000283,P002,924,0000,0.00
A4000283,P002,926,0000,0.00
A4000283,P002,936,0000,0.00
A4000283,P003,922,0000,0.00
A4000283,P003,923,0000,68.00
A4000283,P003,924,0000,14.00
A4000283,P003,926,0000,4.00
A4000283,P003,936,0000,11.30
A4000283,P004,922,0000,4.00
A4000283,P004,923,0000,70.00
A4000283,P004,924,0000,7.00
A4000283,P004,926,0000,4.00
A4000283,P004,936,0000,11.40
A4200130,P001,922,0000,6.00
A4200130,P001,923,0000,92.00
A4200130,P001,924,0000,13.00
A4200130,P001,926,0000,20.00
A4200130,P001,936,0000,11.00
A4200130,P002,922,0000,10.00
A4200130,P002,923,0000,83.00
A4200130,P002,924,0000,10.00
A4200130,P002,926,0000,24.00
A4200130,P002,936,0000,10.80
A4200130,P003,922,0000,10.00
A4200130,P003,923,0000,94.00
A4200130,P003,924,0000,7.00
A4200130,P003,926,0000,20.00
A4200130,P003,936,0000,11.40
A4200130,P001,911,0006,0.80
A4200130,P002,911,0006,0.50
A4200130,P003,911,0006,1.20
A4000283,P001,911,0006,2.90
A4000283,P002,911,0006,0.00
A4000283,P003,911,0006,3.80
A4000283,P004,911,0006,2.80
A4200130,P001,911,0012,0.80
A4200130,P002,911,0012,0.50
A4200130,P003,911,0012,1.20
A4000283,P001,911,0012,2.90
A4000283,P002,911,0012,0.00
A4000283,P003,911,0012,2.40
A4000283,P004,911,0012,2.60
A4000283,P001,922,0015,2.00
A4000283,P001,923,0015,73.00
A4000283,P001,924,0015,7.00
A4000283,P001,926,0015,1.00
A4000283,P001,936,0015,11.20
A4000283,P002,922,0015,0.00
A4000283,P002,923,0015,0.00
A4000283,P002,924,0015,0.00
A4000283,P002,926,0015,0.00
A4000283,P002,936,0015,0.00
A4000283,P003,922,0015,0.00
A4000283,P003,923,0015,65.00
A4000283,P003,924,0015,13.00
A4000283,P003,926,0015,4.00
A4000283,P003,936,0015,11.40
A4000283,P004,922,0015,5.00
A4000283,P004,923,0015,70.00
A4000283,P004,924,0015,6.00
A4000283,P004,926,0015,5.00
A4000283,P004,936,0015,12.10
A4200130,P001,922,0015,6.00
A4200130,P001,923,0015,94.00
A4200130,P001,924,0015,12.00
A4200130,P001,926,0015,21.00
A4200130,P001,936,0015,11.40
A4200130,P002,922,0015,9.00
A4200130,P002,923,0015,80.00
A4200130,P002,924,0015,7.00
A4200130,P002,926,0015,20.00
A4200130,P002,936,0015,11.20
A4200130,P003,922,0015,10.00
A4200130,P003,923,0015,94.00
A4200130,P003,924,0015,7.00
A4200130,P003,926,0015,19.00
A4200130,P003,936,0015,11.70
A4200130,P001,911,0018,0.80
A4200130,P002,911,0018,0.50
A4200130,P003,911,0018,1.20
A4000283,P001,911,0018,2.80
A4000283,P002,911,0018,0.00
A4000283,P003,911,0018,2.40
A4000283,P004,911,0018,2.80
A4000283,P001,911,0024,3.00
A4000283,P002,911,0024,0.00
A4000283,P003,911,0024,2.60
A4000283,P004,911,0024,2.70
A4200130,P001,911,0024,0.80
A4200130,P002,911,0024,0.50
A4200130,P003,911,0024,1.20
A4000283,P001,911,0030,2.90
A4000283,P002,911,0030,0.00
A4000283,P003,911,0030,3.60
A4000283,P004,911,0030,3.40
A4200130,P001,911,0030,0.80
A4200130,P002,911,0030,0.50
A4200130,P003,911,0030,1.20
A4000283,P001,922,0030,2.00
A4000283,P001,923,0030,80.00
A4000283,P001,924,0030,9.00
A4000283,P001,926,0030,1.00
A4000283,P001,936,0030,11.90
A4000283,P002,922,0030,0.00
A4000283,P002,923,0030,0.00
A4000283,P002,924,0030,0.00
A4000283,P002,926,0030,0.00
A4000283,P002,936,0030,0.00
A4000283,P003,922,0030,0.00
A4000283,P003,923,0030,63.00
A4000283,P003,924,0030,10.00
A4000283,P003,926,0030,4.00
A4000283,P003,936,0030,11.90
A4000283,P004,922,0030,6.00
A4000283,P004,923,0030,73.00
A4000283,P004,924,0030,7.00
A4000283,P004,926,0030,6.00
A4000283,P004,936,0030,13.40
A4200130,P001,922,0030,5.00
A4200130,P001,923,0030,87.00
A4200130,P001,924,0030,14.00
A4200130,P001,926,0030,18.00
A4200130,P001,936,0030,10.10
A4200130,P002,922,0030,10.00
A4200130,P002,923,0030,84.00
A4200130,P002,924,0030,7.00
A4200130,P002,926,0030,24.00
A4200130,P002,936,0030,11.00
A4200130,P003,922,0030,10.00
A4200130,P003,923,0030,92.00
A4200130,P003,924,0030,7.00
A4200130,P003,926,0030,18.00
A4200130,P003,936,0030,11.60
A4200130,P001,911,0036,0.80
A4200130,P002,911,0036,0.50
A4200130,P003,911,0036,1.20
A4000283,P001,911,0036,2.80
A4000283,P002,911,0036,0.00
A4000283,P003,911,0036,2.60
A4000283,P004,911,0036,2.70
A4200130,P001,911,0042,0.80
A4200130,P002,911,0042,0.50
A4200130,P003,911,0042,1.20
A4000283,P001,911,0042,2.80
A4000283,P002,911,0042,0.00
A4000283,P003,911,0042,2.50
A4000283,P004,911,0042,2.50
A4000283,P001,922,0045,2.00
A4000283,P001,923,0045,86.00
A4000283,P001,924,0045,6.00
A4000283,P001,926,0045,1.00
A4000283,P001,936,0045,11.30
A4000283,P002,922,0045,0.00
A4000283,P002,923,0045,0.00
A4000283,P002,924,0045,0.00
A4000283,P002,926,0045,0.00
A4000283,P002,936,0045,0.00
A4000283,P003,922,0045,0.00
A4000283,P003,923,0045,73.00
A4000283,P003,924,0045,94.00
A4000283,P003,926,0045,4.00
A4000283,P003,936,0045,11.60
A4000283,P004,922,0045,5.00
A4000283,P004,923,0045,79.00
A4000283,P004,924,0045,7.00
A4000283,P004,926,0045,5.00
A4000283,P004,936,0045,12.40
A4200130,P001,922,0045,6.00
A4200130,P001,923,0045,91.00
A4200130,P001,924,0045,12.00
A4200130,P001,926,0045,20.00
A4200130,P001,936,0045,11.00
A4200130,P002,922,0045,8.00
A4200130,P002,923,0045,92.00
A4200130,P002,924,0045,6.00
A4200130,P002,926,0045,20.00
A4200130,P002,936,0045,11.60
A4200130,P003,922,0045,13.00
A4200130,P003,923,0045,89.00
A4200130,P003,924,0045,7.00
A4200130,P003,926,0045,20.00
A4200130,P003,936,0045,10.80
A4000283,P001,911,0048,2.70
A4000283,P002,911,0048,0.00
A4000283,P003,911,0048,2.40
A4000283,P004,911,0048,2.40
A4200130,P001,911,0048,0.80
A4200130,P002,911,0048,0.50
A4200130,P003,911,0048,1.20
A4000283,P001,911,0054,2.90
A4000283,P002,911,0054,0.00
A4000283,P003,911,0054,2.40
A4000283,P004,911,0054,2.80
A4200130,P001,911,0054,0.80
A4200130,P002,911,0054,0.50
A4200130,P003,911,0054,1.20
A4000283,P001,911,0100,2.80
A4000283,P002,911,0100,0.00
A4000283,P003,911,0100,3.40
A4000283,P004,911,0100,2.50
A4200130,P001,911,0100,0.80
A4200130,P002,911,0100,0.50
A4200130,P003,911,0100,1.20
A4000283,P001,922,0100,2.00
A4000283,P001,923,0100,86.00
A4000283,P001,924,0100,6.00
A4000283,P001,926,0100,1.00
A4000283,P001,936,0100,11.10
A4000283,P002,922,0100,0.00
A4000283,P002,923,0100,0.00
A4000283,P002,924,0100,0.00
A4000283,P002,926,0100,0.00
A4000283,P002,936,0100,0.00
A4000283,P003,922,0100,0.00
A4000283,P003,923,0100,76.00
A4000283,P003,924,0100,44.00
A4000283,P003,926,0100,5.00
A4000283,P003,936,0100,12.50
A4000283,P004,922,0100,6.00
A4000283,P004,923,0100,78.00
A4000283,P004,924,0100,9.00
A4000283,P004,926,0100,6.00
A4000283,P004,936,0100,13.80
A4200130,P001,922,0100,6.00
A4200130,P001,923,0100,97.00
A4200130,P001,924,0100,11.00
A4200130,P001,926,0100,21.00
A4200130,P001,936,0100,11.30
A4200130,P002,922,0100,7.00
A4200130,P002,923,0100,94.00
A4200130,P002,924,0100,6.00
A4200130,P002,926,0100,19.00
A4200130,P002,936,0100,11.80
A4200130,P003,922,0100,15.00
A4200130,P003,923,0100,90.00
A4200130,P003,924,0100,7.00
A4200130,P003,926,0100,24.00
A4200130,P003,936,0100,11.40
A4000283,P001,911,0106,2.80
A4000283,P002,911,0106,0.00
A4000283,P003,911,0106,2.60
A4000283,P004,911,0106,2.40
A4200130,P001,911,0106,0.80
A4200130,P002,911,0106,0.50
A4200130,P003,911,0106,1.20
A4000283,P001,911,0112,2.80
A4000283,P002,911,0112,0.00
A4000283,P003,911,0112,2.40
A4000283,P004,911,0112,2.40
A4200130,P001,911,0112,0.80
A4200130,P002,911,0112,0.60
A4200130,P003,911,0112,1.20
A4000283,P001,922,0115,2.00
A4000283,P001,923,0115,86.00
A4000283,P001,924,0115,7.00
A4000283,P001,926,0115,1.00
A4000283,P001,936,0115,11.10
A4000283,P002,922,0115,0.00
A4000283,P002,923,0115,0.00
A4000283,P002,924,0115,0.00
A4000283,P002,926,0115,0.00
A4000283,P002,936,0115,0.00
A4000283,P003,922,0115,0.00
A4000283,P003,923,0115,81.00
A4000283,P003,924,0115,54.00
A4000283,P003,926,0115,4.00
A4000283,P003,936,0115,11.80
A4000283,P004,922,0115,4.00
A4000283,P004,923,0115,78.00
A4000283,P004,924,0115,8.00
A4000283,P004,926,0115,5.00
A4000283,P004,936,0115,11.80
A4200130,P001,922,0115,5.00
A4200130,P001,923,0115,98.00
A4200130,P001,924,0115,10.00
A4200130,P001,926,0115,20.00
A4200130,P001,936,0115,11.70
A4200130,P002,922,0115,8.00
A4200130,P002,923,0115,90.00
A4200130,P002,924,0115,6.00
A4200130,P002,926,0115,19.00
A4200130,P002,936,0115,11.60
A4200130,P003,922,0115,13.00
A4200130,P003,923,0115,94.00
A4200130,P003,924,0115,8.00
A4200130,P003,926,0115,23.00
A4200130,P003,936,0115,12.10
A4400916,P001,922,0115,0.00
A4400916,P001,923,0115,0.00
A4400916,P001,924,0115,0.00
A4400916,P001,926,0115,0.00
A4400916,P001,936,0115,0.00
A4400916,P002,922,0115,0.00
A4400916,P002,923,0115,0.00
A4400916,P002,924,0115,0.00
A4400916,P002,926,0115,0.00
A4400916,P002,936,0115,0.00
A4400916,P003,922,0115,0.00
A4400916,P003,923,0115,0.00
A4400916,P003,924,0115,0.00
A4400916,P003,926,0115,0.00
A4400916,P003,936,0115,0.00
A4400916,P004,922,0115,0.00
A4400916,P004,923,0115,0.00
A4400916,P004,924,0115,0.00
A4400916,P004,926,0115,0.00
A4400916,P004,936,0115,0.00
A4000283,P001,911,0118,3.00
A4000283,P002,911,0118,0.00
A4000283,P003,911,0118,2.40
A4000283,P004,911,0118,2.60
A4200130,P001,911,0118,0.80
A4200130,P002,911,0118,0.50
A4200130,P003,911,0118,1.20
A4000283,P001,911,0124,2.70
A4000283,P002,911,0124,0.00
A4000283,P003,911,0124,2.40
A4000283,P004,911,0124,2.90
A4200130,P001,911,0124,0.80
A4200130,P002,911,0124,0.50
A4200130,P003,911,0124,1.20
A4000283,P001,911,0130,2.70
A4000283,P002,911,0130,0.00
A4000283,P003,911,0130,3.50
A4000283,P004,911,0130,2.40
A4200130,P001,911,0130,0.80
A4200130,P002,911,0130,0.50
A4200130,P003,911,0130,1.20
A4000283,P001,922,0130,2.00
A4000283,P001,923,0130,71.00
A4000283,P001,924,0130,11.00
A4000283,P001,926,0130,1.00
A4000283,P001,936,0130,10.90
A4000283,P002,922,0130,0.00
A4000283,P002,923,0130,0.00
A4000283,P002,924,0130,0.00
A4000283,P002,926,0130,0.00
A4000283,P002,936,0130,0.00
A4000283,P003,922,0130,1.00
A4000283,P003,923,0130,92.00
A4000283,P003,924,0130,14.00
A4000283,P003,926,0130,5.00
A4000283,P003,936,0130,11.20
A4000283,P004,922,0130,3.00
A4000283,P004,923,0130,71.00
A4000283,P004,924,0130,12.00
A4000283,P004,926,0130,4.00
A4000283,P004,936,0130,11.20
A4200130,P001,922,0130,5.00
A4200130,P001,923,0130,84.00
A4200130,P001,924,0130,20.00
A4200130,P001,926,0130,18.00
A4200130,P001,936,0130,11.00
A4200130,P002,922,0130,8.00
A4200130,P002,923,0130,91.00
A4200130,P002,924,0130,6.00
A4200130,P002,926,0130,20.00
A4200130,P002,936,0130,11.80
A4200130,P003,922,0130,10.00
A4200130,P003,923,0130,98.00
A4200130,P003,924,0130,8.00
A4200130,P003,926,0130,20.00
A4200130,P003,936,0130,12.40
A4400916,P001,911,0130,0.00
A4400916,P002,911,0130,0.00
A4400916,P003,911,0130,0.00
A4400916,P004,911,0130,0.00
A4000283,P001,911,0136,2.70
A4000283,P002,911,0136,0.00
A4000283,P003,911,0136,2.80
A4000283,P004,911,0136,2.40
A4200130,P001,911,0136,0.80
A4200130,P002,911,0136,0.50
A4200130,P003,911,0136,1.20
A4000283,P001,911,0142,2.90
A4000283,P002,911,0142,0.00
A4000283,P003,911,0142,2.50
A4000283,P004,911,0142,2.40
A4200130,P001,911,0142,0.80
A4200130,P002,911,0142,0.50
A4200130,P003,911,0142,1.30
A4000283,P001,922,0145,2.00
A4000283,P001,923,0145,67.00
A4000283,P001,924,0145,13.00
A4000283,P001,926,0145,1.00
A4000283,P001,936,0145,11.30
A4000283,P002,922,0145,0.00
A4000283,P002,923,0145,0.00
A4000283,P002,924,0145,0.00
A4000283,P002,926,0145,0.00
A4000283,P002,936,0145,0.00
A4000283,P003,922,0145,0.00
A4000283,P003,923,0145,88.00
A4000283,P003,924,0145,10.00
A4000283,P003,926,0145,5.00
A4000283,P003,936,0145,11.40
A4000283,P004,922,0145,4.00
A4000283,P004,923,0145,72.00
A4000283,P004,924,0145,10.00
A4000283,P004,926,0145,5.00
A4000283,P004,936,0145,11.60
A4200130,P001,922,0145,5.00
A4200130,P001,923,0145,89.00
A4200130,P001,924,0145,18.00
A4200130,P001,926,0145,19.00
A4200130,P001,936,0145,11.20
A4200130,P002,922,0145,7.00
A4200130,P002,923,0145,93.00
A4200130,P002,924,0145,7.00
A4200130,P002,926,0145,18.00
A4200130,P002,936,0145,12.10
A4200130,P003,922,0145,10.00
A4200130,P003,923,0145,97.00
A4200130,P003,924,0145,8.00
A4200130,P003,926,0145,23.00
A4200130,P003,936,0145,12.20
A4000283,P001,911,0148,2.80
A4000283,P002,911,0148,0.00
A4000283,P003,911,0148,2.80
A4000283,P004,911,0148,2.70
A4200130,P001,911,0148,0.80
A4200130,P002,911,0148,0.50
A4200130,P003,911,0148,1.30
A4000283,P001,911,0154,2.70
A4000283,P002,911,0154,0.00
A4000283,P003,911,0154,3.70
A4000283,P004,911,0154,2.50
A4200130,P001,911,0154,0.80
A4200130,P002,911,0154,0.50
A4200130,P003,911,0154,1.30
A4200130,P001,911,0200,0.80
A4200130,P002,911,0200,0.50
A4200130,P003,911,0200,1.20
A4000283,P001,911,0200,2.80
A4000283,P002,911,0200,0.00
A4000283,P003,911,0200,3.30
A4000283,P004,911,0200,2.50
A4000283,P001,922,0200,2.00
A4000283,P001,923,0200,75.00
A4000283,P001,924,0200,9.00
A4000283,P001,926,0200,1.00
A4000283,P001,936,0200,11.20
A4000283,P002,922,0200,0.00
A4000283,P002,923,0200,0.00
A4000283,P002,924,0200,0.00
A4000283,P002,926,0200,0.00
A4000283,P002,936,0200,0.00
A4000283,P003,922,0200,0.00
A4000283,P003,923,0200,87.00
A4000283,P003,924,0200,6.00
A4000283,P003,926,0200,5.00
A4000283,P003,936,0200,11.30
A4000283,P004,922,0200,4.00
A4000283,P004,923,0200,77.00
A4000283,P004,924,0200,8.00
A4000283,P004,926,0200,5.00
A4000283,P004,936,0200,11.70
A4200130,P001,922,0200,5.00
A4200130,P001,923,0200,95.00
A4200130,P001,924,0200,11.00
A4200130,P001,926,0200,19.00
A4200130,P001,936,0200,10.90
A4200130,P002,922,0200,8.00
A4200130,P002,923,0200,94.00
A4200130,P002,924,0200,6.00
A4200130,P002,926,0200,21.00
A4200130,P002,936,0200,11.70
A4200130,P003,922,0200,9.00
A4200130,P003,923,0200,90.00
A4200130,P003,924,0200,8.00
A4200130,P003,926,0200,18.00
A4200130,P003,936,0200,11.80
A4200130,P001,911,0206,0.80
A4200130,P002,911,0206,0.50
A4200130,P003,911,0206,1.20
A4000283,P001,911,0206,2.90
A4000283,P002,911,0206,0.00
A4000283,P003,911,0206,3.10
A4000283,P004,911,0206,2.50
A4200130,P001,911,0212,0.80
A4200130,P002,911,0212,0.50
A4200130,P003,911,0212,1.20
A4000283,P001,911,0212,2.80
A4000283,P002,911,0212,0.00
A4000283,P003,911,0212,3.20
A4000283,P004,911,0212,2.70
A4000283,P001,922,0215,2.00
A4000283,P001,923,0215,77.00
A4000283,P001,924,0215,11.00
A4000283,P001,926,0215,1.00
A4000283,P001,936,0215,10.80
A4000283,P002,922,0215,0.00
A4000283,P002,923,0215,0.00
A4000283,P002,924,0215,0.00
A4000283,P002,926,0215,0.00
A4000283,P002,936,0215,0.00
A4000283,P003,922,0215,0.00
A4000283,P003,923,0215,91.00
A4000283,P003,924,0215,5.00
A4000283,P003,926,0215,5.00
A4000283,P003,936,0215,11.30
A4000283,P004,922,0215,4.00
A4000283,P004,923,0215,74.00
A4000283,P004,924,0215,12.00
A4000283,P004,926,0215,4.00
A4000283,P004,936,0215,11.40
A4200130,P001,922,0215,6.00
A4200130,P001,923,0215,93.00
A4200130,P001,924,0215,11.00
A4200130,P001,926,0215,20.00
A4200130,P001,936,0215,11.00
A4200130,P002,922,0215,8.00
A4200130,P002,923,0215,94.00
A4200130,P002,924,0215,6.00
A4200130,P002,926,0215,22.00
A4200130,P002,936,0215,11.80
A4200130,P003,922,0215,11.00
A4200130,P003,923,0215,89.00
A4200130,P003,924,0215,6.00
A4200130,P003,926,0215,19.00
A4200130,P003,936,0215,10.50
A4000283,P001,911,0218,2.80
A4000283,P002,911,0218,0.00
A4000283,P003,911,0218,3.20
A4000283,P004,911,0218,2.80
A4200130,P001,911,0218,0.80
A4200130,P002,911,0218,0.50
A4200130,P003,911,0218,1.20
A4000283,P001,911,0224,2.80
A4000283,P002,911,0224,0.00
A4000283,P003,911,0224,4.30
A4000283,P004,911,0224,2.50
A4200130,P001,911,0224,0.80
A4200130,P002,911,0224,0.50
A4200130,P003,911,0224,1.20
A4200130,P001,911,0230,0.80
A4200130,P002,911,0230,0.50
A4200130,P003,911,0230,1.30
A4000283,P001,911,0230,3.00
A4000283,P002,911,0230,0.00
A4000283,P003,911,0230,2.80
A4000283,P004,911,0230,2.60
A4000283,P001,922,0230,2.00
A4000283,P001,923,0230,80.00
A4000283,P001,924,0230,8.00
A4000283,P001,926,0230,1.00
A4000283,P001,936,0230,11.40
A4000283,P002,922,0230,0.00
A4000283,P002,923,0230,0.00
A4000283,P002,924,0230,0.00
A4000283,P002,926,0230,0.00
A4000283,P002,936,0230,0.00
A4000283,P003,922,0230,0.00
A4000283,P003,923,0230,86.00
A4000283,P003,924,0230,6.00
A4000283,P003,926,0230,6.00
A4000283,P003,936,0230,11.20
A4000283,P004,922,0230,5.00
A4000283,P004,923,0230,75.00
A4000283,P004,924,0230,8.00
A4000283,P004,926,0230,5.00
A4000283,P004,936,0230,11.90
A4200130,P001,922,0230,5.00
A4200130,P001,923,0230,89.00
A4200130,P001,924,0230,12.00
A4200130,P001,926,0230,19.00
A4200130,P001,936,0230,10.80
A4200130,P002,922,0230,7.00
A4200130,P002,923,0230,99.00
A4200130,P002,924,0230,7.00
A4200130,P002,926,0230,20.00
A4200130,P002,936,0230,12.70
A4200130,P003,922,0230,12.00
A4200130,P003,923,0230,88.00
A4200130,P003,924,0230,6.00
A4200130,P003,926,0230,20.00
A4200130,P003,936,0230,10.60
A4200130,P001,911,0236,0.80
A4200130,P002,911,0236,0.50
A4200130,P003,911,0236,1.20
A4000283,P001,911,0236,2.70
A4000283,P002,911,0236,0.00
A4000283,P003,911,0236,2.80
A4000283,P004,911,0236,2.50
A4200130,P001,911,0242,0.80
A4200130,P002,911,0242,0.50
A4200130,P003,911,0242,1.30
A4000283,P001,911,0242,2.80
A4000283,P002,911,0242,0.00
A4000283,P003,911,0242,2.70
A4000283,P004,911,0242,3.30
A4000283,P001,922,0245,2.00
A4000283,P001,923,0245,83.00
A4000283,P001,924,0245,8.00
A4000283,P001,926,0245,1.00
A4000283,P001,936,0245,11.20
A4000283,P002,922,0245,0.00
A4000283,P002,923,0245,0.00
A4000283,P002,924,0245,0.00
A4000283,P002,926,0245,0.00
A4000283,P002,936,0245,0.00
A4000283,P003,922,0245,0.00
A4000283,P003,923,0245,85.00
A4000283,P003,924,0245,15.00
A4000283,P003,926,0245,5.00
A4000283,P003,936,0245,11.40
A4000283,P004,922,0245,6.00
A4000283,P004,923,0245,74.00
A4000283,P004,924,0245,5.00
A4000283,P004,926,0245,5.00
A4000283,P004,936,0245,13.00
A4200130,P001,922,0245,6.00
A4200130,P001,923,0245,93.00
A4200130,P001,924,0245,15.00
A4200130,P001,926,0245,21.00
A4200130,P001,936,0245,11.20
A4200130,P002,922,0245,7.00
A4200130,P002,923,0245,91.00
A4200130,P002,924,0245,7.00
A4200130,P002,926,0245,18.00
A4200130,P002,936,0245,11.50
A4200130,P003,922,0245,8.00
A4200130,P003,923,0245,91.00
A4200130,P003,924,0245,6.00
A4200130,P003,926,0245,17.00
A4200130,P003,936,0245,11.90
A4000283,P001,911,0248,2.70
A4000283,P002,911,0248,0.00
A4000283,P003,911,0248,2.50
A4000283,P004,911,0248,2.40
A4200130,P001,911,0248,0.80
A4200130,P002,911,0248,0.50
A4200130,P003,911,0248,1.30
A4000283,P001,911,0254,2.80
A4000283,P002,911,0254,0.00
A4000283,P003,911,0254,3.60
A4000283,P004,911,0254,2.30
A4200130,P001,911,0254,0.80
A4200130,P002,911,0254,0.50
A4200130,P003,911,0254,1.30
A4000283,P001,911,0300,2.80
A4000283,P002,911,0300,0.00
A4000283,P003,911,0300,2.60
A4000283,P004,911,0300,2.40
A4200130,P001,911,0300,0.80
A4200130,P002,911,0300,0.50
A4200130,P003,911,0300,1.30
A4000283,P001,922,0300,2.00
A4000283,P001,923,0300,73.00
A4000283,P001,924,0300,10.00
A4000283,P001,926,0300,1.00
A4000283,P001,936,0300,10.40
A4000283,P002,922,0300,0.00
A4000283,P002,923,0300,0.00
A4000283,P002,924,0300,0.00
A4000283,P002,926,0300,0.00
A4000283,P002,936,0300,0.00
A4000283,P003,922,0300,0.00
A4000283,P003,923,0300,81.00
A4000283,P003,924,0300,10.00
A4000283,P003,926,0300,5.00
A4000283,P003,936,0300,11.30
A4000283,P004,922,0300,5.00
A4000283,P004,923,0300,69.00
A4000283,P004,924,0300,17.00
A4000283,P004,926,0300,4.00
A4000283,P004,936,0300,11.40
A4200130,P001,922,0300,6.00
A4200130,P001,923,0300,94.00
A4200130,P001,924,0300,16.00
A4200130,P001,926,0300,20.00
A4200130,P001,936,0300,11.00
A4200130,P002,922,0300,8.00
A4200130,P002,923,0300,94.00
A4200130,P002,924,0300,6.00
A4200130,P002,926,0300,22.00
A4200130,P002,936,0300,11.80
A4200130,P003,922,0300,8.00
A4200130,P003,923,0300,93.00
A4200130,P003,924,0300,7.00
A4200130,P003,926,0300,19.00
A4200130,P003,936,0300,12.40
A4200130,P001,911,0306,0.80
A4200130,P002,911,0306,0.50
A4200130,P003,911,0306,1.30
A4000283,P001,911,0306,2.80
A4000283,P002,911,0306,0.00
A4000283,P003,911,0306,2.50
A4000283,P004,911,0306,2.90
A4000283,P001,911,0312,2.80
A4000283,P002,911,0312,0.00
A4000283,P003,911,0312,2.70
A4000283,P004,911,0312,2.50
A4200130,P001,911,0312,0.80
A4200130,P002,911,0312,0.50
A4200130,P003,911,0312,1.30
A4000283,P001,922,0315,2.00
A4000283,P001,923,0315,67.00
A4000283,P001,924,0315,8.00
A4000283,P001,926,0315,1.00
A4000283,P001,936,0315,10.90
A4000283,P002,922,0315,0.00
A4000283,P002,923,0315,0.00
A4000283,P002,924,0315,0.00
A4000283,P002,926,0315,0.00
A4000283,P002,936,0315,0.00
A4000283,P003,922,0315,0.00
A4000283,P003,923,0315,86.00
A4000283,P003,924,0315,10.00
A4000283,P003,926,0315,5.00
A4000283,P003,936,0315,11.10
A4000283,P004,922,0315,5.00
A4000283,P004,923,0315,82.00
A4000283,P004,924,0315,6.00
A4000283,P004,926,0315,5.00
A4000283,P004,936,0315,11.90
A4200130,P001,922,0315,6.00
A4200130,P001,923,0315,94.00
A4200130,P001,924,0315,12.00
A4200130,P001,926,0315,21.00
A4200130,P001,936,0315,11.20
A4200130,P002,922,0315,9.00
A4200130,P002,923,0315,100.00
A4200130,P002,924,0315,7.00
A4200130,P002,926,0315,25.00
A4200130,P002,936,0315,12.20
A4200130,P003,922,0315,10.00
A4200130,P003,923,0315,97.00
A4200130,P003,924,0315,11.00
A4200130,P003,926,0315,29.00
A4200130,P003,936,0315,12.40
A4000283,P001,911,0318,2.90
A4000283,P002,911,0318,0.00
A4000283,P003,911,0318,3.10
A4000283,P004,911,0318,2.30
A4200130,P001,911,0318,0.80
A4200130,P002,911,0318,0.50
A4200130,P003,911,0318,1.30
A4000283,P001,911,0324,3.00
A4000283,P002,911,0324,0.00
A4000283,P003,911,0324,2.80
A4000283,P004,911,0324,2.40
A4200130,P001,911,0324,0.80
A4200130,P002,911,0324,0.60
A4200130,P003,911,0324,1.30
A4000283,P001,911,0330,2.90
A4000283,P002,911,0330,0.00
A4000283,P003,911,0330,2.60
A4000283,P004,911,0330,2.60
A4200130,P001,911,0330,0.80
A4200130,P002,911,0330,0.50
A4200130,P003,911,0330,1.30
A4000283,P001,922,0330,2.00
A4000283,P001,923,0330,69.00
A4000283,P001,924,0330,28.00
A4000283,P001,926,0330,1.00
A4000283,P001,936,0330,10.80
A4000283,P002,922,0330,0.00
A4000283,P002,923,0330,0.00
A4000283,P002,924,0330,0.00
A4000283,P002,926,0330,0.00
A4000283,P002,936,0330,0.00
A4000283,P003,922,0330,0.00
A4000283,P003,923,0330,81.00
A4000283,P003,924,0330,10.00
A4000283,P003,926,0330,5.00
A4000283,P003,936,0330,11.20
A4000283,P004,922,0330,4.00
A4000283,P004,923,0330,89.00
A4000283,P004,924,0330,5.00
A4000283,P004,926,0330,4.00
A4000283,P004,936,0330,11.30
A4200130,P001,922,0330,6.00
A4200130,P001,923,0330,93.00
A4200130,P001,924,0330,12.00
A4200130,P001,926,0330,20.00
A4200130,P001,936,0330,10.80
A4200130,P002,922,0330,7.00
A4200130,P002,923,0330,96.00
A4200130,P002,924,0330,7.00
A4200130,P002,926,0330,17.00
A4200130,P002,936,0330,12.30
A4200130,P003,922,0330,7.00
A4200130,P003,923,0330,100.00
A4200130,P003,924,0330,13.00
A4200130,P003,926,0330,19.00
A4200130,P003,936,0330,12.90
A4200130,P001,911,0336,0.80
A4200130,P002,911,0336,0.60
A4200130,P003,911,0336,1.30
A4000283,P001,911,0336,2.80
A4000283,P002,911,0336,0.00
A4000283,P003,911,0336,2.70
A4000283,P004,911,0336,2.90
A4000283,P001,911,0342,3.00
A4000283,P002,911,0342,0.00
A4000283,P003,911,0342,2.60
A4000283,P004,911,0342,2.60
A4200130,P001,911,0342,0.80
A4200130,P002,911,0342,0.60
A4200130,P003,911,0342,1.20
A4000283,P001,922,0345,2.00
A4000283,P001,923,0345,77.00
A4000283,P001,924,0345,10.00
A4000283,P001,926,0345,1.00
A4000283,P001,936,0345,11.30
A4000283,P002,922,0345,0.00
A4000283,P002,923,0345,0.00
A4000283,P002,924,0345,0.00
A4000283,P002,926,0345,0.00
A4000283,P002,936,0345,0.00
A4000283,P003,922,0345,0.00
A4000283,P003,923,0345,81.00
A4000283,P003,924,0345,9.00
A4000283,P003,926,0345,4.00
A4000283,P003,936,0345,10.80
A4000283,P004,922,0345,4.00
A4000283,P004,923,0345,82.00
A4000283,P004,924,0345,5.00
A4000283,P004,926,0345,4.00
A4000283,P004,936,0345,11.20
A4200130,P001,922,0345,6.00
A4200130,P001,923,0345,87.00
A4200130,P001,924,0345,20.00
A4200130,P001,926,0345,20.00
A4200130,P001,936,0345,10.60
A4200130,P002,922,0345,6.00
A4200130,P002,923,0345,92.00
A4200130,P002,924,0345,7.00
A4200130,P002,926,0345,16.00
A4200130,P002,936,0345,12.30
A4200130,P003,922,0345,8.00
A4200130,P003,923,0345,94.00
A4200130,P003,924,0345,9.00
A4200130,P003,926,0345,21.00
A4200130,P003,936,0345,12.30
A4000283,P001,911,0348,2.80
A4000283,P002,911,0348,0.00
A4000283,P003,911,0348,3.80
A4000283,P004,911,0348,2.60
A4200130,P001,911,0348,0.80
A4200130,P002,911,0348,0.60
A4200130,P003,911,0348,1.30
A4000283,P001,911,0354,2.80
A4000283,P002,911,0354,0.00
A4000283,P003,911,0354,2.80
A4000283,P004,911,0354,2.50
A4200130,P001,911,0354,0.80
A4200130,P002,911,0354,0.60
A4200130,P003,911,0354,1.20
A4000283,P001,911,0400,2.90
A4000283,P002,911,0400,0.00
A4000283,P003,911,0400,2.50
A4000283,P004,911,0400,3.00
A4200130,P001,911,0400,0.80
A4200130,P002,911,0400,0.50
A4200130,P003,911,0400,1.20
A4000283,P001,922,0400,2.00
A4000283,P001,923,0400,79.00
A4000283,P001,924,0400,9.00
A4000283,P001,926,0400,1.00
A4000283,P001,936,0400,11.20
A4000283,P002,922,0400,0.00
A4000283,P002,923,0400,0.00
A4000283,P002,924,0400,0.00
A4000283,P002,926,0400,0.00
A4000283,P002,936,0400,0.00
A4000283,P003,922,0400,0.00
A4000283,P003,923,0400,79.00
A4000283,P003,924,0400,14.00
A4000283,P003,926,0400,5.00
A4000283,P003,936,0400,11.70
A4000283,P004,922,0400,4.00
A4000283,P004,923,0400,89.00
A4000283,P004,924,0400,4.00
A4000283,P004,926,0400,4.00
A4000283,P004,936,0400,11.40
A4200130,P001,922,0400,6.00
A4200130,P001,923,0400,87.00
A4200130,P001,924,0400,16.00
A4200130,P001,926,0400,20.00
A4200130,P001,936,0400,10.10
A4200130,P002,922,0400,7.00
A4200130,P002,923,0400,89.00
A4200130,P002,924,0400,7.00
A4200130,P002,926,0400,20.00
A4200130,P002,936,0400,11.50
A4200130,P003,922,0400,8.00
A4200130,P003,923,0400,91.00
A4200130,P003,924,0400,8.00
A4200130,P003,926,0400,19.00
A4200130,P003,936,0400,12.20
A4200130,P001,911,0406,0.80
A4200130,P002,911,0406,0.50
A4200130,P003,911,0406,1.20
A4000283,P001,911,0406,3.00
A4000283,P002,911,0406,0.00
A4000283,P003,911,0406,2.60
A4000283,P004,911,0406,2.50
A4000283,P001,911,0412,2.90
A4000283,P002,911,0412,0.00
A4000283,P003,911,0412,2.60
A4000283,P004,911,0412,2.40
A4200130,P001,911,0412,0.80
A4200130,P002,911,0412,0.50
A4200130,P003,911,0412,1.30
A4000283,P001,922,0415,2.00
A4000283,P001,923,0415,75.00
A4000283,P001,924,0415,39.00
A4000283,P001,926,0415,1.00
A4000283,P001,936,0415,11.20
A4000283,P002,922,0415,0.00
A4000283,P002,923,0415,0.00
A4000283,P002,924,0415,0.00
A4000283,P002,926,0415,0.00
A4000283,P002,936,0415,0.00
A4000283,P003,922,0415,0.00
A4000283,P003,923,0415,83.00
A4000283,P003,924,0415,6.00
A4000283,P003,926,0415,4.00
A4000283,P003,936,0415,11.00
A4000283,P004,922,0415,4.00
A4000283,P004,923,0415,89.00
A4000283,P004,924,0415,3.00
A4000283,P004,926,0415,4.00
A4000283,P004,936,0415,11.10
A4200130,P001,922,0415,7.00
A4200130,P001,923,0415,87.00
A4200130,P001,924,0415,23.00
A4200130,P001,926,0415,20.00
A4200130,P001,936,0415,10.40
A4200130,P002,922,0415,8.00
A4200130,P002,923,0415,91.00
A4200130,P002,924,0415,6.00
A4200130,P002,926,0415,23.00
A4200130,P002,936,0415,11.50
A4200130,P003,922,0415,8.00
A4200130,P003,923,0415,90.00
A4200130,P003,924,0415,7.00
A4200130,P003,926,0415,18.00
A4200130,P003,936,0415,11.90
A4000283,P001,911,0418,2.80
A4000283,P002,911,0418,0.00
A4000283,P003,911,0418,3.60
A4000283,P004,911,0418,2.60
A4200130,P001,911,0418,0.80
A4200130,P002,911,0418,0.50
A4200130,P003,911,0418,1.20
A4000283,P001,911,0424,2.90
A4000283,P002,911,0424,0.00
A4000283,P003,911,0424,2.80
A4000283,P004,911,0424,2.70
A4200130,P001,911,0424,0.80
A4200130,P002,911,0424,0.50
A4200130,P003,911,0424,1.20
A4200130,P001,911,0430,0.80
A4200130,P002,911,0430,0.50
A4200130,P003,911,0430,1.30
A4000283,P001,911,0430,3.10
A4000283,P002,911,0430,0.00
A4000283,P003,911,0430,2.80
A4000283,P004,911,0430,2.60
A4000283,P001,922,0430,2.00
A4000283,P001,923,0430,91.00
A4000283,P001,924,0430,7.00
A4000283,P001,926,0430,1.00
A4000283,P001,936,0430,11.30
A4000283,P002,922,0430,0.00
A4000283,P002,923,0430,0.00
A4000283,P002,924,0430,0.00
A4000283,P002,926,0430,0.00
A4000283,P002,936,0430,0.00
A4000283,P003,922,0430,0.00
A4000283,P003,923,0430,78.00
A4000283,P003,924,0430,17.00
A4000283,P003,926,0430,5.00
A4000283,P003,936,0430,10.70
A4000283,P004,922,0430,5.00
A4000283,P004,923,0430,81.00
A4000283,P004,924,0430,3.00
A4000283,P004,926,0430,5.00
A4000283,P004,936,0430,12.60
A4200130,P001,922,0430,7.00
A4200130,P001,923,0430,96.00
A4200130,P001,924,0430,11.00
A4200130,P001,926,0430,21.00
A4200130,P001,936,0430,11.40
A4200130,P002,922,0430,8.00
A4200130,P002,923,0430,95.00
A4200130,P002,924,0430,7.00
A4200130,P002,926,0430,20.00
A4200130,P002,936,0430,12.20
A4200130,P003,922,0430,8.00
A4200130,P003,923,0430,100.00
A4200130,P003,924,0430,7.00
A4200130,P003,926,0430,21.00
A4200130,P003,936,0430,12.80
A4200130,P001,911,0436,0.80
A4200130,P002,911,0436,0.50
A4200130,P003,911,0436,1.20
A4000283,P001,911,0436,3.10
A4000283,P002,911,0436,0.00
A4000283,P003,911,0436,2.70
A4000283,P004,911,0436,2.70
A4000283,P001,911,0442,3.00
A4000283,P002,911,0442,0.00
A4000283,P003,911,0442,2.70
A4000283,P004,911,0442,2.70
A4200130,P001,911,0442,0.80
A4200130,P002,911,0442,0.60
A4200130,P003,911,0442,1.30
A4000283,P001,922,0445,2.00
A4000283,P001,923,0445,89.00
A4000283,P001,924,0445,6.00
A4000283,P001,926,0445,1.00
A4000283,P001,936,0445,11.50
A4000283,P002,922,0445,0.00
A4000283,P002,923,0445,0.00
A4000283,P002,924,0445,0.00
A4000283,P002,926,0445,0.00
A4000283,P002,936,0445,0.00
A4000283,P003,922,0445,0.00
A4000283,P003,923,0445,83.00
A4000283,P003,924,0445,26.00
A4000283,P003,926,0445,5.00
A4000283,P003,936,0445,10.80
A4000283,P004,922,0445,5.00
A4000283,P004,923,0445,84.00
A4000283,P004,924,0445,5.00
A4000283,P004,926,0445,5.00
A4000283,P004,936,0445,12.20
A4200130,P001,922,0445,6.00
A4200130,P001,923,0445,98.00
A4200130,P001,924,0445,12.00
A4200130,P001,926,0445,21.00
A4200130,P001,936,0445,11.80
A4200130,P002,922,0445,8.00
A4200130,P002,923,0445,98.00
A4200130,P002,924,0445,6.00
A4200130,P002,926,0445,20.00
A4200130,P002,936,0445,12.20
A4200130,P003,922,0445,7.00
A4200130,P003,923,0445,90.00
A4200130,P003,924,0445,7.00
A4200130,P003,926,0445,16.00
A4200130,P003,936,0445,12.20
A4000283,P001,911,0448,3.20
A4000283,P002,911,0448,0.00
A4000283,P003,911,0448,3.00
A4000283,P004,911,0448,2.60
A4200130,P001,911,0448,0.80
A4200130,P002,911,0448,0.60
A4200130,P003,911,0448,1.30
A4000283,P001,911,0454,3.10
A4000283,P002,911,0454,0.00
A4000283,P003,911,0454,2.90
A4000283,P004,911,0454,2.90
A4200130,P001,911,0454,0.80
A4200130,P002,911,0454,0.50
A4200130,P003,911,0454,1.20
A4000283,P001,911,0500,2.90
A4000283,P002,911,0500,0.00
A4000283,P003,911,0500,2.60
A4000283,P004,911,0500,2.50
A4200130,P001,911,0500,0.80
A4200130,P002,911,0500,0.60
A4200130,P003,911,0500,1.30
A4000283,P001,922,0500,2.00
A4000283,P001,923,0500,92.00
A4000283,P001,924,0500,6.00
A4000283,P001,926,0500,1.00
A4000283,P001,936,0500,11.40
A4000283,P002,922,0500,0.00
A4000283,P002,923,0500,0.00
A4000283,P002,924,0500,0.00
A4000283,P002,926,0500,0.00
A4000283,P002,936,0500,0.00
A4000283,P003,922,0500,0.00
A4000283,P003,923,0500,81.00
A4000283,P003,924,0500,15.00
A4000283,P003,926,0500,5.00
A4000283,P003,936,0500,11.60
A4000283,P004,922,0500,4.00
A4000283,P004,923,0500,84.00
A4000283,P004,924,0500,4.00
A4000283,P004,926,0500,4.00
A4000283,P004,936,0500,10.80
A4200130,P001,922,0500,5.00
A4200130,P001,923,0500,87.00
A4200130,P001,924,0500,15.00
A4200130,P001,926,0500,19.00
A4200130,P001,936,0500,10.80
A4200130,P002,922,0500,7.00
A4200130,P002,923,0500,93.00
A4200130,P002,924,0500,8.00
A4200130,P002,926,0500,20.00
A4200130,P002,936,0500,12.40
A4200130,P003,922,0500,8.00
A4200130,P003,923,0500,95.00
A4200130,P003,924,0500,7.00
A4200130,P003,926,0500,18.00
A4200130,P003,936,0500,12.30
A4200130,P001,911,0506,0.80
A4200130,P002,911,0506,0.50
A4200130,P003,911,0506,1.30
A4000283,P001,911,0506,2.90
A4000283,P002,911,0506,0.00
A4000283,P003,911,0506,2.70
A4000283,P004,911,0506,2.50
A4000283,P001,911,0512,3.20
A4000283,P002,911,0512,0.00
A4000283,P003,911,0512,4.10
A4000283,P004,911,0512,2.50
A4200130,P001,911,0512,0.80
A4200130,P002,911,0512,0.60
A4200130,P003,911,0512,1.20
A4000283,P001,922,0515,2.00
A4000283,P001,923,0515,89.00
A4000283,P001,924,0515,6.00
A4000283,P001,926,0515,1.00
A4000283,P001,936,0515,11.50
A4000283,P002,922,0515,0.00
A4000283,P002,923,0515,0.00
A4000283,P002,924,0515,0.00
A4000283,P002,926,0515,0.00
A4000283,P002,936,0515,0.00
A4000283,P003,922,0515,0.00
A4000283,P003,923,0515,86.00
A4000283,P003,924,0515,19.00
A4000283,P003,926,0515,5.00
A4000283,P003,936,0515,11.70
A4000283,P004,922,0515,5.00
A4000283,P004,923,0515,85.00
A4000283,P004,924,0515,4.00
A4000283,P004,926,0515,4.00
A4000283,P004,936,0515,11.50
A4200130,P001,922,0515,6.00
A4200130,P001,923,0515,89.00
A4200130,P001,924,0515,13.00
A4200130,P001,926,0515,19.00
A4200130,P001,936,0515,10.40
A4200130,P002,922,0515,6.00
A4200130,P002,923,0515,86.00
A4200130,P002,924,0515,8.00
A4200130,P002,926,0515,15.00
A4200130,P002,936,0515,12.10
A4200130,P003,922,0515,7.00
A4200130,P003,923,0515,90.00
A4200130,P003,924,0515,7.00
A4200130,P003,926,0515,17.00
A4200130,P003,936,0515,12.00
A4400916,P001,922,0515,0.00
A4400916,P001,923,0515,0.00
A4400916,P001,924,0515,0.00
A4400916,P001,926,0515,0.00
A4400916,P001,936,0515,0.00
A4400916,P002,922,0515,0.00
A4400916,P002,923,0515,0.00
A4400916,P002,924,0515,0.00
A4400916,P002,926,0515,0.00
A4400916,P002,936,0515,0.00
A4400916,P003,922,0515,0.00
A4400916,P003,923,0515,0.00
A4400916,P003,924,0515,0.00
A4400916,P003,926,0515,0.00
A4400916,P003,936,0515,0.00
A4400916,P004,922,0515,0.00
A4400916,P004,923,0515,0.00
A4400916,P004,924,0515,0.00
A4400916,P004,926,0515,0.00
A4400916,P004,936,0515,0.00
A4000283,P001,911,0518,3.10
A4000283,P002,911,0518,0.00
A4000283,P003,911,0518,2.80
A4000283,P004,911,0518,3.00
A4200130,P001,911,0518,0.80
A4200130,P002,911,0518,0.60
A4200130,P003,911,0518,1.30
A4000283,P001,911,0524,2.80
A4000283,P002,911,0524,0.00
A4000283,P003,911,0524,2.60
A4000283,P004,911,0524,2.50
A4200130,P001,911,0524,0.80
A4200130,P002,911,0524,0.50
A4200130,P003,911,0524,1.20
A4400916,P001,911,0524,0.00
A4400916,P002,911,0524,0.00
A4400916,P003,911,0524,0.00
A4400916,P004,911,0524,0.00
A4000283,P001,911,0530,3.00
A4000283,P002,911,0530,0.00
A4000283,P003,911,0530,2.70
A4000283,P004,911,0530,2.60
A4200130,P001,911,0530,0.80
A4200130,P002,911,0530,0.50
A4200130,P003,911,0530,1.20
A4000283,P001,922,0530,1.00
A4000283,P001,923,0530,83.00
A4000283,P001,924,0530,6.00
A4000283,P001,926,0530,1.00
A4000283,P001,936,0530,11.00
A4000283,P002,922,0530,0.00
A4000283,P002,923,0530,0.00
A4000283,P002,924,0530,0.00
A4000283,P002,926,0530,0.00
A4000283,P002,936,0530,0.00
A4000283,P003,922,0530,1.00
A4000283,P003,923,0530,86.00
A4000283,P003,924,0530,13.00
A4000283,P003,926,0530,5.00
A4000283,P003,936,0530,11.00
A4000283,P004,922,0530,5.00
A4000283,P004,923,0530,85.00
A4000283,P004,924,0530,4.00
A4000283,P004,926,0530,5.00
A4000283,P004,936,0530,12.40
A4200130,P001,922,0530,7.00
A4200130,P001,923,0530,94.00
A4200130,P001,924,0530,10.00
A4200130,P001,926,0530,20.00
A4200130,P001,936,0530,10.80
A4200130,P002,922,0530,8.00
A4200130,P002,923,0530,93.00
A4200130,P002,924,0530,6.00
A4200130,P002,926,0530,22.00
A4200130,P002,936,0530,11.30
A4200130,P003,922,0530,7.00
A4200130,P003,923,0530,95.00
A4200130,P003,924,0530,7.00
A4200130,P003,926,0530,19.00
A4200130,P003,936,0530,12.40
A4200130,P001,911,0536,0.80
A4200130,P002,911,0536,0.50
A4200130,P003,911,0536,1.20
A4000283,P001,911,0536,3.10
A4000283,P002,911,0536,0.00
A4000283,P003,911,0536,2.60
A4000283,P004,911,0536,2.70
A4000283,P001,911,0542,2.90
A4000283,P002,911,0542,0.00
A4000283,P003,911,0542,3.10
A4000283,P004,911,0542,2.90
A4200130,P001,911,0542,0.80
A4200130,P002,911,0542,0.50
A4200130,P003,911,0542,1.30
A4000283,P001,922,0545,2.00
A4000283,P001,923,0545,80.00
A4000283,P001,924,0545,6.00
A4000283,P001,926,0545,1.00
A4000283,P001,936,0545,11.90
A4000283,P002,922,0545,0.00
A4000283,P002,923,0545,0.00
A4000283,P002,924,0545,0.00
A4000283,P002,926,0545,0.00
A4000283,P002,936,0545,0.00
A4000283,P003,922,0545,0.00
A4000283,P003,923,0545,88.00
A4000283,P003,924,0545,9.00
A4000283,P003,926,0545,5.00
A4000283,P003,936,0545,11.40
A4000283,P004,922,0545,5.00
A4000283,P004,923,0545,85.00
A4000283,P004,924,0545,6.00
A4000283,P004,926,0545,5.00
A4000283,P004,936,0545,11.40
A4200130,P001,922,0545,6.00
A4200130,P001,923,0545,96.00
A4200130,P001,924,0545,10.00
A4200130,P001,926,0545,20.00
A4200130,P001,936,0545,11.40
A4200130,P002,922,0545,7.00
A4200130,P002,923,0545,97.00
A4200130,P002,924,0545,7.00
A4200130,P002,926,0545,20.00
A4200130,P002,936,0545,12.50
A4200130,P003,922,0545,7.00
A4200130,P003,923,0545,96.00
A4200130,P003,924,0545,7.00
A4200130,P003,926,0545,18.00
A4200130,P003,936,0545,12.10
A4000283,P001,911,0548,3.00
A4000283,P002,911,0548,0.00
A4000283,P003,911,0548,2.50
A4000283,P004,911,0548,3.20
A4200130,P001,911,0548,0.80
A4200130,P002,911,0548,0.50
A4200130,P003,911,0548,1.20
A4000283,P001,911,0554,2.90
A4000283,P002,911,0554,0.00
A4000283,P003,911,0554,2.60
A4000283,P004,911,0554,2.70
A4200130,P001,911,0554,0.80
A4200130,P002,911,0554,0.50
A4200130,P003,911,0554,1.20
A4000283,P001,911,0600,3.00
A4000283,P002,911,0600,0.00
A4000283,P003,911,0600,2.90
A4000283,P004,911,0600,2.60
A4200130,P001,911,0600,0.80
A4200130,P002,911,0600,0.50
A4200130,P003,911,0600,1.20
A4000283,P001,922,0600,1.00
A4000283,P001,923,0600,78.00
A4000283,P001,924,0600,7.00
A4000283,P001,926,0600,1.00
A4000283,P001,936,0600,11.00
A4000283,P002,922,0600,0.00
A4000283,P002,923,0600,0.00
A4000283,P002,924,0600,0.00
A4000283,P002,926,0600,0.00
A4000283,P002,936,0600,0.00
A4000283,P003,922,0600,1.00
A4000283,P003,923,0600,89.00
A4000283,P003,924,0600,6.00
A4000283,P003,926,0600,5.00
A4000283,P003,936,0600,10.90
A4000283,P004,922,0600,5.00
A4000283,P004,923,0600,88.00
A4000283,P004,924,0600,4.00
A4000283,P004,926,0600,5.00
A4000283,P004,936,0600,11.50
A4200130,P001,922,0600,5.00
A4200130,P001,923,0600,88.00
A4200130,P001,924,0600,12.00
A4200130,P001,926,0600,19.00
A4200130,P001,936,0600,11.10
A4200130,P002,922,0600,7.00
A4200130,P002,923,0600,96.00
A4200130,P002,924,0600,7.00
A4200130,P002,926,0600,20.00
A4200130,P002,936,0600,12.70
A4200130,P003,922,0600,8.00
A4200130,P003,923,0600,94.00
A4200130,P003,924,0600,7.00
A4200130,P003,926,0600,19.00
A4200130,P003,936,0600,11.80
A4000283,P001,911,0606,3.00
A4000283,P002,911,0606,0.00
A4000283,P003,911,0606,3.30
A4000283,P004,911,0606,2.70
A4200130,P001,911,0606,0.80
A4200130,P002,911,0606,0.50
A4200130,P003,911,0606,1.20
A4000283,P001,911,0612,2.90
A4000283,P002,911,0612,0.00
A4000283,P003,911,0612,3.70
A4000283,P004,911,0612,3.40
A4200130,P001,911,0612,0.80
A4200130,P002,911,0612,0.50
A4200130,P003,911,0612,1.30
A4000283,P001,922,0615,2.00
A4000283,P001,923,0615,75.00
A4000283,P001,924,0615,6.00
A4000283,P001,926,0615,1.00
A4000283,P001,936,0615,11.20
A4000283,P002,922,0615,0.00
A4000283,P002,923,0615,0.00
A4000283,P002,924,0615,0.00
A4000283,P002,926,0615,0.00
A4000283,P002,936,0615,0.00
A4000283,P003,922,0615,1.00
A4000283,P003,923,0615,89.00
A4000283,P003,924,0615,4.00
A4000283,P003,926,0615,5.00
A4000283,P003,936,0615,11.00
A4000283,P004,922,0615,4.00
A4000283,P004,923,0615,77.00
A4000283,P004,924,0615,8.00
A4000283,P004,926,0615,4.00
A4000283,P004,936,0615,10.90
A4200130,P001,922,0615,5.00
A4200130,P001,923,0615,91.00
A4200130,P001,924,0615,13.00
A4200130,P001,926,0615,19.00
A4200130,P001,936,0615,11.60
A4200130,P002,922,0615,7.00
A4200130,P002,923,0615,100.00
A4200130,P002,924,0615,7.00
A4200130,P002,926,0615,20.00
A4200130,P002,936,0615,13.00
A4200130,P003,922,0615,8.00
A4200130,P003,923,0615,95.00
A4200130,P003,924,0615,7.00
A4200130,P003,926,0615,19.00
A4200130,P003,936,0615,12.20
A4000283,P001,911,0618,3.00
A4000283,P002,911,0618,0.00
A4000283,P003,911,0618,2.40
A4000283,P004,911,0618,2.70
A4200130,P001,911,0618,0.80
A4200130,P002,911,0618,0.50
A4200130,P003,911,0618,1.20
A4000283,P001,911,0624,3.10
A4000283,P002,911,0624,0.00
A4000283,P003,911,0624,2.70
A4000283,P004,911,0624,2.60
A4200130,P001,911,0624,0.80
A4200130,P002,911,0624,0.50
A4200130,P003,911,0624,1.20
A4200130,P001,911,0630,0.80
A4200130,P002,911,0630,0.50
A4200130,P003,911,0630,1.20
A4000283,P001,911,0630,3.00
A4000283,P002,911,0630,0.00
A4000283,P003,911,0630,2.70
A4000283,P004,911,0630,2.90
A4000283,P001,922,0630,1.00
A4000283,P001,923,0630,80.00
A4000283,P001,924,0630,6.00
A4000283,P001,926,0630,1.00
A4000283,P001,936,0630,11.70
A4000283,P002,922,0630,0.00
A4000283,P002,923,0630,0.00
A4000283,P002,924,0630,0.00
A4000283,P002,926,0630,0.00
A4000283,P002,936,0630,0.00
A4000283,P003,922,0630,0.00
A4000283,P003,923,0630,91.00
A4000283,P003,924,0630,4.00
A4000283,P003,926,0630,5.00
A4000283,P003,936,0630,10.90
A4000283,P004,922,0630,5.00
A4000283,P004,923,0630,75.00
A4000283,P004,924,0630,5.00
A4000283,P004,926,0630,5.00
A4000283,P004,936,0630,12.10
A4200130,P001,922,0630,5.00
A4200130,P001,923,0630,97.00
A4200130,P001,924,0630,14.00
A4200130,P001,926,0630,19.00
A4200130,P001,936,0630,10.60
A4200130,P002,922,0630,7.00
A4200130,P002,923,0630,100.00
A4200130,P002,924,0630,8.00
A4200130,P002,926,0630,20.00
A4200130,P002,936,0630,12.90
A4200130,P003,922,0630,8.00
A4200130,P003,923,0630,93.00
A4200130,P003,924,0630,7.00
A4200130,P003,926,0630,20.00
A4200130,P003,936,0630,11.50
A4200130,P001,911,0636,0.80
A4200130,P002,911,0636,0.50
A4200130,P003,911,0636,1.20
A4000283,P001,911,0636,3.00
A4000283,P002,911,0636,0.00
A4000283,P003,911,0636,3.20
A4000283,P004,911,0636,3.70
A4200130,P001,911,0642,0.80
A4200130,P002,911,0642,0.50
A4200130,P003,911,0642,1.20
A4000283,P001,911,0642,2.80
A4000283,P002,911,0642,0.00
A4000283,P003,911,0642,2.80
A4000283,P004,911,0642,2.80
A4000283,P001,922,0645,2.00
A4000283,P001,923,0645,78.00
A4000283,P001,924,0645,7.00
A4000283,P001,926,0645,1.00
A4000283,P001,936,0645,11.70
A4000283,P002,922,0645,0.00
A4000283,P002,923,0645,0.00
A4000283,P002,924,0645,0.00
A4000283,P002,926,0645,0.00
A4000283,P002,936,0645,0.00
A4000283,P003,922,0645,1.00
A4000283,P003,923,0645,93.00
A4000283,P003,924,0645,5.00
A4000283,P003,926,0645,5.00
A4000283,P003,936,0645,10.70
A4000283,P004,922,0645,5.00
A4000283,P004,923,0645,83.00
A4000283,P004,924,0645,4.00
A4000283,P004,926,0645,5.00
A4000283,P004,936,0645,12.70
A4200130,P001,922,0645,6.00
A4200130,P001,923,0645,93.00
A4200130,P001,924,0645,10.00
A4200130,P001,926,0645,20.00
A4200130,P001,936,0645,10.70
A4200130,P002,922,0645,7.00
A4200130,P002,923,0645,100.00
A4200130,P002,924,0645,7.00
A4200130,P002,926,0645,21.00
A4200130,P002,936,0645,12.50
A4200130,P003,922,0645,9.00
A4200130,P003,923,0645,96.00
A4200130,P003,924,0645,6.00
A4200130,P003,926,0645,21.00
A4200130,P003,936,0645,11.40
A4000283,P001,911,0648,2.90
A4000283,P002,911,0648,0.00
A4000283,P003,911,0648,2.90
A4000283,P004,911,0648,2.50
A4200130,P001,911,0648,0.80
A4200130,P002,911,0648,0.60
A4200130,P003,911,0648,1.20
A4000283,P001,911,0654,2.90
A4000283,P002,911,0654,0.00
A4000283,P003,911,0654,2.60
A4000283,P004,911,0654,2.60
A4200130,P001,911,0654,0.80
A4200130,P002,911,0654,0.50
A4200130,P003,911,0654,1.20
A4200130,P001,911,0700,3.70
A4200130,P002,911,0700,3.80
A4200130,P003,911,0700,3.70
A4000283,P001,922,0700,2.00
A4000283,P001,923,0700,77.00
A4000283,P001,924,0700,6.00
A4000283,P001,926,0700,1.00
A4000283,P001,936,0700,11.70
A4000283,P002,922,0700,0.00
A4000283,P002,923,0700,0.00
A4000283,P002,924,0700,0.00
A4000283,P002,926,0700,0.00
A4000283,P002,936,0700,0.00
A4000283,P003,922,0700,1.00
A4000283,P003,923,0700,85.00
A4000283,P003,924,0700,7.00
A4000283,P003,926,0700,5.00
A4000283,P003,936,0700,10.30
A4000283,P004,922,0700,5.00
A4000283,P004,923,0700,83.00
A4000283,P004,924,0700,5.00
A4000283,P004,926,0700,5.00
A4000283,P004,936,0700,11.80
A4200130,P001,922,0700,8.00
A4200130,P001,923,0700,98.00
A4200130,P001,924,0700,10.00
A4200130,P001,926,0700,22.00
A4200130,P001,936,0700,11.50
A4200130,P002,922,0700,6.00
A4200130,P002,923,0700,88.00
A4200130,P002,924,0700,7.00
A4200130,P002,926,0700,16.00
A4200130,P002,936,0700,11.80
A4200130,P003,922,0700,9.00
A4200130,P003,923,0700,92.00
A4200130,P003,924,0700,6.00
A4200130,P003,926,0700,23.00
A4200130,P003,936,0700,11.30
A4000283,P001,911,0706,2.80
A4000283,P002,911,0706,0.00
A4000283,P003,911,0706,3.50
A4000283,P004,911,0706,3.50
A4200130,P001,911,0706,0.90
A4200130,P002,911,0706,0.50
A4200130,P003,911,0706,1.20
A4200130,P001,911,0712,0.90
A4200130,P002,911,0712,0.50
A4200130,P003,911,0712,1.20
A4000283,P001,911,0712,2.90
A4000283,P002,911,0712,0.00
A4000283,P003,911,0712,3.00
A4000283,P004,911,0712,2.50
A4000283,P001,922,0715,2.00
A4000283,P001,923,0715,68.00
A4000283,P001,924,0715,7.00
A4000283,P001,926,0715,1.00
A4000283,P001,936,0715,11.00
A4000283,P002,922,0715,0.00
A4000283,P002,923,0715,0.00
A4000283,P002,924,0715,0.00
A4000283,P002,926,0715,0.00
A4000283,P002,936,0715,0.00
A4000283,P003,922,0715,2.00
A4000283,P003,923,0715,81.00
A4000283,P003,924,0715,6.00
A4000283,P003,926,0715,5.00
A4000283,P003,936,0715,10.70
A4000283,P004,922,0715,5.00
A4000283,P004,923,0715,91.00
A4000283,P004,924,0715,4.00
A4000283,P004,926,0715,5.00
A4000283,P004,936,0715,11.70
A4200130,P001,922,0715,6.00
A4200130,P001,923,0715,92.00
A4200130,P001,924,0715,11.00
A4200130,P001,926,0715,20.00
A4200130,P001,936,0715,11.00
A4200130,P002,922,0715,9.00
A4200130,P002,923,0715,88.00
A4200130,P002,924,0715,5.00
A4200130,P002,926,0715,21.00
A4200130,P002,936,0715,10.90
A4200130,P003,922,0715,8.00
A4200130,P003,923,0715,94.00
A4200130,P003,924,0715,7.00
A4200130,P003,926,0715,21.00
A4200130,P003,936,0715,12.00
A4000283,P001,911,0718,2.90
A4000283,P002,911,0718,0.00
A4000283,P003,911,0718,3.10
A4000283,P004,911,0718,2.40
A4200130,P001,911,0718,0.90
A4200130,P002,911,0718,0.50
A4200130,P003,911,0718,1.30
A4000283,P001,911,0724,2.80
A4000283,P002,911,0724,0.00
A4000283,P003,911,0724,3.60
A4000283,P004,911,0724,2.50
A4200130,P001,911,0724,0.90
A4200130,P002,911,0724,0.50
A4200130,P003,911,0724,1.20
A4000283,P001,911,0730,2.90
A4000283,P002,911,0730,0.00
A4000283,P003,911,0730,2.80
A4000283,P004,911,0730,3.00
A4200130,P001,911,0730,0.90
A4200130,P002,911,0730,0.50
A4200130,P003,911,0730,1.30
A4000283,P001,922,0730,2.00
A4000283,P001,923,0730,75.00
A4000283,P001,924,0730,6.00
A4000283,P001,926,0730,1.00
A4000283,P001,936,0730,12.00
A4000283,P002,922,0730,0.00
A4000283,P002,923,0730,0.00
A4000283,P002,924,0730,0.00
A4000283,P002,926,0730,0.00
A4000283,P002,936,0730,0.00
A4000283,P003,922,0730,1.00
A4000283,P003,923,0730,82.00
A4000283,P003,924,0730,6.00
A4000283,P003,926,0730,5.00
A4000283,P003,936,0730,11.50
A4000283,P004,922,0730,4.00
A4000283,P004,923,0730,83.00
A4000283,P004,924,0730,3.00
A4000283,P004,926,0730,5.00
A4000283,P004,936,0730,11.50
A4200130,P001,922,0730,6.00
A4200130,P001,923,0730,102.00
A4200130,P001,924,0730,11.00
A4200130,P001,926,0730,20.00
A4200130,P001,936,0730,11.70
A4200130,P002,922,0730,8.00
A4200130,P002,923,0730,96.00
A4200130,P002,924,0730,6.00
A4200130,P002,926,0730,21.00
A4200130,P002,936,0730,12.20
A4200130,P003,922,0730,8.00
A4200130,P003,923,0730,101.00
A4200130,P003,924,0730,7.00
A4200130,P003,926,0730,20.00
A4200130,P003,936,0730,13.00
A4200130,P001,911,0736,0.90
A4200130,P002,911,0736,0.60
A4200130,P003,911,0736,1.30
A4000283,P001,911,0736,3.00
A4000283,P002,911,0736,0.00
A4000283,P003,911,0736,3.40
A4000283,P004,911,0736,2.50
A4000283,P001,911,0742,2.90
A4000283,P002,911,0742,0.00
A4000283,P003,911,0742,2.70
A4000283,P004,911,0742,2.40
A4200130,P001,911,0742,0.90
A4200130,P002,911,0742,0.60
A4200130,P003,911,0742,1.20
A4000283,P001,922,0745,2.00
A4000283,P001,923,0745,75.00
A4000283,P001,924,0745,7.00
A4000283,P001,926,0745,1.00
A4000283,P001,936,0745,12.00
A4000283,P002,922,0745,0.00
A4000283,P002,923,0745,0.00
A4000283,P002,924,0745,0.00
A4000283,P002,926,0745,0.00
A4000283,P002,936,0745,0.00
A4000283,P003,922,0745,0.00
A4000283,P003,923,0745,83.00
A4000283,P003,924,0745,9.00
A4000283,P003,926,0745,4.00
A4000283,P003,936,0745,10.70
A4000283,P004,922,0745,4.00
A4000283,P004,923,0745,83.00
A4000283,P004,924,0745,3.00
A4000283,P004,926,0745,5.00
A4000283,P004,936,0745,11.60
A4200130,P001,922,0745,5.00
A4200130,P001,923,0745,74.00
A4200130,P001,924,0745,11.00
A4200130,P001,926,0745,17.00
A4200130,P001,936,0745,9.80
A4200130,P002,922,0745,8.00
A4200130,P002,923,0745,90.00
A4200130,P002,924,0745,6.00
A4200130,P002,926,0745,20.00
A4200130,P002,936,0745,12.00
A4200130,P003,922,0745,8.00
A4200130,P003,923,0745,93.00
A4200130,P003,924,0745,7.00
A4200130,P003,926,0745,22.00
A4200130,P003,936,0745,12.60
A4000283,P001,911,0748,2.80
A4000283,P002,911,0748,0.00
A4000283,P003,911,0748,2.80
A4000283,P004,911,0748,2.40
A4200130,P001,911,0748,0.90
A4200130,P002,911,0748,0.50
A4200130,P003,911,0748,1.20
A4000283,P001,911,0754,2.70
A4000283,P002,911,0754,0.00
A4000283,P003,911,0754,2.60
A4000283,P004,911,0754,2.80
A4200130,P001,911,0754,0.90
A4200130,P002,911,0754,0.60
A4200130,P003,911,0754,1.20
A4000283,P001,911,0800,3.00
A4000283,P002,911,0800,0.00
A4000283,P003,911,0800,3.00
A4000283,P004,911,0800,2.50
A4200130,P001,911,0800,0.90
A4200130,P002,911,0800,0.60
A4200130,P003,911,0800,1.20
A4000283,P001,922,0800,2.00
A4000283,P001,923,0800,74.00
A4000283,P001,924,0800,8.00
A4000283,P001,926,0800,1.00
A4000283,P001,936,0800,11.20
A4000283,P002,922,0800,0.00
A4000283,P002,923,0800,0.00
A4000283,P002,924,0800,0.00
A4000283,P002,926,0800,0.00
A4000283,P002,936,0800,0.00
A4000283,P003,922,0800,0.00
A4000283,P003,923,0800,73.00
A4000283,P003,924,0800,15.00
A4000283,P003,926,0800,4.00
A4000283,P003,936,0800,10.30
A4000283,P004,922,0800,4.00
A4000283,P004,923,0800,72.00
A4000283,P004,924,0800,11.00
A4000283,P004,926,0800,4.00
A4000283,P004,936,0800,11.00
A4200130,P001,922,0800,6.00
A4200130,P001,923,0800,85.00
A4200130,P001,924,0800,12.00
A4200130,P001,926,0800,19.00
A4200130,P001,936,0800,9.90
A4200130,P002,922,0800,7.00
A4200130,P002,923,0800,93.00
A4200130,P002,924,0800,7.00
A4200130,P002,926,0800,18.00
A4200130,P002,936,0800,12.70
A4200130,P003,922,0800,7.00
A4200130,P003,923,0800,96.00
A4200130,P003,924,0800,7.00
A4200130,P003,926,0800,18.00
A4200130,P003,936,0800,13.10
A4200130,P001,911,0806,0.90
A4200130,P002,911,0806,0.50
A4200130,P003,911,0806,1.20
A4000283,P001,911,0806,2.90
A4000283,P002,911,0806,0.00
A4000283,P003,911,0806,2.50
A4000283,P004,911,0806,2.30
A4000283,P001,911,0812,2.90
A4000283,P002,911,0812,0.00
A4000283,P003,911,0812,2.50
A4000283,P004,911,0812,2.30
A4200130,P001,911,0812,0.90
A4200130,P002,911,0812,0.50
A4200130,P003,911,0812,1.20
A4000283,P001,922,0815,2.00
A4000283,P001,923,0815,72.00
A4000283,P001,924,0815,7.00
A4000283,P001,926,0815,1.00
A4000283,P001,936,0815,11.90
A4000283,P002,922,0815,0.00
A4000283,P002,923,0815,0.00
A4000283,P002,924,0815,0.00
A4000283,P002,926,0815,0.00
A4000283,P002,936,0815,0.00
A4000283,P003,922,0815,0.00
A4000283,P003,923,0815,66.00
A4000283,P003,924,0815,28.00
A4000283,P003,926,0815,4.00
A4000283,P003,936,0815,10.30
A4000283,P004,922,0815,5.00
A4000283,P004,923,0815,73.00
A4000283,P004,924,0815,4.00
A4000283,P004,926,0815,5.00
A4000283,P004,936,0815,11.90
A4200130,P001,922,0815,8.00
A4200130,P001,923,0815,95.00
A4200130,P001,924,0815,9.00
A4200130,P001,926,0815,21.00
A4200130,P001,936,0815,10.70
A4200130,P002,922,0815,8.00
A4200130,P002,923,0815,101.00
A4200130,P002,924,0815,7.00
A4200130,P002,926,0815,21.00
A4200130,P002,936,0815,12.50
A4200130,P003,922,0815,7.00
A4200130,P003,923,0815,93.00
A4200130,P003,924,0815,8.00
A4200130,P003,926,0815,17.00
A4200130,P003,936,0815,13.10
A4000283,P001,911,0818,2.90
A4000283,P002,911,0818,0.00
A4000283,P003,911,0818,2.50
A4000283,P004,911,0818,2.30
A4200130,P001,911,0818,0.90
A4200130,P002,911,0818,0.60
A4200130,P003,911,0818,1.30
A4000283,P001,911,0824,3.00
A4000283,P002,911,0824,0.00
A4000283,P003,911,0824,2.40
A4000283,P004,911,0824,2.50
A4200130,P001,911,0824,0.90
A4200130,P002,911,0824,0.50
A4200130,P003,911,0824,1.20
A4000283,P001,911,0830,2.90
A4000283,P002,911,0830,0.00
A4000283,P003,911,0830,3.30
A4000283,P004,911,0830,2.30
A4200130,P001,911,0830,0.90
A4200130,P002,911,0830,0.50
A4200130,P003,911,0830,1.20
A4000283,P001,922,0830,2.00
A4000283,P001,923,0830,72.00
A4000283,P001,924,0830,8.00
A4000283,P001,926,0830,1.00
A4000283,P001,936,0830,11.60
A4000283,P002,922,0830,0.00
A4000283,P002,923,0830,0.00
A4000283,P002,924,0830,0.00
A4000283,P002,926,0830,0.00
A4000283,P002,936,0830,0.00
A4000283,P003,922,0830,0.00
A4000283,P003,923,0830,76.00
A4000283,P003,924,0830,46.00
A4000283,P003,926,0830,5.00
A4000283,P003,936,0830,10.60
A4000283,P004,922,0830,5.00
A4000283,P004,923,0830,75.00
A4000283,P004,924,0830,11.00
A4000283,P004,926,0830,4.00
A4000283,P004,936,0830,11.30
A4200130,P001,922,0830,7.00
A4200130,P001,923,0830,90.00
A4200130,P001,924,0830,9.00
A4200130,P001,926,0830,20.00
A4200130,P001,936,0830,10.80
A4200130,P002,922,0830,8.00
A4200130,P002,923,0830,95.00
A4200130,P002,924,0830,7.00
A4200130,P002,926,0830,23.00
A4200130,P002,936,0830,11.70
A4200130,P003,922,0830,8.00
A4200130,P003,923,0830,104.00
A4200130,P003,924,0830,7.00
A4200130,P003,926,0830,21.00
A4200130,P003,936,0830,13.40
A4200130,P001,911,0836,0.90
A4200130,P002,911,0836,0.60
A4200130,P003,911,0836,1.20
A4000283,P001,911,0836,2.80
A4000283,P002,911,0836,0.00
A4000283,P003,911,0836,2.50
A4000283,P004,911,0836,2.40
A4000283,P001,911,0842,2.80
A4000283,P002,911,0842,0.00
A4000283,P003,911,0842,2.60
A4000283,P004,911,0842,2.50
A4200130,P001,911,0842,0.90
A4200130,P002,911,0842,0.50
A4200130,P003,911,0842,1.20
A4000283,P001,922,0845,2.00
A4000283,P001,923,0845,75.00
A4000283,P001,924,0845,6.00
A4000283,P001,926,0845,1.00
A4000283,P001,936,0845,11.70
A4000283,P002,922,0845,0.00
A4000283,P002,923,0845,0.00
A4000283,P002,924,0845,0.00
A4000283,P002,926,0845,0.00
A4000283,P002,936,0845,0.00
A4000283,P003,922,0845,0.00
A4000283,P003,923,0845,0.00
A4000283,P003,924,0845,0.00
A4000283,P003,926,0845,0.00
A4000283,P003,936,0845,0.00
A4000283,P004,922,0845,5.00
A4000283,P004,923,0845,79.00
A4000283,P004,924,0845,6.00
A4000283,P004,926,0845,5.00
A4000283,P004,936,0845,12.00
A4200130,P001,922,0845,6.00
A4200130,P001,923,0845,91.00
A4200130,P001,924,0845,10.00
A4200130,P001,926,0845,20.00
A4200130,P001,936,0845,11.00
A4200130,P002,922,0845,7.00
A4200130,P002,923,0845,100.00
A4200130,P002,924,0845,6.00
A4200130,P002,926,0845,20.00
A4200130,P002,936,0845,12.20
A4200130,P003,922,0845,95.00
A4200130,P003,923,0845,151.00
A4200130,P003,924,0845,96.00
A4200130,P003,926,0845,46.00
A4200130,P003,936,0845,6.60
A4000283,P001,911,0848,3.00
A4000283,P002,911,0848,0.00
A4000283,P003,911,0848,2.50
A4000283,P004,911,0848,2.90
A4200130,P001,911,0848,0.90
A4200130,P002,911,0848,0.50
A4200130,P003,911,0848,1.30
A4000283,P001,911,0854,2.80
A4000283,P002,911,0854,0.00
A4000283,P003,911,0854,2.40
A4000283,P004,911,0854,2.50
A4200130,P001,911,0854,0.90
A4200130,P002,911,0854,0.60
A4200130,P003,911,0854,1.30
A4000283,P001,911,0900,2.80
A4000283,P002,911,0900,0.00
A4000283,P003,911,0900,3.20
A4000283,P004,911,0900,2.40
A4200130,P001,911,0900,0.90
A4200130,P002,911,0900,0.50
A4200130,P003,911,0900,1.20
A4000283,P001,922,0900,2.00
A4000283,P001,923,0900,70.00
A4000283,P001,924,0900,8.00
A4000283,P001,926,0900,1.00
A4000283,P001,936,0900,12.40
A4000283,P002,922,0900,0.00
A4000283,P002,923,0900,0.00
A4000283,P002,924,0900,0.00
A4000283,P002,926,0900,0.00
A4000283,P002,936,0900,0.00
A4000283,P003,922,0900,0.00
A4000283,P003,923,0900,46.00
A4000283,P003,924,0900,72.00
A4000283,P003,926,0900,50.00
A4000283,P003,936,0900,10.60
A4000283,P004,922,0900,5.00
A4000283,P004,923,0900,76.00
A4000283,P004,924,0900,12.00
A4000283,P004,926,0900,5.00
A4000283,P004,936,0900,11.80
A4200130,P001,922,0900,6.00
A4200130,P001,923,0900,93.00
A4200130,P001,924,0900,13.00
A4200130,P001,926,0900,20.00
A4200130,P001,936,0900,10.60
A4200130,P002,922,0900,8.00
A4200130,P002,923,0900,103.00
A4200130,P002,924,0900,6.00
A4200130,P002,926,0900,19.00
A4200130,P002,936,0900,12.60
A4200130,P003,922,0900,5.00
A4200130,P003,923,0900,100.00
A4200130,P003,924,0900,8.00
A4200130,P003,926,0900,16.00
A4200130,P003,936,0900,13.60
A4400916,P001,922,0900,0.00
A4400916,P001,923,0900,0.00
A4400916,P001,924,0900,0.00
A4400916,P001,926,0900,0.00
A4400916,P001,936,0900,0.00
A4400916,P002,922,0900,0.00
A4400916,P002,923,0900,0.00
A4400916,P002,924,0900,0.00
A4400916,P002,926,0900,0.00
A4400916,P002,936,0900,0.00
A4400916,P003,922,0900,0.00
A4400916,P003,923,0900,0.00
A4400916,P003,924,0900,0.00
A4400916,P003,926,0900,0.00
A4400916,P003,936,0900,0.00
A4400916,P004,922,0900,0.00
A4400916,P004,923,0900,0.00
A4400916,P004,924,0900,0.00
A4400916,P004,926,0900,0.00
A4400916,P004,936,0900,0.00
A4000283,P001,911,0906,2.70
A4000283,P002,911,0906,0.00
A4000283,P003,911,0906,2.40
A4000283,P004,911,0906,2.40
A4200130,P001,911,0906,0.90
A4200130,P002,911,0906,0.50
A4200130,P003,911,0906,1.20
A4200130,P001,911,0912,0.90
A4200130,P002,911,0912,0.60
A4200130,P003,911,0912,1.20
A4000283,P001,911,0912,2.80
A4000283,P002,911,0912,0.00
A4000283,P003,911,0912,2.40
A4000283,P004,911,0912,2.60
A4000283,P001,922,0915,2.00
A4000283,P001,923,0915,76.00
A4000283,P001,924,0915,6.00
A4000283,P001,926,0915,1.00
A4000283,P001,936,0915,11.60
A4000283,P002,922,0915,0.00
A4000283,P002,923,0915,0.00
A4000283,P002,924,0915,0.00
A4000283,P002,926,0915,0.00
A4000283,P002,936,0915,0.00
A4000283,P003,922,0915,0.00
A4000283,P003,923,0915,57.00
A4000283,P003,924,0915,39.00
A4000283,P003,926,0915,49.00
A4000283,P003,936,0915,10.20
A4000283,P004,922,0915,4.00
A4000283,P004,923,0915,62.00
A4000283,P004,924,0915,69.00
A4000283,P004,926,0915,4.00
A4000283,P004,936,0915,10.10
A4200130,P001,922,0915,6.00
A4200130,P001,923,0915,95.00
A4200130,P001,924,0915,11.00
A4200130,P001,926,0915,21.00
A4200130,P001,936,0915,10.70
A4200130,P002,922,0915,8.00
A4200130,P002,923,0915,99.00
A4200130,P002,924,0915,7.00
A4200130,P002,926,0915,20.00
A4200130,P002,936,0915,12.60
A4200130,P003,922,0915,7.00
A4200130,P003,923,0915,96.00
A4200130,P003,924,0915,8.00
A4200130,P003,926,0915,20.00
A4200130,P003,936,0915,13.00
A4200130,P001,911,0918,0.90
A4200130,P002,911,0918,0.50
A4200130,P003,911,0918,1.20
A4000283,P001,911,0918,2.80
A4000283,P002,911,0918,0.00
A4000283,P003,911,0918,2.60
A4000283,P004,911,0918,2.90
A4400916,P001,911,0918,0.00
A4400916,P002,911,0918,0.00
A4400916,P003,911,0918,0.00
A4400916,P004,911,0918,0.00
A4000283,P001,911,0924,2.80
A4000283,P002,911,0924,0.00
A4000283,P003,911,0924,4.60
A4000283,P004,911,0924,2.50
A4200130,P001,911,0924,0.90
A4200130,P002,911,0924,0.50
A4200130,P003,911,0924,1.20
A4000283,P001,911,0930,2.90
A4000283,P002,911,0930,0.00
A4000283,P003,911,0930,2.90
A4000283,P004,911,0930,2.80
A4200130,P001,911,0930,0.90
A4200130,P002,911,0930,0.50
A4200130,P003,911,0930,1.30
A4000283,P001,922,0930,2.00
A4000283,P001,923,0930,76.00
A4000283,P001,924,0930,5.00
A4000283,P001,926,0930,1.00
A4000283,P001,936,0930,10.80
A4000283,P002,922,0930,0.00
A4000283,P002,923,0930,0.00
A4000283,P002,924,0930,0.00
A4000283,P002,926,0930,0.00
A4000283,P002,936,0930,0.00
A4000283,P003,922,0930,0.00
A4000283,P003,923,0930,0.00
A4000283,P003,924,0930,0.00
A4000283,P003,926,0930,0.00
A4000283,P003,936,0930,0.00
A4000283,P004,922,0930,5.00
A4000283,P004,923,0930,82.00
A4000283,P004,924,0930,2.00
A4000283,P004,926,0930,5.00
A4000283,P004,936,0930,11.20
A4200130,P001,922,0930,6.00
A4200130,P001,923,0930,92.00
A4200130,P001,924,0930,10.00
A4200130,P001,926,0930,20.00
A4200130,P001,936,0930,10.30
A4200130,P002,922,0930,89.00
A4200130,P002,923,0930,153.00
A4200130,P002,924,0930,90.00
A4200130,P002,926,0930,33.00
A4200130,P002,936,0930,1.00
A4200130,P003,922,0930,8.00
A4200130,P003,923,0930,94.00
A4200130,P003,924,0930,7.00
A4200130,P003,926,0930,22.00
A4200130,P003,936,0930,12.50
A4000283,P001,911,0936,3.00
A4000283,P002,911,0936,0.00
A4000283,P003,911,0936,2.70
A4000283,P004,911,0936,2.80
A4200130,P001,911,0936,0.90
A4200130,P002,911,0936,0.50
A4200130,P003,911,0936,1.30
A4200130,P001,911,0942,0.90
A4200130,P002,911,0942,0.60
A4200130,P003,911,0942,1.20
A4000283,P001,911,0942,2.90
A4000283,P002,911,0942,0.00
A4000283,P003,911,0942,2.80
A4000283,P004,911,0942,3.30
A4000283,P001,922,0945,2.00
A4000283,P001,923,0945,74.00
A4000283,P001,924,0945,6.00
A4000283,P001,926,0945,2.00
A4000283,P001,936,0945,12.00
A4000283,P002,922,0945,0.00
A4000283,P002,923,0945,0.00
A4000283,P002,924,0945,0.00
A4000283,P002,926,0945,0.00
A4000283,P002,936,0945,0.00
A4000283,P003,922,0945,0.00
A4000283,P003,923,0945,52.00
A4000283,P003,924,0945,29.00
A4000283,P003,926,0945,40.00
A4000283,P003,936,0945,10.60
A4000283,P004,922,0945,5.00
A4000283,P004,923,0945,81.00
A4000283,P004,924,0945,5.00
A4000283,P004,926,0945,5.00
A4000283,P004,936,0945,11.70
A4200130,P001,922,0945,6.00
A4200130,P001,923,0945,103.00
A4200130,P001,924,0945,10.00
A4200130,P001,926,0945,20.00
A4200130,P001,936,0945,11.20
A4200130,P002,922,0945,5.00
A4200130,P002,923,0945,54.00
A4200130,P002,924,0945,5.00
A4200130,P002,926,0945,28.00
A4200130,P002,936,0945,15.90
A4200130,P003,922,0945,9.00
A4200130,P003,923,0945,89.00
A4200130,P003,924,0945,6.00
A4200130,P003,926,0945,20.00
A4200130,P003,936,0945,11.40
A4000283,P001,911,0948,2.90
A4000283,P002,911,0948,0.00
A4000283,P003,911,0948,2.70
A4000283,P004,911,0948,3.00
A4200130,P001,911,0948,0.90
A4200130,P002,911,0948,0.60
A4200130,P003,911,0948,1.30
A4000283,P001,911,0954,2.90
A4000283,P002,911,0954,0.00
A4000283,P003,911,0954,4.00
A4000283,P004,911,0954,2.60
A4200130,P001,911,0954,0.90
A4200130,P002,911,0954,0.60
A4200130,P003,911,0954,1.30
A4000283,P001,911,1000,3.00
A4000283,P002,911,1000,0.00
A4000283,P003,911,1000,2.70
A4000283,P004,911,1000,2.50
A4200130,P001,911,1000,0.90
A4200130,P002,911,1000,0.60
A4200130,P003,911,1000,1.30
A4000283,P001,922,1000,2.00
A4000283,P001,923,1000,73.00
A4000283,P001,924,1000,13.00
A4000283,P001,926,1000,2.00
A4000283,P001,936,1000,11.80
A4000283,P002,922,1000,0.00
A4000283,P002,923,1000,0.00
A4000283,P002,924,1000,0.00
A4000283,P002,926,1000,0.00
A4000283,P002,936,1000,0.00
A4000283,P003,922,1000,0.00
A4000283,P003,923,1000,50.00
A4000283,P003,924,1000,23.00
A4000283,P003,926,1000,44.00
A4000283,P003,936,1000,10.70
A4000283,P004,922,1000,5.00
A4000283,P004,923,1000,83.00
A4000283,P004,924,1000,5.00
A4000283,P004,926,1000,5.00
A4000283,P004,936,1000,12.30
A4200130,P001,922,1000,5.00
A4200130,P001,923,1000,99.00
A4200130,P001,924,1000,11.00
A4200130,P001,926,1000,20.00
A4200130,P001,936,1000,11.70
A4200130,P002,922,1000,8.00
A4200130,P002,923,1000,98.00
A4200130,P002,924,1000,7.00
A4200130,P002,926,1000,22.00
A4200130,P002,936,1000,12.50
A4200130,P003,922,1000,8.00
A4200130,P003,923,1000,97.00
A4200130,P003,924,1000,7.00
A4200130,P003,926,1000,20.00
A4200130,P003,936,1000,12.30
A4200130,P001,911,1006,0.90
A4200130,P002,911,1006,0.60
A4200130,P003,911,1006,1.30
A4000283,P001,911,1006,2.60
A4000283,P002,911,1006,0.00
A4000283,P003,911,1006,2.50
A4000283,P004,911,1006,2.70
A4200130,P001,911,1012,0.90
A4200130,P002,911,1012,0.60
A4200130,P003,911,1012,1.30
A4000283,P001,911,1012,2.70
A4000283,P002,911,1012,0.00
A4000283,P003,911,1012,2.70
A4000283,P004,911,1012,2.60
A4000283,P001,922,1015,2.00
A4000283,P001,923,1015,73.00
A4000283,P001,924,1015,10.00
A4000283,P001,926,1015,1.00
A4000283,P001,936,1015,11.30
A4000283,P002,922,1015,0.00
A4000283,P002,923,1015,0.00
A4000283,P002,924,1015,0.00
A4000283,P002,926,1015,0.00
A4000283,P002,936,1015,0.00
A4000283,P003,922,1015,0.00
A4000283,P003,923,1015,0.00
A4000283,P003,924,1015,0.00
A4000283,P003,926,1015,0.00
A4000283,P003,936,1015,0.00
A4000283,P004,922,1015,5.00
A4000283,P004,923,1015,72.00
A4000283,P004,924,1015,43.00
A4000283,P004,926,1015,4.00
A4000283,P004,936,1015,10.60
A4200130,P001,922,1015,5.00
A4200130,P001,923,1015,82.00
A4200130,P001,924,1015,10.00
A4200130,P001,926,1015,18.00
A4200130,P001,936,1015,9.90
A4200130,P002,922,1015,7.00
A4200130,P002,923,1015,97.00
A4200130,P002,924,1015,6.00
A4200130,P002,926,1015,19.00
A4200130,P002,936,1015,12.10
A4200130,P003,922,1015,10.00
A4200130,P003,923,1015,90.00
A4200130,P003,924,1015,6.00
A4200130,P003,926,1015,20.00
A4200130,P003,936,1015,11.20
A4000283,P001,911,1018,2.70
A4000283,P002,911,1018,0.00
A4000283,P003,911,1018,2.60
A4000283,P004,911,1018,2.70
A4200130,P001,911,1018,0.90
A4200130,P002,911,1018,0.60
A4200130,P003,911,1018,1.30
A4000283,P001,911,1024,2.80
A4000283,P002,911,1024,0.00
A4000283,P003,911,1024,3.60
A4000283,P004,911,1024,2.70
A4200130,P001,911,1024,0.90
A4200130,P002,911,1024,0.60
A4200130,P003,911,1024,1.30
A4000283,P001,911,1030,2.70
A4000283,P002,911,1030,0.00
A4000283,P003,911,1030,2.60
A4000283,P004,911,1030,2.60
A4200130,P001,911,1030,0.90
A4200130,P002,911,1030,0.60
A4200130,P003,911,1030,1.30
A4000283,P001,922,1030,2.00
A4000283,P001,923,1030,78.00
A4000283,P001,924,1030,7.00
A4000283,P001,926,1030,1.00
A4000283,P001,936,1030,11.70
A4000283,P002,922,1030,0.00
A4000283,P002,923,1030,0.00
A4000283,P002,924,1030,0.00
A4000283,P002,926,1030,0.00
A4000283,P002,936,1030,0.00
A4000283,P003,922,1030,0.00
A4000283,P003,923,1030,79.00
A4000283,P003,924,1030,5.00
A4000283,P003,926,1030,51.00
A4000283,P003,936,1030,10.80
A4000283,P004,922,1030,5.00
A4000283,P004,923,1030,90.00
A4000283,P004,924,1030,3.00
A4000283,P004,926,1030,5.00
A4000283,P004,936,1030,11.10
A4200130,P001,922,1030,68.00
A4200130,P001,923,1030,116.00
A4200130,P001,924,1030,69.00
A4200130,P001,926,1030,25.00
A4200130,P001,936,1030,1.20
A4200130,P002,922,1030,7.00
A4200130,P002,923,1030,96.00
A4200130,P002,924,1030,6.00
A4200130,P002,926,1030,20.00
A4200130,P002,936,1030,12.20
A4200130,P003,922,1030,10.00
A4200130,P003,923,1030,97.00
A4200130,P003,924,1030,6.00
A4200130,P003,926,1030,23.00
A4200130,P003,936,1030,11.70
A4200130,P001,911,1036,0.90
A4200130,P002,911,1036,0.60
A4200130,P003,911,1036,1.30
A4000283,P001,911,1036,2.70
A4000283,P002,911,1036,0.00
A4000283,P003,911,1036,2.50
A4000283,P004,911,1036,2.90
A4200130,P001,911,1042,0.90
A4200130,P002,911,1042,0.60
A4200130,P003,911,1042,1.30
A4000283,P001,911,1042,2.60
A4000283,P002,911,1042,0.00
A4000283,P003,911,1042,2.60
A4000283,P004,911,1042,2.80
A4000283,P001,922,1045,2.00
A4000283,P001,923,1045,78.00
A4000283,P001,924,1045,7.00
A4000283,P001,926,1045,1.00
A4000283,P001,936,1045,11.00
A4000283,P002,922,1045,0.00
A4000283,P002,923,1045,0.00
A4000283,P002,924,1045,0.00
A4000283,P002,926,1045,0.00
A4000283,P002,936,1045,0.00
A4000283,P003,922,1045,0.00
A4000283,P003,923,1045,74.00
A4000283,P003,924,1045,6.00
A4000283,P003,926,1045,47.00
A4000283,P003,936,1045,10.70
A4000283,P004,922,1045,5.00
A4000283,P004,923,1045,81.00
A4000283,P004,924,1045,4.00
A4000283,P004,926,1045,4.00
A4000283,P004,936,1045,11.00
A4200130,P001,922,1045,3.00
A4200130,P001,923,1045,46.00
A4200130,P001,924,1045,5.00
A4200130,P001,926,1045,24.00
A4200130,P001,936,1045,14.50
A4200130,P002,922,1045,7.00
A4200130,P002,923,1045,98.00
A4200130,P002,924,1045,7.00
A4200130,P002,926,1045,20.00
A4200130,P002,936,1045,12.60
A4200130,P003,922,1045,9.00
A4200130,P003,923,1045,98.00
A4200130,P003,924,1045,7.00
A4200130,P003,926,1045,22.00
A4200130,P003,936,1045,12.30
A4000283,P001,911,1048,2.80
A4000283,P002,911,1048,0.00
A4000283,P003,911,1048,3.50
A4000283,P004,911,1048,2.70
A4200130,P001,911,1048,0.90
A4200130,P002,911,1048,0.60
A4200130,P003,911,1048,1.30
A4000283,P001,911,1054,2.70
A4000283,P002,911,1054,0.00
A4000283,P003,911,1054,2.60
A4000283,P004,911,1054,2.80
A4200130,P001,911,1054,0.90
A4200130,P002,911,1054,0.60
A4200130,P003,911,1054,1.30
A4000283,P001,911,1100,2.70
A4000283,P002,911,1100,0.00
A4000283,P003,911,1100,2.60
A4000283,P004,911,1100,3.00
A4200130,P001,911,1100,0.90
A4200130,P002,911,1100,0.60
A4200130,P003,911,1100,1.30
A4000283,P001,922,1100,2.00
A4000283,P001,923,1100,74.00
A4000283,P001,924,1100,6.00
A4000283,P001,926,1100,1.00
A4000283,P001,936,1100,11.20
A4000283,P002,922,1100,0.00
A4000283,P002,923,1100,0.00
A4000283,P002,924,1100,0.00
A4000283,P002,926,1100,0.00
A4000283,P002,936,1100,0.00
A4000283,P003,922,1100,0.00
A4000283,P003,923,1100,75.00
A4000283,P003,924,1100,7.00
A4000283,P003,926,1100,51.00
A4000283,P003,936,1100,11.60
A4000283,P004,922,1100,5.00
A4000283,P004,923,1100,87.00
A4000283,P004,924,1100,3.00
A4000283,P004,926,1100,5.00
A4000283,P004,936,1100,11.40
A4200130,P001,922,1100,7.00
A4200130,P001,923,1100,89.00
A4200130,P001,924,1100,10.00
A4200130,P001,926,1100,21.00
A4200130,P001,936,1100,10.70
A4200130,P002,922,1100,7.00
A4200130,P002,923,1100,95.00
A4200130,P002,924,1100,7.00
A4200130,P002,926,1100,19.00
A4200130,P002,936,1100,12.80
A4200130,P003,922,1100,7.00
A4200130,P003,923,1100,98.00
A4200130,P003,924,1100,8.00
A4200130,P003,926,1100,18.00
A4200130,P003,936,1100,13.10
A4000283,P001,911,1106,2.80
A4000283,P002,911,1106,0.00
A4000283,P003,911,1106,2.60
A4000283,P004,911,1106,2.70
A4200130,P001,911,1106,0.90
A4200130,P002,911,1106,0.60
A4200130,P003,911,1106,1.30
A4200130,P001,911,1112,0.90
A4200130,P002,911,1112,0.60
A4200130,P003,911,1112,1.30
A4000283,P001,911,1112,2.90
A4000283,P002,911,1112,0.00
A4000283,P003,911,1112,2.60
A4000283,P004,911,1112,2.60
A4000283,P001,922,1115,2.00
A4000283,P001,923,1115,82.00
A4000283,P001,924,1115,5.00
A4000283,P001,926,1115,1.00
A4000283,P001,936,1115,11.20
A4000283,P002,922,1115,0.00
A4000283,P002,923,1115,0.00
A4000283,P002,924,1115,0.00
A4000283,P002,926,1115,0.00
A4000283,P002,936,1115,0.00
A4000283,P003,922,1115,0.00
A4000283,P003,923,1115,95.00
A4000283,P003,924,1115,6.00
A4000283,P003,926,1115,50.00
A4000283,P003,936,1115,11.70
A4000283,P004,922,1115,5.00
A4000283,P004,923,1115,96.00
A4000283,P004,924,1115,4.00
A4000283,P004,926,1115,5.00
A4000283,P004,936,1115,12.50
A4200130,P001,922,1115,7.00
A4200130,P001,923,1115,86.00
A4200130,P001,924,1115,10.00
A4200130,P001,926,1115,21.00
A4200130,P001,936,1115,10.80
A4200130,P002,922,1115,7.00
A4200130,P002,923,1115,90.00
A4200130,P002,924,1115,6.00
A4200130,P002,926,1115,19.00
A4200130,P002,936,1115,12.20
A4200130,P003,922,1115,6.00
A4200130,P003,923,1115,98.00
A4200130,P003,924,1115,9.00
A4200130,P003,926,1115,18.00
A4200130,P003,936,1115,13.10
A4000283,P001,911,1118,2.90
A4000283,P002,911,1118,0.00
A4000283,P003,911,1118,4.00
A4000283,P004,911,1118,2.80
A4200130,P001,911,1118,0.90
A4200130,P002,911,1118,0.60
A4200130,P003,911,1118,1.30
A4000283,P001,911,1124,2.70
A4000283,P002,911,1124,0.00
A4000283,P003,911,1124,2.80
A4000283,P004,911,1124,2.60
A4200130,P001,911,1124,0.90
A4200130,P002,911,1124,0.60
A4200130,P003,911,1124,1.30
A4000283,P001,911,1130,3.00
A4000283,P002,911,1130,0.00
A4000283,P003,911,1130,2.70
A4000283,P004,911,1130,2.70
A4200130,P001,911,1130,0.90
A4200130,P002,911,1130,0.60
A4200130,P003,911,1130,1.30
A4000283,P001,922,1130,2.00
A4000283,P001,923,1130,74.00
A4000283,P001,924,1130,5.00
A4000283,P001,926,1130,1.00
A4000283,P001,936,1130,11.60
A4000283,P002,922,1130,0.00
A4000283,P002,923,1130,0.00
A4000283,P002,924,1130,0.00
A4000283,P002,926,1130,0.00
A4000283,P002,936,1130,0.00
A4000283,P003,922,1130,0.00
A4000283,P003,923,1130,0.00
A4000283,P003,924,1130,0.00
A4000283,P003,926,1130,0.00
A4000283,P003,936,1130,0.00
A4000283,P004,922,1130,5.00
A4000283,P004,923,1130,86.00
A4000283,P004,924,1130,6.00
A4000283,P004,926,1130,4.00
A4000283,P004,936,1130,11.10
A4200130,P001,922,1130,6.00
A4200130,P001,923,1130,83.00
A4200130,P001,924,1130,11.00
A4200130,P001,926,1130,20.00
A4200130,P001,936,1130,10.50
A4200130,P002,922,1130,7.00
A4200130,P002,923,1130,93.00
A4200130,P002,924,1130,6.00
A4200130,P002,926,1130,21.00
A4200130,P002,936,1130,12.50
A4200130,P003,922,1130,7.00
A4200130,P003,923,1130,91.00
A4200130,P003,924,1130,7.00
A4200130,P003,926,1130,19.00
A4200130,P003,936,1130,12.10
A4000283,P001,911,1136,3.40
A4000283,P002,911,1136,0.00
A4000283,P003,911,1136,2.50
A4000283,P004,911,1136,2.90
A4200130,P001,911,1136,0.90
A4200130,P002,911,1136,0.60
A4200130,P003,911,1136,1.30
A4000283,P001,911,1142,3.00
A4000283,P002,911,1142,0.00
A4000283,P003,911,1142,3.00
A4000283,P004,911,1142,2.70
A4200130,P001,911,1142,0.90
A4200130,P002,911,1142,0.60
A4200130,P003,911,1142,1.30
A4000283,P001,922,1145,2.00
A4000283,P001,923,1145,71.00
A4000283,P001,924,1145,7.00
A4000283,P001,926,1145,2.00
A4000283,P001,936,1145,11.60
A4000283,P002,922,1145,0.00
A4000283,P002,923,1145,0.00
A4000283,P002,924,1145,0.00
A4000283,P002,926,1145,0.00
A4000283,P002,936,1145,0.00
A4000283,P003,922,1145,0.00
A4000283,P003,923,1145,0.00
A4000283,P003,924,1145,0.00
A4000283,P003,926,1145,0.00
A4000283,P003,936,1145,0.00
A4000283,P004,922,1145,4.00
A4000283,P004,923,1145,78.00
A4000283,P004,924,1145,4.00
A4000283,P004,926,1145,4.00
A4000283,P004,936,1145,10.50
A4200130,P001,922,1145,9.00
A4200130,P001,923,1145,84.00
A4200130,P001,924,1145,12.00
A4200130,P001,926,1145,21.00
A4200130,P001,936,1145,10.50
A4200130,P002,922,1145,7.00
A4200130,P002,923,1145,95.00
A4200130,P002,924,1145,7.00
A4200130,P002,926,1145,22.00
A4200130,P002,936,1145,12.40
A4200130,P003,922,1145,8.00
A4200130,P003,923,1145,96.00
A4200130,P003,924,1145,7.00
A4200130,P003,926,1145,21.00
A4200130,P003,936,1145,12.30
A4000283,P001,911,1148,3.00
A4000283,P002,911,1148,0.00
A4000283,P003,911,1148,10.80
A4000283,P004,911,1148,2.50
A4200130,P001,911,1148,0.90
A4200130,P002,911,1148,0.60
A4200130,P003,911,1148,1.30
A4000283,P001,911,1154,2.90
A4000283,P002,911,1154,0.00
A4000283,P003,911,1154,12.30
A4000283,P004,911,1154,2.80
A4200130,P001,911,1154,0.90
A4200130,P002,911,1154,0.60
A4200130,P003,911,1154,1.30
A4200130,P001,911,1200,0.90
A4200130,P002,911,1200,0.60
A4200130,P003,911,1200,1.30
A4000283,P001,911,1200,3.20
A4000283,P002,911,1200,0.00
A4000283,P003,911,1200,2.50
A4000283,P004,911,1200,2.70
A4000283,P001,922,1200,2.00
A4000283,P001,923,1200,72.00
A4000283,P001,924,1200,22.00
A4000283,P001,926,1200,1.00
A4000283,P001,936,1200,11.40
A4000283,P002,922,1200,0.00
A4000283,P002,923,1200,0.00
A4000283,P002,924,1200,0.00
A4000283,P002,926,1200,0.00
A4000283,P002,936,1200,0.00
A4000283,P003,922,1200,0.00
A4000283,P003,923,1200,0.00
A4000283,P003,924,1200,0.00
A4000283,P003,926,1200,0.00
A4000283,P003,936,1200,0.00
A4000283,P004,922,1200,5.00
A4000283,P004,923,1200,78.00
A4000283,P004,924,1200,4.00
A4000283,P004,926,1200,5.00
A4000283,P004,936,1200,11.20
A4200130,P001,922,1200,8.00
A4200130,P001,923,1200,83.00
A4200130,P001,924,1200,9.00
A4200130,P001,926,1200,21.00
A4200130,P001,936,1200,10.70
A4200130,P002,922,1200,7.00
A4200130,P002,923,1200,89.00
A4200130,P002,924,1200,6.00
A4200130,P002,926,1200,21.00
A4200130,P002,936,1200,11.60
A4200130,P003,922,1200,8.00
A4200130,P003,923,1200,90.00
A4200130,P003,924,1200,6.00
A4200130,P003,926,1200,19.00
A4200130,P003,936,1200,11.20
A4000283,P001,911,1206,3.00
A4000283,P002,911,1206,0.00
A4000283,P003,911,1206,2.40
A4000283,P004,911,1206,2.60
A4200130,P001,911,1206,0.90
A4200130,P002,911,1206,0.60
A4200130,P003,911,1206,1.30
A4000283,P001,911,1212,3.00
A4000283,P002,911,1212,0.00
A4000283,P003,911,1212,2.40
A4000283,P004,911,1212,2.60
A4200130,P001,911,1212,0.90
A4200130,P002,911,1212,0.60
A4200130,P003,911,1212,1.30
A4000283,P001,922,1215,2.00
A4000283,P001,923,1215,71.00
A4000283,P001,924,1215,14.00
A4000283,P001,926,1215,2.00
A4000283,P001,936,1215,11.00
A4000283,P002,922,1215,0.00
A4000283,P002,923,1215,0.00
A4000283,P002,924,1215,0.00
A4000283,P002,926,1215,0.00
A4000283,P002,936,1215,0.00
A4000283,P003,922,1215,0.00
A4000283,P003,923,1215,0.00
A4000283,P003,924,1215,0.00
A4000283,P003,926,1215,0.00
A4000283,P003,936,1215,0.00
A4000283,P004,922,1215,4.00
A4000283,P004,923,1215,70.00
A4000283,P004,924,1215,4.00
A4000283,P004,926,1215,4.00
A4000283,P004,936,1215,10.80
A4200130,P001,922,1215,8.00
A4200130,P001,923,1215,78.00
A4200130,P001,924,1215,10.00
A4200130,P001,926,1215,20.00
A4200130,P001,936,1215,10.10
A4200130,P002,922,1215,8.00
A4200130,P002,923,1215,97.00
A4200130,P002,924,1215,6.00
A4200130,P002,926,1215,21.00
A4200130,P002,936,1215,12.00
A4200130,P003,922,1215,9.00
A4200130,P003,923,1215,97.00
A4200130,P003,924,1215,6.00
A4200130,P003,926,1215,21.00
A4200130,P003,936,1215,11.80
A4000283,P001,911,1218,2.90
A4000283,P002,911,1218,0.00
A4000283,P003,911,1218,3.10
A4000283,P004,911,1218,2.70
A4200130,P001,911,1218,0.90
A4200130,P002,911,1218,0.60
A4200130,P003,911,1218,1.30
A4000283,P001,911,1224,3.00
A4000283,P002,911,1224,0.00
A4000283,P003,911,1224,2.30
A4000283,P004,911,1224,3.00
A4200130,P001,911,1224,0.90
A4200130,P002,911,1224,0.60
A4200130,P003,911,1224,1.30
A4200130,P001,911,1230,0.90
A4200130,P002,911,1230,0.60
A4200130,P003,911,1230,1.30
A4000283,P001,911,1230,3.00
A4000283,P002,911,1230,0.00
A4000283,P003,911,1230,2.40
A4000283,P004,911,1230,2.80
A4000283,P001,922,1230,2.00
A4000283,P001,923,1230,64.00
A4000283,P001,924,1230,11.00
A4000283,P001,926,1230,1.00
A4000283,P001,936,1230,11.00
A4000283,P002,922,1230,0.00
A4000283,P002,923,1230,0.00
A4000283,P002,924,1230,0.00
A4000283,P002,926,1230,0.00
A4000283,P002,936,1230,0.00
A4000283,P003,922,1230,0.00
A4000283,P003,923,1230,0.00
A4000283,P003,924,1230,0.00
A4000283,P003,926,1230,0.00
A4000283,P003,936,1230,0.00
A4000283,P004,922,1230,5.00
A4000283,P004,923,1230,63.00
A4000283,P004,924,1230,5.00
A4000283,P004,926,1230,5.00
A4000283,P004,936,1230,12.50
A4200130,P001,922,1230,6.00
A4200130,P001,923,1230,91.00
A4200130,P001,924,1230,8.00
A4200130,P001,926,1230,20.00
A4200130,P001,936,1230,10.70
A4200130,P002,922,1230,8.00
A4200130,P002,923,1230,101.00
A4200130,P002,924,1230,7.00
A4200130,P002,926,1230,21.00
A4200130,P002,936,1230,12.60
A4200130,P003,922,1230,8.00
A4200130,P003,923,1230,94.00
A4200130,P003,924,1230,7.00
A4200130,P003,926,1230,20.00
A4200130,P003,936,1230,12.60
A4000283,P001,911,1236,2.90
A4000283,P002,911,1236,0.00
A4000283,P003,911,1236,2.50
A4000283,P004,911,1236,2.70
A4200130,P001,911,1242,0.90
A4200130,P002,911,1242,0.60
A4200130,P003,911,1242,1.30
A4000283,P001,911,1242,2.90
A4000283,P002,911,1242,0.00
A4000283,P003,911,1242,2.60
A4000283,P004,911,1242,2.60
A4000283,P001,922,1245,2.00
A4000283,P001,923,1245,74.00
A4000283,P001,924,1245,6.00
A4000283,P001,926,1245,1.00
A4000283,P001,936,1245,10.80
A4000283,P002,922,1245,0.00
A4000283,P002,923,1245,0.00
A4000283,P002,924,1245,0.00
A4000283,P002,926,1245,0.00
A4000283,P002,936,1245,0.00
A4000283,P003,922,1245,0.00
A4000283,P003,923,1245,0.00
A4000283,P003,924,1245,0.00
A4000283,P003,926,1245,0.00
A4000283,P003,936,1245,0.00
A4000283,P004,922,1245,5.00
A4000283,P004,923,1245,73.00
A4000283,P004,924,1245,5.00
A4000283,P004,926,1245,5.00
A4000283,P004,936,1245,11.10
A4200130,P001,922,1245,6.00
A4200130,P001,923,1245,87.00
A4200130,P001,924,1245,10.00
A4200130,P001,926,1245,20.00
A4200130,P001,936,1245,11.20
A4200130,P002,922,1245,7.00
A4200130,P002,923,1245,100.00
A4200130,P002,924,1245,7.00
A4200130,P002,926,1245,18.00
A4200130,P002,936,1245,12.40
A4200130,P003,922,1245,9.00
A4200130,P003,923,1245,97.00
A4200130,P003,924,1245,7.00
A4200130,P003,926,1245,21.00
A4200130,P003,936,1245,12.00
A4000283,P001,911,1248,3.10
A4000283,P002,911,1248,0.00
A4000283,P003,911,1248,3.10
A4000283,P004,911,1248,3.20
A4200130,P001,911,1248,0.90
A4200130,P002,911,1248,0.60
A4200130,P003,911,1248,1.30
A4000283,P001,911,1254,2.90
A4000283,P002,911,1254,0.00
A4000283,P003,911,1254,2.60
A4000283,P004,911,1254,2.80
A4200130,P001,911,1254,0.90
A4200130,P002,911,1254,0.60
A4200130,P003,911,1254,1.30
A4000283,P001,911,1300,2.70
A4000283,P002,911,1300,0.00
A4000283,P003,911,1300,2.40
A4000283,P004,911,1300,2.70
A4200130,P001,911,1300,0.90
A4200130,P002,911,1300,0.60
A4200130,P003,911,1300,1.30
A4000283,P001,922,1300,2.00
A4000283,P001,923,1300,74.00
A4000283,P001,924,1300,6.00
A4000283,P001,926,1300,1.00
A4000283,P001,936,1300,11.30
A4000283,P002,922,1300,0.00
A4000283,P002,923,1300,0.00
A4000283,P002,924,1300,0.00
A4000283,P002,926,1300,0.00
A4000283,P002,936,1300,0.00
A4000283,P003,922,1300,0.00
A4000283,P003,923,1300,0.00
A4000283,P003,924,1300,0.00
A4000283,P003,926,1300,0.00
A4000283,P003,936,1300,0.00
A4000283,P004,922,1300,4.00
A4000283,P004,923,1300,60.00
A4000283,P004,924,1300,18.00
A4000283,P004,926,1300,4.00
A4000283,P004,936,1300,10.60
A4200130,P001,922,1300,5.00
A4200130,P001,923,1300,84.00
A4200130,P001,924,1300,11.00
A4200130,P001,926,1300,18.00
A4200130,P001,936,1300,10.20
A4200130,P002,922,1300,7.00
A4200130,P002,923,1300,95.00
A4200130,P002,924,1300,8.00
A4200130,P002,926,1300,21.00
A4200130,P002,936,1300,12.30
A4200130,P003,922,1300,8.00
A4200130,P003,923,1300,96.00
A4200130,P003,924,1300,7.00
A4200130,P003,926,1300,22.00
A4200130,P003,936,1300,12.50
A4400916,P001,922,1300,0.00
A4400916,P001,923,1300,0.00
A4400916,P001,924,1300,0.00
A4400916,P001,926,1300,0.00
A4400916,P001,936,1300,0.00
A4400916,P002,922,1300,0.00
A4400916,P002,923,1300,0.00
A4400916,P002,924,1300,0.00
A4400916,P002,926,1300,0.00
A4400916,P002,936,1300,0.00
A4400916,P003,922,1300,0.00
A4400916,P003,923,1300,0.00
A4400916,P003,924,1300,0.00
A4400916,P003,926,1300,0.00
A4400916,P003,936,1300,0.00
A4400916,P004,922,1300,0.00
A4400916,P004,923,1300,0.00
A4400916,P004,924,1300,0.00
A4400916,P004,926,1300,0.00
A4400916,P004,936,1300,0.00
A4200130,P001,911,1306,0.90
A4200130,P002,911,1306,0.60
A4200130,P003,911,1306,1.30
A4000283,P001,911,1306,2.90
A4000283,P002,911,1306,0.00
A4000283,P003,911,1306,2.50
A4000283,P004,911,1306,2.70
A4400916,P001,911,1306,0.00
A4400916,P002,911,1306,0.00
A4400916,P003,911,1306,0.00
A4400916,P004,911,1306,0.00
A4200130,P001,911,1312,0.90
A4200130,P002,911,1312,0.60
A4200130,P003,911,1312,1.30
A4000283,P001,911,1312,3.00
A4000283,P002,911,1312,0.00
A4000283,P003,911,1312,2.40
A4000283,P004,911,1312,2.90
A4000283,P001,922,1315,4.00
A4000283,P001,923,1315,79.00
A4000283,P001,924,1315,14.00
A4000283,P001,926,1315,1.00
A4000283,P001,936,1315,11.10
A4000283,P002,922,1315,0.00
A4000283,P002,923,1315,0.00
A4000283,P002,924,1315,0.00
A4000283,P002,926,1315,0.00
A4000283,P002,936,1315,0.00
A4000283,P003,922,1315,0.00
A4000283,P003,923,1315,0.00
A4000283,P003,924,1315,0.00
A4000283,P003,926,1315,0.00
A4000283,P003,936,1315,0.00
A4000283,P004,922,1315,5.00
A4000283,P004,923,1315,71.00
A4000283,P004,924,1315,5.00
A4000283,P004,926,1315,5.00
A4000283,P004,936,1315,11.30
A4200130,P001,922,1315,6.00
A4200130,P001,923,1315,88.00
A4200130,P001,924,1315,9.00
A4200130,P001,926,1315,20.00
A4200130,P001,936,1315,10.60
A4200130,P002,922,1315,9.00
A4200130,P002,923,1315,103.00
A4200130,P002,924,1315,7.00
A4200130,P002,926,1315,25.00
A4200130,P002,936,1315,12.20
A4200130,P003,922,1315,7.00
A4200130,P003,923,1315,96.00
A4200130,P003,924,1315,7.00
A4200130,P003,926,1315,19.00
A4200130,P003,936,1315,12.70
A4000283,P001,911,1318,2.80
A4000283,P002,911,1318,0.00
A4000283,P003,911,1318,3.60
A4000283,P004,911,1318,3.50
A4200130,P001,911,1318,0.90
A4200130,P002,911,1318,0.60
A4200130,P003,911,1318,1.30
A4000283,P001,911,1324,2.90
A4000283,P002,911,1324,0.00
A4000283,P003,911,1324,2.50
A4000283,P004,911,1324,3.30
A4200130,P001,911,1324,0.90
A4200130,P002,911,1324,0.60
A4200130,P003,911,1324,1.30
A4000283,P001,911,1330,2.90
A4000283,P002,911,1330,0.00
A4000283,P003,911,1330,2.60
A4000283,P004,911,1330,2.60
A4200130,P001,911,1330,0.90
A4200130,P002,911,1330,0.60
A4200130,P003,911,1330,1.30
A4000283,P001,922,1330,4.00
A4000283,P001,923,1330,73.00
A4000283,P001,924,1330,10.00
A4000283,P001,926,1330,3.00
A4000283,P001,936,1330,11.70
A4000283,P002,922,1330,0.00
A4000283,P002,923,1330,0.00
A4000283,P002,924,1330,0.00
A4000283,P002,926,1330,0.00
A4000283,P002,936,1330,0.00
A4000283,P003,922,1330,0.00
A4000283,P003,923,1330,0.00
A4000283,P003,924,1330,0.00
A4000283,P003,926,1330,0.00
A4000283,P003,936,1330,0.00
A4000283,P004,922,1330,5.00
A4000283,P004,923,1330,83.00
A4000283,P004,924,1330,4.00
A4000283,P004,926,1330,5.00
A4000283,P004,936,1330,11.70
A4200130,P001,922,1330,8.00
A4200130,P001,923,1330,91.00
A4200130,P001,924,1330,8.00
A4200130,P001,926,1330,21.00
A4200130,P001,936,1330,10.30
A4200130,P002,922,1330,7.00
A4200130,P002,923,1330,102.00
A4200130,P002,924,1330,7.00
A4200130,P002,926,1330,20.00
A4200130,P002,936,1330,12.80
A4200130,P003,922,1330,9.00
A4200130,P003,923,1330,91.00
A4200130,P003,924,1330,7.00
A4200130,P003,926,1330,19.00
A4200130,P003,936,1330,11.70
A4200130,P001,911,1336,0.90
A4200130,P002,911,1336,0.60
A4200130,P003,911,1336,1.30
A4000283,P001,911,1336,3.10
A4000283,P002,911,1336,0.00
A4000283,P003,911,1336,2.40
A4000283,P004,911,1336,2.50
A4200130,P001,911,1342,0.90
A4200130,P002,911,1342,0.60
A4200130,P003,911,1342,1.30
A4000283,P001,911,1342,3.00
A4000283,P002,911,1342,0.00
A4000283,P003,911,1342,2.50
A4000283,P004,911,1342,2.70
A4000283,P001,922,1345,4.00
A4000283,P001,923,1345,71.00
A4000283,P001,924,1345,10.00
A4000283,P001,926,1345,3.00
A4000283,P001,936,1345,11.70
A4000283,P002,922,1345,0.00
A4000283,P002,923,1345,0.00
A4000283,P002,924,1345,0.00
A4000283,P002,926,1345,0.00
A4000283,P002,936,1345,0.00
A4000283,P003,922,1345,0.00
A4000283,P003,923,1345,0.00
A4000283,P003,924,1345,0.00
A4000283,P003,926,1345,0.00
A4000283,P003,936,1345,0.00
A4000283,P004,922,1345,5.00
A4000283,P004,923,1345,84.00
A4000283,P004,924,1345,4.00
A4000283,P004,926,1345,5.00
A4000283,P004,936,1345,12.40
A4200130,P001,922,1345,7.00
A4200130,P001,923,1345,96.00
A4200130,P001,924,1345,8.00
A4200130,P001,926,1345,22.00
A4200130,P001,936,1345,10.90
A4200130,P002,922,1345,7.00
A4200130,P002,923,1345,102.00
A4200130,P002,924,1345,7.00
A4200130,P002,926,1345,19.00
A4200130,P002,936,1345,12.70
A4200130,P003,922,1345,8.00
A4200130,P003,923,1345,97.00
A4200130,P003,924,1345,7.00
A4200130,P003,926,1345,21.00
A4200130,P003,936,1345,12.70
A4000283,P001,911,1348,2.90
A4000283,P002,911,1348,0.00
A4000283,P003,911,1348,3.20
A4000283,P004,911,1348,2.40
A4200130,P001,911,1348,0.90
A4200130,P002,911,1348,0.60
A4200130,P003,911,1348,1.30
A4000283,P001,911,1354,3.00
A4000283,P002,911,1354,0.00
A4000283,P003,911,1354,2.60
A4000283,P004,911,1354,2.40
A4200130,P001,911,1354,0.90
A4200130,P002,911,1354,0.60
A4200130,P003,911,1354,1.30
A4000283,P001,911,1400,3.10
A4000283,P002,911,1400,0.00
A4000283,P003,911,1400,2.60
A4000283,P004,911,1400,2.60
A4200130,P001,911,1400,0.90
A4200130,P002,911,1400,0.60
A4200130,P003,911,1400,1.30
A4000283,P001,922,1400,4.00
A4000283,P001,923,1400,67.00
A4000283,P001,924,1400,10.00
A4000283,P001,926,1400,2.00
A4000283,P001,936,1400,11.70
A4000283,P002,922,1400,0.00
A4000283,P002,923,1400,0.00
A4000283,P002,924,1400,0.00
A4000283,P002,926,1400,0.00
A4000283,P002,936,1400,0.00
A4000283,P003,922,1400,0.00
A4000283,P003,923,1400,0.00
A4000283,P003,924,1400,0.00
A4000283,P003,926,1400,0.00
A4000283,P003,936,1400,0.00
A4000283,P004,922,1400,4.00
A4000283,P004,923,1400,74.00
A4000283,P004,924,1400,9.00
A4000283,P004,926,1400,4.00
A4000283,P004,936,1400,10.80
A4200130,P001,922,1400,6.00
A4200130,P001,923,1400,93.00
A4200130,P001,924,1400,10.00
A4200130,P001,926,1400,20.00
A4200130,P001,936,1400,11.30
A4200130,P002,922,1400,7.00
A4200130,P002,923,1400,97.00
A4200130,P002,924,1400,8.00
A4200130,P002,926,1400,18.00
A4200130,P002,936,1400,12.70
A4200130,P003,922,1400,10.00
A4200130,P003,923,1400,93.00
A4200130,P003,924,1400,6.00
A4200130,P003,926,1400,21.00
A4200130,P003,936,1400,11.90
A4200130,P001,911,1406,0.90
A4200130,P002,911,1406,0.60
A4200130,P003,911,1406,1.30
A4000283,P001,911,1406,3.20
A4000283,P002,911,1406,0.00
A4000283,P003,911,1406,2.50
A4000283,P004,911,1406,2.70
A4000283,P001,911,1412,3.00
A4000283,P002,911,1412,0.00
A4000283,P003,911,1412,3.20
A4000283,P004,911,1412,2.60
A4200130,P001,911,1412,0.90
A4200130,P002,911,1412,0.60
A4200130,P003,911,1412,1.30
A4000283,P001,922,1415,4.00
A4000283,P001,923,1415,69.00
A4000283,P001,924,1415,7.00
A4000283,P001,926,1415,2.00
A4000283,P001,936,1415,12.10
A4000283,P002,922,1415,0.00
A4000283,P002,923,1415,0.00
A4000283,P002,924,1415,0.00
A4000283,P002,926,1415,0.00
A4000283,P002,936,1415,0.00
A4000283,P003,922,1415,0.00
A4000283,P003,923,1415,0.00
A4000283,P003,924,1415,0.00
A4000283,P003,926,1415,0.00
A4000283,P003,936,1415,0.00
A4000283,P004,922,1415,4.00
A4000283,P004,923,1415,76.00
A4000283,P004,924,1415,6.00
A4000283,P004,926,1415,4.00
A4000283,P004,936,1415,11.00
A4200130,P001,922,1415,5.00
A4200130,P001,923,1415,97.00
A4200130,P001,924,1415,10.00
A4200130,P001,926,1415,20.00
A4200130,P001,936,1415,11.40
A4200130,P002,922,1415,7.00
A4200130,P002,923,1415,89.00
A4200130,P002,924,1415,8.00
A4200130,P002,926,1415,20.00
A4200130,P002,936,1415,12.70
A4200130,P003,922,1415,9.00
A4200130,P003,923,1415,96.00
A4200130,P003,924,1415,7.00
A4200130,P003,926,1415,21.00
A4200130,P003,936,1415,12.30
A4000283,P001,911,1418,3.00
A4000283,P002,911,1418,0.00
A4000283,P003,911,1418,2.50
A4000283,P004,911,1418,2.70
A4200130,P001,911,1418,0.90
A4200130,P002,911,1418,0.60
A4200130,P003,911,1418,1.30
A4000283,P001,911,1424,3.00
A4000283,P002,911,1424,0.00
A4000283,P003,911,1424,2.40
A4000283,P004,911,1424,2.50
A4200130,P001,911,1424,0.90
A4200130,P002,911,1424,0.60
A4200130,P003,911,1424,1.20
A4200130,P001,911,1430,0.90
A4200130,P002,911,1430,0.60
A4200130,P003,911,1430,1.30
A4000283,P001,911,1430,2.80
A4000283,P002,911,1430,0.00
A4000283,P003,911,1430,2.50
A4000283,P004,911,1430,2.60
A4000283,P001,922,1430,4.00
A4000283,P001,923,1430,76.00
A4000283,P001,924,1430,6.00
A4000283,P001,926,1430,3.00
A4000283,P001,936,1430,11.70
A4000283,P002,922,1430,0.00
A4000283,P002,923,1430,0.00
A4000283,P002,924,1430,0.00
A4000283,P002,926,1430,0.00
A4000283,P002,936,1430,0.00
A4000283,P003,922,1430,0.00
A4000283,P003,923,1430,0.00
A4000283,P003,924,1430,0.00
A4000283,P003,926,1430,0.00
A4000283,P003,936,1430,0.00
A4000283,P004,922,1430,5.00
A4000283,P004,923,1430,73.00
A4000283,P004,924,1430,5.00
A4000283,P004,926,1430,5.00
A4000283,P004,936,1430,12.30
A4200130,P001,922,1430,6.00
A4200130,P001,923,1430,89.00
A4200130,P001,924,1430,11.00
A4200130,P001,926,1430,19.00
A4200130,P001,936,1430,10.30
A4200130,P002,922,1430,7.00
A4200130,P002,923,1430,95.00
A4200130,P002,924,1430,7.00
A4200130,P002,926,1430,21.00
A4200130,P002,936,1430,12.50
A4200130,P003,922,1430,9.00
A4200130,P003,923,1430,92.00
A4200130,P003,924,1430,7.00
A4200130,P003,926,1430,22.00
A4200130,P003,936,1430,11.90
A4200130,P001,911,1436,0.90
A4200130,P002,911,1436,0.60
A4200130,P003,911,1436,1.30
A4000283,P001,911,1436,2.80
A4000283,P002,911,1436,0.00
A4000283,P003,911,1436,2.40
A4000283,P004,911,1436,2.70
A4000283,P001,911,1442,2.70
A4000283,P002,911,1442,0.00
A4000283,P003,911,1442,3.20
A4000283,P004,911,1442,2.40
A4200130,P001,911,1442,0.90
A4200130,P002,911,1442,0.50
A4200130,P003,911,1442,1.30
A4000283,P001,922,1445,3.00
A4000283,P001,923,1445,70.00
A4000283,P001,924,1445,7.00
A4000283,P001,926,1445,4.00
A4000283,P001,936,1445,11.60
A4000283,P002,922,1445,0.00
A4000283,P002,923,1445,0.00
A4000283,P002,924,1445,0.00
A4000283,P002,926,1445,0.00
A4000283,P002,936,1445,0.00
A4000283,P003,922,1445,0.00
A4000283,P003,923,1445,0.00
A4000283,P003,924,1445,0.00
A4000283,P003,926,1445,0.00
A4000283,P003,936,1445,0.00
A4000283,P004,922,1445,4.00
A4000283,P004,923,1445,65.00
A4000283,P004,924,1445,24.00
A4000283,P004,926,1445,4.00
A4000283,P004,936,1445,10.70
A4200130,P001,922,1445,7.00
A4200130,P001,923,1445,96.00
A4200130,P001,924,1445,9.00
A4200130,P001,926,1445,21.00
A4200130,P001,936,1445,10.80
A4200130,P002,922,1445,7.00
A4200130,P002,923,1445,90.00
A4200130,P002,924,1445,8.00
A4200130,P002,926,1445,19.00
A4200130,P002,936,1445,12.70
A4200130,P003,922,1445,8.00
A4200130,P003,923,1445,90.00
A4200130,P003,924,1445,7.00
A4200130,P003,926,1445,18.00
A4200130,P003,936,1445,11.80
A4000283,P001,911,1448,2.90
A4000283,P002,911,1448,0.00
A4000283,P003,911,1448,2.70
A4000283,P004,911,1448,2.70
A4200130,P001,911,1448,0.90
A4200130,P002,911,1448,0.50
A4200130,P003,911,1448,1.30
A4000283,P001,911,1454,2.80
A4000283,P002,911,1454,0.00
A4000283,P003,911,1454,2.90
A4000283,P004,911,1454,2.90
A4200130,P001,911,1454,0.90
A4200130,P002,911,1454,0.60
A4200130,P003,911,1454,1.30
A4200130,P001,911,1500,0.90
A4200130,P002,911,1500,0.60
A4200130,P003,911,1500,1.20
A4000283,P001,922,1500,3.00
A4000283,P001,923,1500,69.00
A4000283,P001,924,1500,7.00
A4000283,P001,926,1500,2.00
A4000283,P001,936,1500,11.00
A4000283,P002,922,1500,0.00
A4000283,P002,923,1500,0.00
A4000283,P002,924,1500,0.00
A4000283,P002,926,1500,0.00
A4000283,P002,936,1500,0.00
A4000283,P003,922,1500,4.00
A4000283,P003,923,1500,70.00
A4000283,P003,924,1500,8.00
A4000283,P003,926,1500,4.00
A4000283,P003,936,1500,11.40
A4000283,P004,922,1500,4.00
A4000283,P004,923,1500,63.00
A4000283,P004,924,1500,22.00
A4000283,P004,926,1500,4.00
A4000283,P004,936,1500,10.90
A4200130,P001,922,1500,7.00
A4200130,P001,923,1500,89.00
A4200130,P001,924,1500,9.00
A4200130,P001,926,1500,20.00
A4200130,P001,936,1500,10.70
A4200130,P002,922,1500,8.00
A4200130,P002,923,1500,92.00
A4200130,P002,924,1500,7.00
A4200130,P002,926,1500,20.00
A4200130,P002,936,1500,11.30
A4200130,P003,922,1500,9.00
A4200130,P003,923,1500,94.00
A4200130,P003,924,1500,7.00
A4200130,P003,926,1500,21.00
A4200130,P003,936,1500,11.80
A4000283,P001,911,1506,2.70
A4000283,P002,911,1506,0.00
A4000283,P003,911,1506,2.70
A4000283,P004,911,1506,2.60
A4200130,P001,911,1506,0.90
A4200130,P002,911,1506,0.60
A4200130,P003,911,1506,1.30
A4000283,P001,911,1512,3.00
A4000283,P002,911,1512,0.00
A4000283,P003,911,1512,2.90
A4000283,P004,911,1512,2.50
A4200130,P001,911,1512,0.90
A4200130,P002,911,1512,0.60
A4200130,P003,911,1512,1.30
A4000283,P001,922,1515,4.00
A4000283,P001,923,1515,65.00
A4000283,P001,924,1515,7.00
A4000283,P001,926,1515,3.00
A4000283,P001,936,1515,10.90
A4000283,P002,922,1515,0.00
A4000283,P002,923,1515,0.00
A4000283,P002,924,1515,0.00
A4000283,P002,926,1515,0.00
A4000283,P002,936,1515,0.00
A4000283,P003,922,1515,4.00
A4000283,P003,923,1515,56.00
A4000283,P003,924,1515,10.00
A4000283,P003,926,1515,4.00
A4000283,P003,936,1515,11.50
A4000283,P004,922,1515,4.00
A4000283,P004,923,1515,62.00
A4000283,P004,924,1515,9.00
A4000283,P004,926,1515,4.00
A4000283,P004,936,1515,11.00
A4200130,P001,922,1515,6.00
A4200130,P001,923,1515,91.00
A4200130,P001,924,1515,9.00
A4200130,P001,926,1515,20.00
A4200130,P001,936,1515,10.80
A4200130,P002,922,1515,8.00
A4200130,P002,923,1515,95.00
A4200130,P002,924,1515,7.00
A4200130,P002,926,1515,20.00
A4200130,P002,936,1515,12.60
A4200130,P003,922,1515,8.00
A4200130,P003,923,1515,101.00
A4200130,P003,924,1515,7.00
A4200130,P003,926,1515,20.00
A4200130,P003,936,1515,12.50
A4000283,P001,911,1518,2.80
A4000283,P002,911,1518,0.00
A4000283,P003,911,1518,2.20
A4000283,P004,911,1518,2.60
A4200130,P001,911,1518,0.90
A4200130,P002,911,1518,0.60
A4200130,P003,911,1518,1.30
A4000283,P001,911,1524,2.80
A4000283,P002,911,1524,0.00
A4000283,P003,911,1524,2.30
A4000283,P004,911,1524,2.90
A4200130,P001,911,1524,0.90
A4200130,P002,911,1524,0.60
A4200130,P003,911,1524,1.20
A4000283,P001,911,1530,2.90
A4000283,P002,911,1530,0.00
A4000283,P003,911,1530,2.40
A4000283,P004,911,1530,2.80
A4200130,P001,911,1530,0.90
A4200130,P002,911,1530,0.60
A4200130,P003,911,1530,1.30
A4000283,P001,922,1530,3.00
A4000283,P001,923,1530,58.00
A4000283,P001,924,1530,8.00
A4000283,P001,926,1530,4.00
A4000283,P001,936,1530,11.00
A4000283,P002,922,1530,0.00
A4000283,P002,923,1530,0.00
A4000283,P002,924,1530,0.00
A4000283,P002,926,1530,0.00
A4000283,P002,936,1530,0.00
A4000283,P003,922,1530,3.00
A4000283,P003,923,1530,50.00
A4000283,P003,924,1530,28.00
A4000283,P003,926,1530,4.00
A4000283,P003,936,1530,9.70
A4000283,P004,922,1530,5.00
A4000283,P004,923,1530,63.00
A4000283,P004,924,1530,7.00
A4000283,P004,926,1530,5.00
A4000283,P004,936,1530,12.00
A4200130,P001,922,1530,7.00
A4200130,P001,923,1530,98.00
A4200130,P001,924,1530,9.00
A4200130,P001,926,1530,21.00
A4200130,P001,936,1530,11.30
A4200130,P002,922,1530,9.00
A4200130,P002,923,1530,99.00
A4200130,P002,924,1530,8.00
A4200130,P002,926,1530,21.00
A4200130,P002,936,1530,12.10
A4200130,P003,922,1530,7.00
A4200130,P003,923,1530,92.00
A4200130,P003,924,1530,7.00
A4200130,P003,926,1530,17.00
A4200130,P003,936,1530,11.80
A4200130,P001,911,1536,0.90
A4200130,P002,911,1536,0.60
A4200130,P003,911,1536,1.30
A4000283,P001,911,1536,2.90
A4000283,P002,911,1536,0.00
A4000283,P003,911,1536,3.10
A4000283,P004,911,1536,2.70
A4000283,P001,911,1542,2.80
A4000283,P002,911,1542,0.00
A4000283,P003,911,1542,2.50
A4000283,P004,911,1542,2.50
A4200130,P001,911,1542,0.90
A4200130,P002,911,1542,0.50
A4200130,P003,911,1542,1.30
A4000283,P001,922,1545,2.00
A4000283,P001,923,1545,62.00
A4000283,P001,924,1545,9.00
A4000283,P001,926,1545,5.00
A4000283,P001,936,1545,12.40
A4000283,P002,922,1545,0.00
A4000283,P002,923,1545,0.00
A4000283,P002,924,1545,0.00
A4000283,P002,926,1545,0.00
A4000283,P002,936,1545,0.00
A4000283,P003,922,1545,3.00
A4000283,P003,923,1545,58.00
A4000283,P003,924,1545,26.00
A4000283,P003,926,1545,4.00
A4000283,P003,936,1545,10.70
A4000283,P004,922,1545,4.00
A4000283,P004,923,1545,66.00
A4000283,P004,924,1545,49.00
A4000283,P004,926,1545,4.00
A4000283,P004,936,1545,10.50
A4200130,P001,922,1545,7.00
A4200130,P001,923,1545,88.00
A4200130,P001,924,1545,8.00
A4200130,P001,926,1545,20.00
A4200130,P001,936,1545,10.50
A4200130,P002,922,1545,9.00
A4200130,P002,923,1545,103.00
A4200130,P002,924,1545,7.00
A4200130,P002,926,1545,21.00
A4200130,P002,936,1545,12.60
A4200130,P003,922,1545,9.00
A4200130,P003,923,1545,92.00
A4200130,P003,924,1545,7.00
A4200130,P003,926,1545,19.00
A4200130,P003,936,1545,12.00
A4000283,P001,911,1548,2.70
A4000283,P002,911,1548,0.00
A4000283,P003,911,1548,2.20
A4000283,P004,911,1548,2.80
A4200130,P001,911,1548,0.90
A4200130,P002,911,1548,0.60
A4200130,P003,911,1548,1.30
A4000283,P001,911,1554,2.70
A4000283,P002,911,1554,0.00
A4000283,P003,911,1554,2.40
A4000283,P004,911,1554,2.70
A4200130,P001,911,1554,0.90
A4200130,P002,911,1554,0.50
A4200130,P003,911,1554,1.20
A4000283,P001,911,1600,2.70
A4000283,P002,911,1600,0.00
A4000283,P003,911,1600,2.50
A4000283,P004,911,1600,2.90
A4200130,P001,911,1600,0.90
A4200130,P002,911,1600,0.50
A4200130,P003,911,1600,1.20
A4000283,P001,922,1600,2.00
A4000283,P001,923,1600,67.00
A4000283,P001,924,1600,11.00
A4000283,P001,926,1600,5.00
A4000283,P001,936,1600,12.20
A4000283,P002,922,1600,0.00
A4000283,P002,923,1600,0.00
A4000283,P002,924,1600,0.00
A4000283,P002,926,1600,0.00
A4000283,P002,936,1600,0.00
A4000283,P003,922,1600,4.00
A4000283,P003,923,1600,76.00
A4000283,P003,924,1600,6.00
A4000283,P003,926,1600,4.00
A4000283,P003,936,1600,11.20
A4000283,P004,922,1600,5.00
A4000283,P004,923,1600,72.00
A4000283,P004,924,1600,7.00
A4000283,P004,926,1600,5.00
A4000283,P004,936,1600,11.40
A4200130,P001,922,1600,8.00
A4200130,P001,923,1600,99.00
A4200130,P001,924,1600,10.00
A4200130,P001,926,1600,21.00
A4200130,P001,936,1600,11.40
A4200130,P002,922,1600,9.00
A4200130,P002,923,1600,99.00
A4200130,P002,924,1600,8.00
A4200130,P002,926,1600,20.00
A4200130,P002,936,1600,12.70
A4200130,P003,922,1600,8.00
A4200130,P003,923,1600,92.00
A4200130,P003,924,1600,7.00
A4200130,P003,926,1600,18.00
A4200130,P003,936,1600,12.10
A4200130,P001,911,1606,0.90
A4200130,P002,911,1606,0.60
A4200130,P003,911,1606,1.20
A4000283,P001,911,1606,2.50
A4000283,P002,911,1606,0.00
A4000283,P003,911,1606,3.80
A4000283,P004,911,1606,2.90
A4000283,P001,911,1612,2.70
A4000283,P002,911,1612,0.00
A4000283,P003,911,1612,2.50
A4000283,P004,911,1612,2.50
A4200130,P001,911,1612,0.90
A4200130,P002,911,1612,0.50
A4200130,P003,911,1612,1.20
A4000283,P001,922,1615,2.00
A4000283,P001,923,1615,72.00
A4000283,P001,924,1615,12.00
A4000283,P001,926,1615,4.00
A4000283,P001,936,1615,10.20
A4000283,P002,922,1615,0.00
A4000283,P002,923,1615,0.00
A4000283,P002,924,1615,0.00
A4000283,P002,926,1615,0.00
A4000283,P002,936,1615,0.00
A4000283,P003,922,1615,3.00
A4000283,P003,923,1615,72.00
A4000283,P003,924,1615,14.00
A4000283,P003,926,1615,4.00
A4000283,P003,936,1615,10.20
A4000283,P004,922,1615,4.00
A4000283,P004,923,1615,67.00
A4000283,P004,924,1615,17.00
A4000283,P004,926,1615,5.00
A4000283,P004,936,1615,11.10
A4200130,P001,922,1615,11.00
A4200130,P001,923,1615,100.00
A4200130,P001,924,1615,10.00
A4200130,P001,926,1615,23.00
A4200130,P001,936,1615,11.20
A4200130,P002,922,1615,11.00
A4200130,P002,923,1615,92.00
A4200130,P002,924,1615,8.00
A4200130,P002,926,1615,21.00
A4200130,P002,936,1615,12.10
A4200130,P003,922,1615,8.00
A4200130,P003,923,1615,97.00
A4200130,P003,924,1615,7.00
A4200130,P003,926,1615,18.00
A4200130,P003,936,1615,11.90
A4000283,P001,911,1618,2.60
A4000283,P002,911,1618,0.00
A4000283,P003,911,1618,2.30
A4000283,P004,911,1618,2.70
A4200130,P001,911,1618,0.90
A4200130,P002,911,1618,0.60
A4200130,P003,911,1618,1.20
A4000283,P001,911,1624,2.80
A4000283,P002,911,1624,0.00
A4000283,P003,911,1624,2.30
A4000283,P004,911,1624,2.60
A4200130,P001,911,1624,0.90
A4200130,P002,911,1624,0.60
A4200130,P003,911,1624,1.30
A4200130,P001,911,1630,0.90
A4200130,P002,911,1630,0.50
A4200130,P003,911,1630,1.20
A4000283,P001,911,1630,2.70
A4000283,P002,911,1630,0.00
A4000283,P003,911,1630,2.50
A4000283,P004,911,1630,2.60
A4000283,P001,922,1630,2.00
A4000283,P001,923,1630,75.00
A4000283,P001,924,1630,12.00
A4000283,P001,926,1630,4.00
A4000283,P001,936,1630,10.70
A4000283,P002,922,1630,0.00
A4000283,P002,923,1630,0.00
A4000283,P002,924,1630,0.00
A4000283,P002,926,1630,0.00
A4000283,P002,936,1630,0.00
A4000283,P003,922,1630,3.00
A4000283,P003,923,1630,51.00
A4000283,P003,924,1630,17.00
A4000283,P003,926,1630,4.00
A4000283,P003,936,1630,10.60
A4000283,P004,922,1630,4.00
A4000283,P004,923,1630,73.00
A4000283,P004,924,1630,7.00
A4000283,P004,926,1630,4.00
A4000283,P004,936,1630,10.70
A4200130,P001,922,1630,12.00
A4200130,P001,923,1630,87.00
A4200130,P001,924,1630,10.00
A4200130,P001,926,1630,22.00
A4200130,P001,936,1630,10.60
A4200130,P002,922,1630,13.00
A4200130,P002,923,1630,89.00
A4200130,P002,924,1630,9.00
A4200130,P002,926,1630,23.00
A4200130,P002,936,1630,11.90
A4200130,P003,922,1630,11.00
A4200130,P003,923,1630,90.00
A4200130,P003,924,1630,7.00
A4200130,P003,926,1630,21.00
A4200130,P003,936,1630,10.90
A4200130,P001,911,1636,0.90
A4200130,P002,911,1636,0.50
A4200130,P003,911,1636,1.20
A4000283,P001,911,1636,2.70
A4000283,P002,911,1636,0.00
A4000283,P003,911,1636,3.50
A4000283,P004,911,1636,2.70
A4200130,P001,911,1642,0.90
A4200130,P002,911,1642,0.60
A4200130,P003,911,1642,1.20
A4000283,P001,911,1642,2.90
A4000283,P002,911,1642,0.00
A4000283,P003,911,1642,2.60
A4000283,P004,911,1642,2.90
A4000283,P001,922,1645,2.00
A4000283,P001,923,1645,78.00
A4000283,P001,924,1645,7.00
A4000283,P001,926,1645,4.00
A4000283,P001,936,1645,12.00
A4000283,P002,922,1645,0.00
A4000283,P002,923,1645,0.00
A4000283,P002,924,1645,0.00
A4000283,P002,926,1645,0.00
A4000283,P002,936,1645,0.00
A4000283,P003,922,1645,3.00
A4000283,P003,923,1645,67.00
A4000283,P003,924,1645,14.00
A4000283,P003,926,1645,4.00
A4000283,P003,936,1645,10.30
A4000283,P004,922,1645,4.00
A4000283,P004,923,1645,72.00
A4000283,P004,924,1645,12.00
A4000283,P004,926,1645,4.00
A4000283,P004,936,1645,10.60
A4200130,P001,922,1645,12.00
A4200130,P001,923,1645,98.00
A4200130,P001,924,1645,10.00
A4200130,P001,926,1645,23.00
A4200130,P001,936,1645,11.50
A4200130,P002,922,1645,12.00
A4200130,P002,923,1645,90.00
A4200130,P002,924,1645,9.00
A4200130,P002,926,1645,20.00
A4200130,P002,936,1645,12.10
A4200130,P003,922,1645,11.00
A4200130,P003,923,1645,96.00
A4200130,P003,924,1645,7.00
A4200130,P003,926,1645,21.00
A4200130,P003,936,1645,11.80
A4400916,P001,922,1645,0.00
A4400916,P001,923,1645,0.00
A4400916,P001,924,1645,0.00
A4400916,P001,926,1645,0.00
A4400916,P001,936,1645,0.00
A4400916,P002,922,1645,0.00
A4400916,P002,923,1645,0.00
A4400916,P002,924,1645,0.00
A4400916,P002,926,1645,0.00
A4400916,P002,936,1645,0.00
A4400916,P003,922,1645,0.00
A4400916,P003,923,1645,0.00
A4400916,P003,924,1645,0.00
A4400916,P003,926,1645,0.00
A4400916,P003,936,1645,0.00
A4400916,P004,922,1645,0.00
A4400916,P004,923,1645,0.00
A4400916,P004,924,1645,0.00
A4400916,P004,926,1645,0.00
A4400916,P004,936,1645,0.00
A4000283,P001,911,1654,2.70
A4000283,P002,911,1654,0.00
A4000283,P003,911,1654,2.40
A4000283,P004,911,1654,2.80
A4200130,P001,911,1654,0.90
A4200130,P002,911,1654,0.50
A4200130,P003,911,1654,1.30
A4400916,P001,911,1654,0.00
A4400916,P002,911,1654,0.00
A4400916,P003,911,1654,0.00
A4400916,P004,911,1654,0.00
A4200130,P001,911,1700,0.90
A4200130,P002,911,1700,0.60
A4200130,P003,911,1700,1.30
A4000283,P001,922,1700,2.00
A4000283,P001,923,1700,73.00
A4000283,P001,924,1700,7.00
A4000283,P001,926,1700,4.00
A4000283,P001,936,1700,11.40
A4000283,P002,922,1700,0.00
A4000283,P002,923,1700,0.00
A4000283,P002,924,1700,0.00
A4000283,P002,926,1700,0.00
A4000283,P002,936,1700,0.00
A4000283,P003,922,1700,3.00
A4000283,P003,923,1700,78.00
A4000283,P003,924,1700,11.00
A4000283,P003,926,1700,4.00
A4000283,P003,936,1700,10.80
A4000283,P004,922,1700,5.00
A4000283,P004,923,1700,77.00
A4000283,P004,924,1700,9.00
A4000283,P004,926,1700,5.00
A4000283,P004,936,1700,11.20
A4200130,P001,922,1700,9.00
A4200130,P001,923,1700,96.00
A4200130,P001,924,1700,10.00
A4200130,P001,926,1700,22.00
A4200130,P001,936,1700,11.20
A4200130,P002,922,1700,11.00
A4200130,P002,923,1700,78.00
A4200130,P002,924,1700,16.00
A4200130,P002,926,1700,17.00
A4200130,P002,936,1700,10.80
A4200130,P003,922,1700,13.00
A4200130,P003,923,1700,88.00
A4200130,P003,924,1700,6.00
A4200130,P003,926,1700,24.00
A4200130,P003,936,1700,10.40
A4000283,P001,911,1706,2.80
A4000283,P002,911,1706,0.00
A4000283,P003,911,1706,2.50
A4000283,P004,911,1706,2.90
A4200130,P001,911,1706,0.90
A4200130,P002,911,1706,0.50
A4200130,P003,911,1706,1.30
A4200130,P001,911,1712,0.90
A4200130,P002,911,1712,0.50
A4200130,P003,911,1712,1.30
A4000283,P001,911,1712,3.00
A4000283,P002,911,1712,0.00
A4000283,P003,911,1712,2.50
A4000283,P004,911,1712,3.10
A4000283,P001,922,1715,2.00
A4000283,P001,923,1715,75.00
A4000283,P001,924,1715,7.00
A4000283,P001,926,1715,4.00
A4000283,P001,936,1715,11.90
A4000283,P002,922,1715,0.00
A4000283,P002,923,1715,0.00
A4000283,P002,924,1715,0.00
A4000283,P002,926,1715,0.00
A4000283,P002,936,1715,0.00
A4000283,P003,922,1715,3.00
A4000283,P003,923,1715,67.00
A4000283,P003,924,1715,9.00
A4000283,P003,926,1715,4.00
A4000283,P003,936,1715,10.70
A4000283,P004,922,1715,5.00
A4000283,P004,923,1715,84.00
A4000283,P004,924,1715,5.00
A4000283,P004,926,1715,5.00
A4000283,P004,936,1715,11.70
A4200130,P001,922,1715,9.00
A4200130,P001,923,1715,98.00
A4200130,P001,924,1715,9.00
A4200130,P001,926,1715,21.00
A4200130,P001,936,1715,11.10
A4200130,P002,922,1715,17.00
A4200130,P002,923,1715,86.00
A4200130,P002,924,1715,10.00
A4200130,P002,926,1715,21.00
A4200130,P002,936,1715,11.20
A4200130,P003,922,1715,14.00
A4200130,P003,923,1715,93.00
A4200130,P003,924,1715,6.00
A4200130,P003,926,1715,24.00
A4200130,P003,936,1715,10.40
A4000283,P001,911,1718,2.90
A4000283,P002,911,1718,0.00
A4000283,P003,911,1718,2.40
A4000283,P004,911,1718,2.80
A4200130,P001,911,1718,0.90
A4200130,P002,911,1718,0.60
A4200130,P003,911,1718,1.30
A4000283,P001,911,1724,3.00
A4000283,P002,911,1724,0.00
A4000283,P003,911,1724,2.60
A4000283,P004,911,1724,2.90
A4200130,P001,911,1724,0.90
A4200130,P002,911,1724,0.60
A4200130,P003,911,1724,1.20
A4000283,P001,911,1730,2.90
A4000283,P002,911,1730,0.00
A4000283,P003,911,1730,3.40
A4000283,P004,911,1730,3.00
A4200130,P001,911,1730,0.90
A4200130,P002,911,1730,0.50
A4200130,P003,911,1730,1.30
A4000283,P001,922,1730,2.00
A4000283,P001,923,1730,82.00
A4000283,P001,924,1730,9.00
A4000283,P001,926,1730,4.00
A4000283,P001,936,1730,11.20
A4000283,P002,922,1730,0.00
A4000283,P002,923,1730,0.00
A4000283,P002,924,1730,0.00
A4000283,P002,926,1730,0.00
A4000283,P002,936,1730,0.00
A4000283,P003,922,1730,3.00
A4000283,P003,923,1730,72.00
A4000283,P003,924,1730,12.00
A4000283,P003,926,1730,4.00
A4000283,P003,936,1730,10.40
A4000283,P004,922,1730,5.00
A4000283,P004,923,1730,76.00
A4000283,P004,924,1730,9.00
A4000283,P004,926,1730,4.00
A4000283,P004,936,1730,10.80
A4200130,P001,922,1730,8.00
A4200130,P001,923,1730,95.00
A4200130,P001,924,1730,10.00
A4200130,P001,926,1730,20.00
A4200130,P001,936,1730,11.10
A4200130,P002,922,1730,12.00
A4200130,P002,923,1730,86.00
A4200130,P002,924,1730,6.00
A4200130,P002,926,1730,18.00
A4200130,P002,936,1730,11.40
A4200130,P003,922,1730,11.00
A4200130,P003,923,1730,95.00
A4200130,P003,924,1730,6.00
A4200130,P003,926,1730,19.00
A4200130,P003,936,1730,11.20
A4200130,P001,911,1736,0.90
A4200130,P002,911,1736,0.60
A4200130,P003,911,1736,1.20
A4000283,P001,911,1736,3.10
A4000283,P002,911,1736,0.00
A4000283,P003,911,1736,2.60
A4000283,P004,911,1736,3.60
A4200130,P001,911,1742,0.90
A4200130,P002,911,1742,0.60
A4200130,P003,911,1742,1.20
A4000283,P001,911,1742,3.00
A4000283,P002,911,1742,0.00
A4000283,P003,911,1742,2.80
A4000283,P004,911,1742,3.30
A4000283,P001,922,1745,2.00
A4000283,P001,923,1745,81.00
A4000283,P001,924,1745,12.00
A4000283,P001,926,1745,5.00
A4000283,P001,936,1745,11.60
A4000283,P002,922,1745,0.00
A4000283,P002,923,1745,0.00
A4000283,P002,924,1745,0.00
A4000283,P002,926,1745,0.00
A4000283,P002,936,1745,0.00
A4000283,P003,922,1745,4.00
A4000283,P003,923,1745,74.00
A4000283,P003,924,1745,19.00
A4000283,P003,926,1745,4.00
A4000283,P003,936,1745,11.00
A4000283,P004,922,1745,5.00
A4000283,P004,923,1745,87.00
A4000283,P004,924,1745,17.00
A4000283,P004,926,1745,5.00
A4000283,P004,936,1745,11.70
A4200130,P001,922,1745,9.00
A4200130,P001,923,1745,99.00
A4200130,P001,924,1745,10.00
A4200130,P001,926,1745,21.00
A4200130,P001,936,1745,11.50
A4200130,P002,922,1745,10.00
A4200130,P002,923,1745,89.00
A4200130,P002,924,1745,10.00
A4200130,P002,926,1745,17.00
A4200130,P002,936,1745,12.10
A4200130,P003,922,1745,10.00
A4200130,P003,923,1745,94.00
A4200130,P003,924,1745,6.00
A4200130,P003,926,1745,20.00
A4200130,P003,936,1745,11.70
A4000283,P001,911,1748,2.80
A4000283,P002,911,1748,0.00
A4000283,P003,911,1748,2.40
A4000283,P004,911,1748,2.90
A4200130,P001,911,1748,0.90
A4200130,P002,911,1748,0.60
A4200130,P003,911,1748,1.20
A4000283,P001,911,1754,2.80
A4000283,P002,911,1754,0.00
A4000283,P003,911,1754,2.30
A4000283,P004,911,1754,2.70
A4200130,P001,911,1754,1.00
A4200130,P002,911,1754,0.60
A4200130,P003,911,1754,1.20
A4000283,P001,911,1800,2.90
A4000283,P002,911,1800,0.00
A4000283,P003,911,1800,3.40
A4000283,P004,911,1800,3.10
A4200130,P001,911,1800,0.90
A4200130,P002,911,1800,0.50
A4200130,P003,911,1800,1.20
A4000283,P001,922,1800,2.00
A4000283,P001,923,1800,87.00
A4000283,P001,924,1800,13.00
A4000283,P001,926,1800,5.00
A4000283,P001,936,1800,11.10
A4000283,P002,922,1800,0.00
A4000283,P002,923,1800,0.00
A4000283,P002,924,1800,0.00
A4000283,P002,926,1800,0.00
A4000283,P002,936,1800,0.00
A4000283,P003,922,1800,3.00
A4000283,P003,923,1800,83.00
A4000283,P003,924,1800,9.00
A4000283,P003,926,1800,4.00
A4000283,P003,936,1800,10.50
A4000283,P004,922,1800,4.00
A4000283,P004,923,1800,83.00
A4000283,P004,924,1800,33.00
A4000283,P004,926,1800,4.00
A4000283,P004,936,1800,10.80
A4200130,P001,922,1800,11.00
A4200130,P001,923,1800,103.00
A4200130,P001,924,1800,10.00
A4200130,P001,926,1800,22.00
A4200130,P001,936,1800,12.00
A4200130,P002,922,1800,13.00
A4200130,P002,923,1800,84.00
A4200130,P002,924,1800,14.00
A4200130,P002,926,1800,20.00
A4200130,P002,936,1800,10.90
A4200130,P003,922,1800,8.00
A4200130,P003,923,1800,94.00
A4200130,P003,924,1800,7.00
A4200130,P003,926,1800,19.00
A4200130,P003,936,1800,12.40
A4200130,P001,911,1806,1.00
A4200130,P002,911,1806,0.60
A4200130,P003,911,1806,1.20
A4000283,P001,911,1806,2.80
A4000283,P002,911,1806,0.00
A4000283,P003,911,1806,2.40
A4000283,P004,911,1806,3.10
A4200130,P001,911,1812,0.90
A4200130,P002,911,1812,0.50
A4200130,P003,911,1812,1.30
A4000283,P001,911,1812,2.80
A4000283,P002,911,1812,0.00
A4000283,P003,911,1812,2.40
A4000283,P004,911,1812,2.80
A4000283,P001,922,1815,3.00
A4000283,P001,923,1815,91.00
A4000283,P001,924,1815,10.00
A4000283,P001,926,1815,4.00
A4000283,P001,936,1815,11.00
A4000283,P002,922,1815,0.00
A4000283,P002,923,1815,0.00
A4000283,P002,924,1815,0.00
A4000283,P002,926,1815,0.00
A4000283,P002,936,1815,0.00
A4000283,P003,922,1815,3.00
A4000283,P003,923,1815,64.00
A4000283,P003,924,1815,12.00
A4000283,P003,926,1815,4.00
A4000283,P003,936,1815,10.50
A4000283,P004,922,1815,4.00
A4000283,P004,923,1815,80.00
A4000283,P004,924,1815,10.00
A4000283,P004,926,1815,4.00
A4000283,P004,936,1815,11.10
A4200130,P001,922,1815,9.00
A4200130,P001,923,1815,94.00
A4200130,P001,924,1815,11.00
A4200130,P001,926,1815,21.00
A4200130,P001,936,1815,11.90
A4200130,P002,922,1815,15.00
A4200130,P002,923,1815,78.00
A4200130,P002,924,1815,20.00
A4200130,P002,926,1815,24.00
A4200130,P002,936,1815,10.70
A4200130,P003,922,1815,7.00
A4200130,P003,923,1815,99.00
A4200130,P003,924,1815,9.00
A4200130,P003,926,1815,16.00
A4200130,P003,936,1815,12.80
A4000283,P001,911,1818,2.80
A4000283,P002,911,1818,0.00
A4000283,P003,911,1818,2.40
A4000283,P004,911,1818,2.70
A4200130,P001,911,1818,0.90
A4200130,P002,911,1818,0.50
A4200130,P003,911,1818,1.30
A4000283,P001,911,1824,3.30
A4000283,P002,911,1824,0.00
A4000283,P003,911,1824,3.10
A4000283,P004,911,1824,2.90
A4200130,P001,911,1824,0.90
A4200130,P002,911,1824,0.60
A4200130,P003,911,1824,1.20
A4200130,P001,911,1830,1.00
A4200130,P002,911,1830,0.60
A4200130,P003,911,1830,1.20
A4000283,P001,911,1830,2.80
A4000283,P002,911,1830,0.00
A4000283,P003,911,1830,2.60
A4000283,P004,911,1830,3.10
A4000283,P001,922,1830,2.00
A4000283,P001,923,1830,70.00
A4000283,P001,924,1830,35.00
A4000283,P001,926,1830,4.00
A4000283,P001,936,1830,10.50
A4000283,P002,922,1830,0.00
A4000283,P002,923,1830,0.00
A4000283,P002,924,1830,0.00
A4000283,P002,926,1830,0.00
A4000283,P002,936,1830,0.00
A4000283,P003,922,1830,3.00
A4000283,P003,923,1830,43.00
A4000283,P003,924,1830,54.00
A4000283,P003,926,1830,4.00
A4000283,P003,936,1830,10.20
A4000283,P004,922,1830,4.00
A4000283,P004,923,1830,73.00
A4000283,P004,924,1830,9.00
A4000283,P004,926,1830,4.00
A4000283,P004,936,1830,10.60
A4200130,P001,922,1830,7.00
A4200130,P001,923,1830,88.00
A4200130,P001,924,1830,10.00
A4200130,P001,926,1830,19.00
A4200130,P001,936,1830,11.00
A4200130,P002,922,1830,13.00
A4200130,P002,923,1830,85.00
A4200130,P002,924,1830,16.00
A4200130,P002,926,1830,21.00
A4200130,P002,936,1830,11.20
A4200130,P003,922,1830,8.00
A4200130,P003,923,1830,95.00
A4200130,P003,924,1830,7.00
A4200130,P003,926,1830,21.00
A4200130,P003,936,1830,12.10
A4200130,P001,911,1836,0.90
A4200130,P002,911,1836,0.60
A4200130,P003,911,1836,1.20
A4000283,P001,911,1836,2.70
A4000283,P002,911,1836,0.00
A4000283,P003,911,1836,3.30
A4000283,P004,911,1836,2.90
A4000283,P001,911,1842,2.80
A4000283,P002,911,1842,0.00
A4000283,P003,911,1842,2.60
A4000283,P004,911,1842,2.80
A4200130,P001,911,1842,1.00
A4200130,P002,911,1842,0.60
A4200130,P003,911,1842,1.20
A4000283,P001,922,1845,2.00
A4000283,P001,923,1845,54.00
A4000283,P001,924,1845,44.00
A4000283,P001,926,1845,4.00
A4000283,P001,936,1845,10.60
A4000283,P002,922,1845,0.00
A4000283,P002,923,1845,0.00
A4000283,P002,924,1845,0.00
A4000283,P002,926,1845,0.00
A4000283,P002,936,1845,0.00
A4000283,P003,922,1845,4.00
A4000283,P003,923,1845,63.00
A4000283,P003,924,1845,33.00
A4000283,P003,926,1845,5.00
A4000283,P003,936,1845,11.30
A4000283,P004,922,1845,4.00
A4000283,P004,923,1845,81.00
A4000283,P004,924,1845,5.00
A4000283,P004,926,1845,5.00
A4000283,P004,936,1845,11.40
A4200130,P001,922,1845,7.00
A4200130,P001,923,1845,98.00
A4200130,P001,924,1845,11.00
A4200130,P001,926,1845,20.00
A4200130,P001,936,1845,12.10
A4200130,P002,922,1845,12.00
A4200130,P002,923,1845,81.00
A4200130,P002,924,1845,10.00
A4200130,P002,926,1845,18.00
A4200130,P002,936,1845,11.00
A4200130,P003,922,1845,10.00
A4200130,P003,923,1845,90.00
A4200130,P003,924,1845,6.00
A4200130,P003,926,1845,23.00
A4200130,P003,936,1845,11.10
A4000283,P001,911,1848,2.90
A4000283,P002,911,1848,0.00
A4000283,P003,911,1848,2.50
A4000283,P004,911,1848,2.80
A4200130,P001,911,1848,1.00
A4200130,P002,911,1848,0.60
A4200130,P003,911,1848,1.20
A4000283,P001,911,1854,2.80
A4000283,P002,911,1854,0.00
A4000283,P003,911,1854,3.40
A4000283,P004,911,1854,3.10
A4200130,P001,911,1854,1.00
A4200130,P002,911,1854,0.50
A4200130,P003,911,1854,1.20
A4200130,P001,911,1900,1.00
A4200130,P002,911,1900,0.60
A4200130,P003,911,1900,1.20
A4000283,P001,922,1900,3.00
A4000283,P001,923,1900,69.00
A4000283,P001,924,1900,15.00
A4000283,P001,926,1900,5.00
A4000283,P001,936,1900,11.50
A4000283,P002,922,1900,0.00
A4000283,P002,923,1900,0.00
A4000283,P002,924,1900,0.00
A4000283,P002,926,1900,0.00
A4000283,P002,936,1900,0.00
A4000283,P003,922,1900,4.00
A4000283,P003,923,1900,85.00
A4000283,P003,924,1900,15.00
A4000283,P003,926,1900,4.00
A4000283,P003,936,1900,11.30
A4000283,P004,922,1900,5.00
A4000283,P004,923,1900,86.00
A4000283,P004,924,1900,5.00
A4000283,P004,926,1900,5.00
A4000283,P004,936,1900,11.90
A4200130,P001,922,1900,8.00
A4200130,P001,923,1900,98.00
A4200130,P001,924,1900,10.00
A4200130,P001,926,1900,21.00
A4200130,P001,936,1900,12.20
A4200130,P002,922,1900,13.00
A4200130,P002,923,1900,87.00
A4200130,P002,924,1900,11.00
A4200130,P002,926,1900,21.00
A4200130,P002,936,1900,11.90
A4200130,P003,922,1900,8.00
A4200130,P003,923,1900,96.00
A4200130,P003,924,1900,7.00
A4200130,P003,926,1900,21.00
A4200130,P003,936,1900,12.10
A4000283,P001,911,1906,2.80
A4000283,P002,911,1906,0.00
A4000283,P003,911,1906,2.70
A4000283,P004,911,1906,2.60
A4200130,P001,911,1906,0.90
A4200130,P002,911,1906,0.60
A4200130,P003,911,1906,1.30
A4000283,P001,911,1912,3.00
A4000283,P002,911,1912,0.00
A4000283,P003,911,1912,2.60
A4000283,P004,911,1912,2.60
A4200130,P001,911,1912,0.90
A4200130,P002,911,1912,0.60
A4200130,P003,911,1912,1.30
A4000283,P001,922,1915,3.00
A4000283,P001,923,1915,79.00
A4000283,P001,924,1915,16.00
A4000283,P001,926,1915,4.00
A4000283,P001,936,1915,11.50
A4000283,P002,922,1915,0.00
A4000283,P002,923,1915,0.00
A4000283,P002,924,1915,0.00
A4000283,P002,926,1915,0.00
A4000283,P002,936,1915,0.00
A4000283,P003,922,1915,3.00
A4000283,P003,923,1915,83.00
A4000283,P003,924,1915,9.00
A4000283,P003,926,1915,4.00
A4000283,P003,936,1915,10.60
A4000283,P004,922,1915,4.00
A4000283,P004,923,1915,79.00
A4000283,P004,924,1915,23.00
A4000283,P004,926,1915,5.00
A4000283,P004,936,1915,10.80
A4200130,P001,922,1915,6.00
A4200130,P001,923,1915,85.00
A4200130,P001,924,1915,11.00
A4200130,P001,926,1915,19.00
A4200130,P001,936,1915,11.10
A4200130,P002,922,1915,11.00
A4200130,P002,923,1915,87.00
A4200130,P002,924,1915,11.00
A4200130,P002,926,1915,21.00
A4200130,P002,936,1915,12.80
A4200130,P003,922,1915,8.00
A4200130,P003,923,1915,94.00
A4200130,P003,924,1915,7.00
A4200130,P003,926,1915,20.00
A4200130,P003,936,1915,11.70
A4400916,P001,922,1915,0.00
A4400916,P001,923,1915,0.00
A4400916,P001,924,1915,0.00
A4400916,P001,926,1915,0.00
A4400916,P001,936,1915,0.00
A4400916,P002,922,1915,0.00
A4400916,P002,923,1915,0.00
A4400916,P002,924,1915,0.00
A4400916,P002,926,1915,0.00
A4400916,P002,936,1915,0.00
A4400916,P003,922,1915,0.00
A4400916,P003,923,1915,0.00
A4400916,P003,924,1915,0.00
A4400916,P003,926,1915,0.00
A4400916,P003,936,1915,0.00
A4400916,P004,922,1915,0.00
A4400916,P004,923,1915,0.00
A4400916,P004,924,1915,0.00
A4400916,P004,926,1915,0.00
A4400916,P004,936,1915,0.00
A4000283,P001,911,1918,2.80
A4000283,P002,911,1918,0.00
A4000283,P003,911,1918,2.90
A4000283,P004,911,1918,3.20
A4200130,P001,911,1918,0.90
A4200130,P002,911,1918,0.50
A4200130,P003,911,1918,1.30
A4000283,P001,911,1924,2.80
A4000283,P002,911,1924,0.00
A4000283,P003,911,1924,3.70
A4000283,P004,911,1924,2.90
A4200130,P001,911,1924,0.90
A4200130,P002,911,1924,0.60
A4200130,P003,911,1924,1.20
A4000283,P001,911,1930,2.80
A4000283,P002,911,1930,0.00
A4000283,P003,911,1930,2.90
A4000283,P004,911,1930,2.80
A4200130,P001,911,1930,0.90
A4200130,P002,911,1930,0.60
A4200130,P003,911,1930,1.30
A4400916,P001,911,1930,0.00
A4400916,P002,911,1930,0.00
A4400916,P003,911,1930,0.00
A4400916,P004,911,1930,0.00
A4000283,P001,922,1930,4.00
A4000283,P001,923,1930,75.00
A4000283,P001,924,1930,12.00
A4000283,P001,926,1930,5.00
A4000283,P001,936,1930,11.10
A4000283,P002,922,1930,0.00
A4000283,P002,923,1930,0.00
A4000283,P002,924,1930,0.00
A4000283,P002,926,1930,0.00
A4000283,P002,936,1930,0.00
A4000283,P003,922,1930,3.00
A4000283,P003,923,1930,65.00
A4000283,P003,924,1930,11.00
A4000283,P003,926,1930,4.00
A4000283,P003,936,1930,10.80
A4000283,P004,922,1930,5.00
A4000283,P004,923,1930,87.00
A4000283,P004,924,1930,7.00
A4000283,P004,926,1930,4.00
A4000283,P004,936,1930,11.10
A4200130,P001,922,1930,9.00
A4200130,P001,923,1930,87.00
A4200130,P001,924,1930,11.00
A4200130,P001,926,1930,21.00
A4200130,P001,936,1930,11.30
A4200130,P002,922,1930,8.00
A4200130,P002,923,1930,100.00
A4200130,P002,924,1930,9.00
A4200130,P002,926,1930,19.00
A4200130,P002,936,1930,13.80
A4200130,P003,922,1930,8.00
A4200130,P003,923,1930,92.00
A4200130,P003,924,1930,7.00
A4200130,P003,926,1930,18.00
A4200130,P003,936,1930,11.70
A4400916,P001,922,1930,0.00
A4400916,P001,923,1930,0.00
A4400916,P001,924,1930,0.00
A4400916,P001,926,1930,0.00
A4400916,P001,936,1930,0.00
A4400916,P002,922,1930,0.00
A4400916,P002,923,1930,0.00
A4400916,P002,924,1930,0.00
A4400916,P002,926,1930,0.00
A4400916,P002,936,1930,0.00
A4400916,P003,922,1930,0.00
A4400916,P003,923,1930,0.00
A4400916,P003,924,1930,0.00
A4400916,P003,926,1930,0.00
A4400916,P003,936,1930,0.00
A4400916,P004,922,1930,0.00
A4400916,P004,923,1930,0.00
A4400916,P004,924,1930,0.00
A4400916,P004,926,1930,0.00
A4400916,P004,936,1930,0.00
A4200130,P001,911,1936,0.90
A4200130,P002,911,1936,0.60
A4200130,P003,911,1936,1.30
A4000283,P001,911,1936,3.10
A4000283,P002,911,1936,0.00
A4000283,P003,911,1936,2.60
A4000283,P004,911,1936,2.90
A4400916,P001,911,1936,0.00
A4400916,P002,911,1936,0.00
A4400916,P003,911,1936,0.00
A4400916,P004,911,1936,0.00
A4000283,P001,911,1942,3.10
A4000283,P002,911,1942,0.00
A4000283,P003,911,1942,2.70
A4000283,P004,911,1942,3.80
A4200130,P001,911,1942,1.00
A4200130,P002,911,1942,0.60
A4200130,P003,911,1942,1.20
A4400916,P001,911,1942,0.00
A4400916,P002,911,1942,0.00
A4400916,P003,911,1942,0.00
A4400916,P004,911,1942,0.00
A4000283,P001,922,1945,4.00
A4000283,P001,923,1945,79.00
A4000283,P001,924,1945,8.00
A4000283,P001,926,1945,6.00
A4000283,P001,936,1945,11.60
A4000283,P002,922,1945,0.00
A4000283,P002,923,1945,0.00
A4000283,P002,924,1945,0.00
A4000283,P002,926,1945,0.00
A4000283,P002,936,1945,0.00
A4000283,P003,922,1945,3.00
A4000283,P003,923,1945,74.00
A4000283,P003,924,1945,5.00
A4000283,P003,926,1945,4.00
A4000283,P003,936,1945,10.80
A4000283,P004,922,1945,5.00
A4000283,P004,923,1945,85.00
A4000283,P004,924,1945,5.00
A4000283,P004,926,1945,5.00
A4000283,P004,936,1945,11.30
A4200130,P001,922,1945,7.00
A4200130,P001,923,1945,95.00
A4200130,P001,924,1945,10.00
A4200130,P001,926,1945,20.00
A4200130,P001,936,1945,11.70
A4200130,P002,922,1945,9.00
A4200130,P002,923,1945,102.00
A4200130,P002,924,1945,8.00
A4200130,P002,926,1945,21.00
A4200130,P002,936,1945,13.30
A4200130,P003,922,1945,9.00
A4200130,P003,923,1945,94.00
A4200130,P003,924,1945,6.00
A4200130,P003,926,1945,24.00
A4200130,P003,936,1945,11.10
A4400916,P001,922,1945,0.00
A4400916,P001,923,1945,0.00
A4400916,P001,924,1945,0.00
A4400916,P001,926,1945,0.00
A4400916,P001,936,1945,0.00
A4400916,P002,922,1945,0.00
A4400916,P002,923,1945,0.00
A4400916,P002,924,1945,0.00
A4400916,P002,926,1945,0.00
A4400916,P002,936,1945,0.00
A4400916,P003,922,1945,0.00
A4400916,P003,923,1945,0.00
A4400916,P003,924,1945,0.00
A4400916,P003,926,1945,0.00
A4400916,P003,936,1945,0.00
A4400916,P004,922,1945,0.00
A4400916,P004,923,1945,0.00
A4400916,P004,924,1945,0.00
A4400916,P004,926,1945,0.00
A4400916,P004,936,1945,0.00
A4000283,P001,911,1948,2.80
A4000283,P002,911,1948,0.00
A4000283,P003,911,1948,3.20
A4000283,P004,911,1948,3.00
A4200130,P001,911,1948,0.90
A4200130,P002,911,1948,0.60
A4200130,P003,911,1948,1.20
A4400916,P001,911,1948,0.00
A4400916,P002,911,1948,0.00
A4400916,P003,911,1948,0.00
A4400916,P004,911,1948,0.00
A4000283,P001,911,1954,2.90
A4000283,P002,911,1954,0.00
A4000283,P003,911,1954,2.70
A4000283,P004,911,1954,4.40
A4200130,P001,911,1954,0.90
A4200130,P002,911,1954,0.60
A4200130,P003,911,1954,1.30
A4400916,P001,911,1954,0.00
A4400916,P002,911,1954,0.00
A4400916,P003,911,1954,0.00
A4400916,P004,911,1954,0.00
A4000283,P001,911,2000,3.10
A4000283,P002,911,2000,0.00
A4000283,P003,911,2000,2.70
A4000283,P004,911,2000,9.80
A4200130,P001,911,2000,0.90
A4200130,P002,911,2000,0.60
A4200130,P003,911,2000,1.30
A4400916,P001,911,2000,0.00
A4400916,P002,911,2000,0.00
A4400916,P003,911,2000,0.00
A4400916,P004,911,2000,0.00
A4000283,P001,922,2000,3.00
A4000283,P001,923,2000,82.00
A4000283,P001,924,2000,6.00
A4000283,P001,926,2000,5.00
A4000283,P001,936,2000,11.40
A4000283,P002,922,2000,0.00
A4000283,P002,923,2000,0.00
A4000283,P002,924,2000,0.00
A4000283,P002,926,2000,0.00
A4000283,P002,936,2000,0.00
A4000283,P003,922,2000,3.00
A4000283,P003,923,2000,64.00
A4000283,P003,924,2000,11.00
A4000283,P003,926,2000,4.00
A4000283,P003,936,2000,10.30
A4000283,P004,922,2000,5.00
A4000283,P004,923,2000,100.00
A4000283,P004,924,2000,6.00
A4000283,P004,926,2000,6.00
A4000283,P004,936,2000,12.70
A4200130,P001,922,2000,5.00
A4200130,P001,923,2000,91.00
A4200130,P001,924,2000,10.00
A4200130,P001,926,2000,18.00
A4200130,P001,936,2000,11.40
A4200130,P002,922,2000,9.00
A4200130,P002,923,2000,119.00
A4200130,P002,924,2000,16.00
A4200130,P002,926,2000,21.00
A4200130,P002,936,2000,15.60
A4200130,P003,922,2000,8.00
A4200130,P003,923,2000,90.00
A4200130,P003,924,2000,6.00
A4200130,P003,926,2000,19.00
A4200130,P003,936,2000,10.70
A4400916,P001,922,2000,0.00
A4400916,P001,923,2000,0.00
A4400916,P001,924,2000,0.00
A4400916,P001,926,2000,0.00
A4400916,P001,936,2000,0.00
A4400916,P002,922,2000,0.00
A4400916,P002,923,2000,0.00
A4400916,P002,924,2000,0.00
A4400916,P002,926,2000,0.00
A4400916,P002,936,2000,0.00
A4400916,P003,922,2000,0.00
A4400916,P003,923,2000,0.00
A4400916,P003,924,2000,0.00
A4400916,P003,926,2000,0.00
A4400916,P003,936,2000,0.00
A4400916,P004,922,2000,0.00
A4400916,P004,923,2000,0.00
A4400916,P004,924,2000,0.00
A4400916,P004,926,2000,0.00
A4400916,P004,936,2000,0.00
A4200130,P001,911,2006,0.90
A4200130,P002,911,2006,0.60
A4200130,P003,911,2006,1.20
A4000283,P001,911,2006,2.80
A4000283,P002,911,2006,0.00
A4000283,P003,911,2006,2.50
A4000283,P004,911,2006,12.00
A4400916,P001,911,2006,0.00
A4400916,P002,911,2006,0.00
A4400916,P003,911,2006,0.00
A4400916,P004,911,2006,0.00
A4000283,P001,911,2012,2.80
A4000283,P002,911,2012,0.00
A4000283,P003,911,2012,2.60
A4000283,P004,911,2012,5.30
A4200130,P001,911,2012,0.90
A4200130,P002,911,2012,0.60
A4200130,P003,911,2012,1.30
A4400916,P001,911,2012,0.00
A4400916,P002,911,2012,0.00
A4400916,P003,911,2012,0.00
A4400916,P004,911,2012,0.00
A4000283,P001,922,2015,2.00
A4000283,P001,923,2015,83.00
A4000283,P001,924,2015,6.00
A4000283,P001,926,2015,5.00
A4000283,P001,936,2015,11.70
A4000283,P002,922,2015,0.00
A4000283,P002,923,2015,0.00
A4000283,P002,924,2015,0.00
A4000283,P002,926,2015,0.00
A4000283,P002,936,2015,0.00
A4000283,P003,922,2015,3.00
A4000283,P003,923,2015,66.00
A4000283,P003,924,2015,8.00
A4000283,P003,926,2015,4.00
A4000283,P003,936,2015,10.70
A4000283,P004,922,2015,7.00
A4000283,P004,923,2015,106.00
A4000283,P004,924,2015,34.00
A4000283,P004,926,2015,7.00
A4000283,P004,936,2015,14.50
A4200130,P001,922,2015,4.00
A4200130,P001,923,2015,87.00
A4200130,P001,924,2015,10.00
A4200130,P001,926,2015,17.00
A4200130,P001,936,2015,10.90
A4200130,P002,922,2015,9.00
A4200130,P002,923,2015,103.00
A4200130,P002,924,2015,20.00
A4200130,P002,926,2015,18.00
A4200130,P002,936,2015,14.40
A4200130,P003,922,2015,7.00
A4200130,P003,923,2015,99.00
A4200130,P003,924,2015,6.00
A4200130,P003,926,2015,17.00
A4200130,P003,936,2015,11.90
A4400916,P001,922,2015,0.00
A4400916,P001,923,2015,0.00
A4400916,P001,924,2015,0.00
A4400916,P001,926,2015,0.00
A4400916,P001,936,2015,0.00
A4400916,P002,922,2015,0.00
A4400916,P002,923,2015,0.00
A4400916,P002,924,2015,0.00
A4400916,P002,926,2015,0.00
A4400916,P002,936,2015,0.00
A4400916,P003,922,2015,0.00
A4400916,P003,923,2015,0.00
A4400916,P003,924,2015,0.00
A4400916,P003,926,2015,0.00
A4400916,P003,936,2015,0.00
A4400916,P004,922,2015,0.00
A4400916,P004,923,2015,0.00
A4400916,P004,924,2015,0.00
A4400916,P004,926,2015,0.00
A4400916,P004,936,2015,0.00
A4000283,P001,911,2018,2.70
A4000283,P002,911,2018,0.00
A4000283,P003,911,2018,3.50
A4000283,P004,911,2018,5.00
A4200130,P001,911,2018,0.90
A4200130,P002,911,2018,0.60
A4200130,P003,911,2018,1.20
A4400916,P001,911,2018,0.00
A4400916,P002,911,2018,0.00
A4400916,P003,911,2018,0.00
A4400916,P004,911,2018,0.00
A4000283,P001,911,2024,2.80
A4000283,P002,911,2024,0.00
A4000283,P003,911,2024,2.60
A4000283,P004,911,2024,3.20
A4200130,P001,911,2024,0.90
A4200130,P002,911,2024,0.60
A4200130,P003,911,2024,1.20
A4400916,P001,911,2024,0.00
A4400916,P002,911,2024,0.00
A4400916,P003,911,2024,0.00
A4400916,P004,911,2024,0.00
A4000283,P001,911,2030,2.60
A4000283,P002,911,2030,0.00
A4000283,P003,911,2030,2.80
A4000283,P004,911,2030,2.90
A4200130,P001,911,2030,1.00
A4200130,P002,911,2030,0.50
A4200130,P003,911,2030,1.20
A4400916,P001,911,2030,0.00
A4400916,P002,911,2030,0.00
A4400916,P003,911,2030,0.00
A4400916,P004,911,2030,0.00
A4000283,P001,922,2030,2.00
A4000283,P001,923,2030,84.00
A4000283,P001,924,2030,6.00
A4000283,P001,926,2030,4.00
A4000283,P001,936,2030,11.90
A4000283,P002,922,2030,0.00
A4000283,P002,923,2030,0.00
A4000283,P002,924,2030,0.00
A4000283,P002,926,2030,0.00
A4000283,P002,936,2030,0.00
A4000283,P003,922,2030,3.00
A4000283,P003,923,2030,73.00
A4000283,P003,924,2030,7.00
A4000283,P003,926,2030,4.00
A4000283,P003,936,2030,10.60
A4000283,P004,922,2030,5.00
A4000283,P004,923,2030,62.00
A4000283,P004,924,2030,54.00
A4000283,P004,926,2030,5.00
A4000283,P004,936,2030,11.90
A4200130,P001,922,2030,5.00
A4200130,P001,923,2030,90.00
A4200130,P001,924,2030,11.00
A4200130,P001,926,2030,17.00
A4200130,P001,936,2030,11.20
A4200130,P002,922,2030,10.00
A4200130,P002,923,2030,119.00
A4200130,P002,924,2030,17.00
A4200130,P002,926,2030,22.00
A4200130,P002,936,2030,15.20
A4200130,P003,922,2030,6.00
A4200130,P003,923,2030,94.00
A4200130,P003,924,2030,7.00
A4200130,P003,926,2030,16.00
A4200130,P003,936,2030,11.70
A4400916,P001,922,2030,0.00
A4400916,P001,923,2030,0.00
A4400916,P001,924,2030,0.00
A4400916,P001,926,2030,0.00
A4400916,P001,936,2030,0.00
A4400916,P002,922,2030,0.00
A4400916,P002,923,2030,0.00
A4400916,P002,924,2030,0.00
A4400916,P002,926,2030,0.00
A4400916,P002,936,2030,0.00
A4400916,P003,922,2030,0.00
A4400916,P003,923,2030,0.00
A4400916,P003,924,2030,0.00
A4400916,P003,926,2030,0.00
A4400916,P003,936,2030,0.00
A4400916,P004,922,2030,0.00
A4400916,P004,923,2030,0.00
A4400916,P004,924,2030,0.00
A4400916,P004,926,2030,0.00
A4400916,P004,936,2030,0.00
A4200130,P001,911,2036,1.00
A4200130,P002,911,2036,0.50
A4200130,P003,911,2036,1.20
A4000283,P001,911,2036,2.60
A4000283,P002,911,2036,0.00
A4000283,P003,911,2036,2.70
A4000283,P004,911,2036,3.60
A4400916,P001,911,2036,0.00
A4400916,P002,911,2036,0.00
A4400916,P003,911,2036,0.00
A4400916,P004,911,2036,0.00
A4000283,P001,911,2042,2.60
A4000283,P002,911,2042,0.00
A4000283,P003,911,2042,2.70
A4000283,P004,911,2042,3.60
A4200130,P001,911,2042,1.00
A4200130,P002,911,2042,0.50
A4200130,P003,911,2042,1.20
A4400916,P001,911,2042,0.00
A4400916,P002,911,2042,0.00
A4400916,P003,911,2042,0.00
A4400916,P004,911,2042,0.00
A4000283,P001,922,2045,2.00
A4000283,P001,923,2045,84.00
A4000283,P001,924,2045,6.00
A4000283,P001,926,2045,4.00
A4000283,P001,936,2045,10.90
A4000283,P002,922,2045,0.00
A4000283,P002,923,2045,0.00
A4000283,P002,924,2045,0.00
A4000283,P002,926,2045,0.00
A4000283,P002,936,2045,0.00
A4000283,P003,922,2045,3.00
A4000283,P003,923,2045,65.00
A4000283,P003,924,2045,5.00
A4000283,P003,926,2045,4.00
A4000283,P003,936,2045,10.90
A4000283,P004,922,2045,5.00
A4000283,P004,923,2045,66.00
A4000283,P004,924,2045,9.00
A4000283,P004,926,2045,5.00
A4000283,P004,936,2045,12.30
A4200130,P001,922,2045,5.00
A4200130,P001,923,2045,100.00
A4200130,P001,924,2045,10.00
A4200130,P001,926,2045,18.00
A4200130,P001,936,2045,11.30
A4200130,P002,922,2045,9.00
A4200130,P002,923,2045,123.00
A4200130,P002,924,2045,35.00
A4200130,P002,926,2045,18.00
A4200130,P002,936,2045,16.00
A4200130,P003,922,2045,8.00
A4200130,P003,923,2045,93.00
A4200130,P003,924,2045,6.00
A4200130,P003,926,2045,20.00
A4200130,P003,936,2045,11.00
A4400916,P001,922,2045,0.00
A4400916,P001,923,2045,0.00
A4400916,P001,924,2045,0.00
A4400916,P001,926,2045,0.00
A4400916,P001,936,2045,0.00
A4400916,P002,922,2045,0.00
A4400916,P002,923,2045,0.00
A4400916,P002,924,2045,0.00
A4400916,P002,926,2045,0.00
A4400916,P002,936,2045,0.00
A4400916,P003,922,2045,0.00
A4400916,P003,923,2045,0.00
A4400916,P003,924,2045,0.00
A4400916,P003,926,2045,0.00
A4400916,P003,936,2045,0.00
A4400916,P004,922,2045,0.00
A4400916,P004,923,2045,0.00
A4400916,P004,924,2045,0.00
A4400916,P004,926,2045,0.00
A4400916,P004,936,2045,0.00
A4000283,P001,911,2048,2.80
A4000283,P002,911,2048,0.00
A4000283,P003,911,2048,4.20
A4000283,P004,911,2048,3.70
A4200130,P001,911,2048,0.90
A4200130,P002,911,2048,0.60
A4200130,P003,911,2048,1.20
A4400916,P001,911,2048,0.00
A4400916,P002,911,2048,0.00
A4400916,P003,911,2048,0.00
A4400916,P004,911,2048,0.00
A4000283,P001,911,2054,2.70
A4000283,P002,911,2054,0.00
A4000283,P003,911,2054,2.70
A4000283,P004,911,2054,3.90
A4200130,P001,911,2054,0.90
A4200130,P002,911,2054,0.60
A4200130,P003,911,2054,1.20
A4400916,P001,911,2054,0.00
A4400916,P002,911,2054,0.00
A4400916,P003,911,2054,0.00
A4400916,P004,911,2054,0.00
A4200130,P001,911,2100,1.00
A4200130,P002,911,2100,0.60
A4200130,P003,911,2100,1.20
A4400916,P001,911,2100,0.00
A4400916,P002,911,2100,0.00
A4400916,P003,911,2100,0.00
A4400916,P004,911,2100,0.00
A4000283,P001,911,2100,2.70
A4000283,P002,911,2100,0.00
A4000283,P003,911,2100,2.70
A4000283,P004,911,2100,3.40
A4000283,P001,922,2100,2.00
A4000283,P001,923,2100,80.00
A4000283,P001,924,2100,7.00
A4000283,P001,926,2100,4.00
A4000283,P001,936,2100,12.00
A4000283,P002,922,2100,0.00
A4000283,P002,923,2100,0.00
A4000283,P002,924,2100,0.00
A4000283,P002,926,2100,0.00
A4000283,P002,936,2100,0.00
A4000283,P003,922,2100,4.00
A4000283,P003,923,2100,57.00
A4000283,P003,924,2100,6.00
A4000283,P003,926,2100,4.00
A4000283,P003,936,2100,11.00
A4000283,P004,922,2100,6.00
A4000283,P004,923,2100,68.00
A4000283,P004,924,2100,12.00
A4000283,P004,926,2100,5.00
A4000283,P004,936,2100,11.90
A4200130,P001,922,2100,5.00
A4200130,P001,923,2100,94.00
A4200130,P001,924,2100,9.00
A4200130,P001,926,2100,18.00
A4200130,P001,936,2100,10.70
A4200130,P002,922,2100,8.00
A4200130,P002,923,2100,111.00
A4200130,P002,924,2100,29.00
A4200130,P002,926,2100,17.00
A4200130,P002,936,2100,15.90
A4200130,P003,922,2100,8.00
A4200130,P003,923,2100,95.00
A4200130,P003,924,2100,6.00
A4200130,P003,926,2100,20.00
A4200130,P003,936,2100,11.20
A4400916,P001,922,2100,0.00
A4400916,P001,923,2100,0.00
A4400916,P001,924,2100,0.00
A4400916,P001,926,2100,0.00
A4400916,P001,936,2100,0.00
A4400916,P002,922,2100,0.00
A4400916,P002,923,2100,0.00
A4400916,P002,924,2100,0.00
A4400916,P002,926,2100,0.00
A4400916,P002,936,2100,0.00
A4400916,P003,922,2100,0.00
A4400916,P003,923,2100,0.00
A4400916,P003,924,2100,0.00
A4400916,P003,926,2100,0.00
A4400916,P003,936,2100,0.00
A4400916,P004,922,2100,0.00
A4400916,P004,923,2100,0.00
A4400916,P004,924,2100,0.00
A4400916,P004,926,2100,0.00
A4400916,P004,936,2100,0.00
A4200130,P001,911,2106,0.90
A4200130,P002,911,2106,0.60
A4200130,P003,911,2106,1.30
A4400916,P001,911,2106,0.00
A4400916,P002,911,2106,0.00
A4400916,P003,911,2106,0.00
A4400916,P004,911,2106,0.00
A4000283,P001,911,2106,2.80
A4000283,P002,911,2106,0.00
A4000283,P003,911,2106,2.70
A4000283,P004,911,2106,3.70
A4200130,P001,911,2112,0.90
A4200130,P002,911,2112,0.50
A4200130,P003,911,2112,1.20
A4000283,P001,911,2112,2.80
A4000283,P002,911,2112,0.00
A4000283,P003,911,2112,3.70
A4000283,P004,911,2112,3.20
A4400916,P001,911,2112,0.00
A4400916,P002,911,2112,0.00
A4400916,P003,911,2112,0.00
A4400916,P004,911,2112,0.00
A4000283,P001,922,2115,2.00
A4000283,P001,923,2115,78.00
A4000283,P001,924,2115,23.00
A4000283,P001,926,2115,4.00
A4000283,P001,936,2115,11.10
A4000283,P002,922,2115,0.00
A4000283,P002,923,2115,0.00
A4000283,P002,924,2115,0.00
A4000283,P002,926,2115,0.00
A4000283,P002,936,2115,0.00
A4000283,P003,922,2115,4.00
A4000283,P003,923,2115,60.00
A4000283,P003,924,2115,8.00
A4000283,P003,926,2115,4.00
A4000283,P003,936,2115,11.20
A4000283,P004,922,2115,6.00
A4000283,P004,923,2115,72.00
A4000283,P004,924,2115,7.00
A4000283,P004,926,2115,6.00
A4000283,P004,936,2115,13.00
A4200130,P001,922,2115,6.00
A4200130,P001,923,2115,99.00
A4200130,P001,924,2115,9.00
A4200130,P001,926,2115,20.00
A4200130,P001,936,2115,11.60
A4200130,P002,922,2115,8.00
A4200130,P002,923,2115,97.00
A4200130,P002,924,2115,25.00
A4200130,P002,926,2115,18.00
A4200130,P002,936,2115,14.80
A4200130,P003,922,2115,7.00
A4200130,P003,923,2115,94.00
A4200130,P003,924,2115,6.00
A4200130,P003,926,2115,18.00
A4200130,P003,936,2115,11.60
A4400916,P001,922,2115,0.00
A4400916,P001,923,2115,0.00
A4400916,P001,924,2115,0.00
A4400916,P001,926,2115,0.00
A4400916,P001,936,2115,0.00
A4400916,P002,922,2115,0.00
A4400916,P002,923,2115,0.00
A4400916,P002,924,2115,0.00
A4400916,P002,926,2115,0.00
A4400916,P002,936,2115,0.00
A4400916,P003,922,2115,0.00
A4400916,P003,923,2115,0.00
A4400916,P003,924,2115,0.00
A4400916,P003,926,2115,0.00
A4400916,P003,936,2115,0.00
A4400916,P004,922,2115,0.00
A4400916,P004,923,2115,0.00
A4400916,P004,924,2115,0.00
A4400916,P004,926,2115,0.00
A4400916,P004,936,2115,0.00
A4000283,P001,911,2118,2.70
A4000283,P002,911,2118,0.00
A4000283,P003,911,2118,2.90
A4000283,P004,911,2118,3.20
A4200130,P001,911,2118,0.90
A4200130,P002,911,2118,0.50
A4200130,P003,911,2118,1.20
A4400916,P001,911,2118,0.00
A4400916,P002,911,2118,0.00
A4400916,P003,911,2118,0.00
A4400916,P004,911,2118,0.00
A4000283,P001,911,2124,2.70
A4000283,P002,911,2124,0.00
A4000283,P003,911,2124,2.70
A4000283,P004,911,2124,3.10
A4200130,P001,911,2124,0.90
A4200130,P002,911,2124,0.50
A4200130,P003,911,2124,1.20
A4400916,P001,911,2124,0.00
A4400916,P002,911,2124,0.00
A4400916,P003,911,2124,0.00
A4400916,P004,911,2124,0.00
A4000283,P001,911,2130,2.90
A4000283,P002,911,2130,0.00
A4000283,P003,911,2130,2.80
A4000283,P004,911,2130,3.70
A4200130,P001,911,2130,0.90
A4200130,P002,911,2130,0.50
A4200130,P003,911,2130,1.20
A4400916,P001,911,2130,0.00
A4400916,P002,911,2130,0.00
A4400916,P003,911,2130,0.00
A4400916,P004,911,2130,0.00
A4000283,P001,922,2130,2.00
A4000283,P001,923,2130,80.00
A4000283,P001,924,2130,16.00
A4000283,P001,926,2130,5.00
A4000283,P001,936,2130,11.00
A4000283,P002,922,2130,0.00
A4000283,P002,923,2130,0.00
A4000283,P002,924,2130,0.00
A4000283,P002,926,2130,0.00
A4000283,P002,936,2130,0.00
A4000283,P003,922,2130,3.00
A4000283,P003,923,2130,73.00
A4000283,P003,924,2130,7.00
A4000283,P003,926,2130,4.00
A4000283,P003,936,2130,10.80
A4000283,P004,922,2130,6.00
A4000283,P004,923,2130,78.00
A4000283,P004,924,2130,13.00
A4000283,P004,926,2130,6.00
A4000283,P004,936,2130,14.00
A4200130,P001,922,2130,5.00
A4200130,P001,923,2130,90.00
A4200130,P001,924,2130,11.00
A4200130,P001,926,2130,19.00
A4200130,P001,936,2130,11.60
A4200130,P002,922,2130,9.00
A4200130,P002,923,2130,100.00
A4200130,P002,924,2130,11.00
A4200130,P002,926,2130,22.00
A4200130,P002,936,2130,13.90
A4200130,P003,922,2130,7.00
A4200130,P003,923,2130,94.00
A4200130,P003,924,2130,7.00
A4200130,P003,926,2130,19.00
A4200130,P003,936,2130,11.70
A4400916,P001,922,2130,0.00
A4400916,P001,923,2130,0.00
A4400916,P001,924,2130,0.00
A4400916,P001,926,2130,0.00
A4400916,P001,936,2130,0.00
A4400916,P002,922,2130,0.00
A4400916,P002,923,2130,0.00
A4400916,P002,924,2130,0.00
A4400916,P002,926,2130,0.00
A4400916,P002,936,2130,0.00
A4400916,P003,922,2130,0.00
A4400916,P003,923,2130,0.00
A4400916,P003,924,2130,0.00
A4400916,P003,926,2130,0.00
A4400916,P003,936,2130,0.00
A4400916,P004,922,2130,0.00
A4400916,P004,923,2130,0.00
A4400916,P004,924,2130,0.00
A4400916,P004,926,2130,0.00
A4400916,P004,936,2130,0.00
A4000283,P001,911,2136,2.90
A4000283,P002,911,2136,0.00
A4000283,P003,911,2136,2.70
A4000283,P004,911,2136,3.60
A4200130,P001,911,2136,0.90
A4200130,P002,911,2136,0.50
A4200130,P003,911,2136,1.20
A4400916,P001,911,2136,0.00
A4400916,P002,911,2136,0.00
A4400916,P003,911,2136,0.00
A4400916,P004,911,2136,0.00
A4200130,P001,911,2142,0.90
A4200130,P002,911,2142,0.50
A4200130,P003,911,2142,1.20
A4000283,P001,911,2142,2.70
A4000283,P002,911,2142,0.00
A4000283,P003,911,2142,3.30
A4000283,P004,911,2142,3.00
A4400916,P001,911,2142,0.00
A4400916,P002,911,2142,0.00
A4400916,P003,911,2142,0.00
A4400916,P004,911,2142,0.00
A4000283,P001,922,2145,2.00
A4000283,P001,923,2145,73.00
A4000283,P001,924,2145,22.00
A4000283,P001,926,2145,4.00
A4000283,P001,936,2145,10.70
A4000283,P002,922,2145,0.00
A4000283,P002,923,2145,0.00
A4000283,P002,924,2145,0.00
A4000283,P002,926,2145,0.00
A4000283,P002,936,2145,0.00
A4000283,P003,922,2145,4.00
A4000283,P003,923,2145,66.00
A4000283,P003,924,2145,9.00
A4000283,P003,926,2145,4.00
A4000283,P003,936,2145,11.40
A4000283,P004,922,2145,6.00
A4000283,P004,923,2145,77.00
A4000283,P004,924,2145,26.00
A4000283,P004,926,2145,7.00
A4000283,P004,936,2145,14.40
A4200130,P001,922,2145,5.00
A4200130,P001,923,2145,87.00
A4200130,P001,924,2145,10.00
A4200130,P001,926,2145,18.00
A4200130,P001,936,2145,10.40
A4200130,P002,922,2145,9.00
A4200130,P002,923,2145,104.00
A4200130,P002,924,2145,18.00
A4200130,P002,926,2145,18.00
A4200130,P002,936,2145,15.50
A4200130,P003,922,2145,8.00
A4200130,P003,923,2145,92.00
A4200130,P003,924,2145,6.00
A4200130,P003,926,2145,19.00
A4200130,P003,936,2145,11.20
A4400916,P001,922,2145,0.00
A4400916,P001,923,2145,0.00
A4400916,P001,924,2145,0.00
A4400916,P001,926,2145,0.00
A4400916,P001,936,2145,0.00
A4400916,P002,922,2145,0.00
A4400916,P002,923,2145,0.00
A4400916,P002,924,2145,0.00
A4400916,P002,926,2145,0.00
A4400916,P002,936,2145,0.00
A4400916,P003,922,2145,0.00
A4400916,P003,923,2145,0.00
A4400916,P003,924,2145,0.00
A4400916,P003,926,2145,0.00
A4400916,P003,936,2145,0.00
A4400916,P004,922,2145,0.00
A4400916,P004,923,2145,0.00
A4400916,P004,924,2145,0.00
A4400916,P004,926,2145,0.00
A4400916,P004,936,2145,0.00
A4000283,P001,911,2148,2.80
A4000283,P002,911,2148,0.00
A4000283,P003,911,2148,2.80
A4000283,P004,911,2148,2.80
A4200130,P001,911,2148,0.90
A4200130,P002,911,2148,0.50
A4200130,P003,911,2148,1.20
A4400916,P001,911,2148,0.00
A4400916,P002,911,2148,0.00
A4400916,P003,911,2148,0.00
A4400916,P004,911,2148,0.00
A4000283,P001,911,2154,2.90
A4000283,P002,911,2154,0.00
A4000283,P003,911,2154,2.80
A4000283,P004,911,2154,2.80
A4200130,P001,911,2154,0.90
A4200130,P002,911,2154,0.50
A4200130,P003,911,2154,1.20
A4400916,P001,911,2154,0.00
A4400916,P002,911,2154,0.00
A4400916,P003,911,2154,0.00
A4400916,P004,911,2154,0.00
A4000283,P001,911,2200,2.80
A4000283,P002,911,2200,0.00
A4000283,P003,911,2200,2.50
A4000283,P004,911,2200,2.80
A4200130,P001,911,2200,0.90
A4200130,P002,911,2200,0.50
A4200130,P003,911,2200,1.20
A4400916,P001,911,2200,0.00
A4400916,P002,911,2200,0.00
A4400916,P003,911,2200,0.00
A4400916,P004,911,2200,0.00
A4000283,P001,922,2200,1.00
A4000283,P001,923,2200,78.00
A4000283,P001,924,2200,16.00
A4000283,P001,926,2200,4.00
A4000283,P001,936,2200,11.40
A4000283,P002,922,2200,0.00
A4000283,P002,923,2200,0.00
A4000283,P002,924,2200,0.00
A4000283,P002,926,2200,0.00
A4000283,P002,936,2200,0.00
A4000283,P003,922,2200,4.00
A4000283,P003,923,2200,78.00
A4000283,P003,924,2200,8.00
A4000283,P003,926,2200,4.00
A4000283,P003,936,2200,11.30
A4000283,P004,922,2200,5.00
A4000283,P004,923,2200,72.00
A4000283,P004,924,2200,24.00
A4000283,P004,926,2200,5.00
A4000283,P004,936,2200,11.80
A4200130,P001,922,2200,5.00
A4200130,P001,923,2200,93.00
A4200130,P001,924,2200,9.00
A4200130,P001,926,2200,18.00
A4200130,P001,936,2200,10.40
A4200130,P002,922,2200,9.00
A4200130,P002,923,2200,95.00
A4200130,P002,924,2200,23.00
A4200130,P002,926,2200,15.00
A4200130,P002,936,2200,15.70
A4200130,P003,922,2200,9.00
A4200130,P003,923,2200,88.00
A4200130,P003,924,2200,6.00
A4200130,P003,926,2200,23.00
A4200130,P003,936,2200,10.80
A4400916,P001,922,2200,0.00
A4400916,P001,923,2200,0.00
A4400916,P001,924,2200,0.00
A4400916,P001,926,2200,0.00
A4400916,P001,936,2200,0.00
A4400916,P002,922,2200,0.00
A4400916,P002,923,2200,0.00
A4400916,P002,924,2200,0.00
A4400916,P002,926,2200,0.00
A4400916,P002,936,2200,0.00
A4400916,P003,922,2200,0.00
A4400916,P003,923,2200,0.00
A4400916,P003,924,2200,0.00
A4400916,P003,926,2200,0.00
A4400916,P003,936,2200,0.00
A4400916,P004,922,2200,0.00
A4400916,P004,923,2200,0.00
A4400916,P004,924,2200,0.00
A4400916,P004,926,2200,0.00
A4400916,P004,936,2200,0.00
A4200130,P001,911,2206,0.90
A4200130,P002,911,2206,0.60
A4200130,P003,911,2206,1.20
A4000283,P001,911,2206,2.80
A4000283,P002,911,2206,0.00
A4000283,P003,911,2206,3.10
A4000283,P004,911,2206,2.80
A4400916,P001,911,2206,0.00
A4400916,P002,911,2206,0.00
A4400916,P003,911,2206,0.00
A4400916,P004,911,2206,0.00
A4200130,P001,911,2212,0.90
A4200130,P002,911,2212,0.50
A4200130,P003,911,2212,1.20
A4000283,P001,911,2212,2.80
A4000283,P002,911,2212,0.00
A4000283,P003,911,2212,3.80
A4000283,P004,911,2212,2.80
A4400916,P001,911,2212,0.00
A4400916,P002,911,2212,0.00
A4400916,P003,911,2212,0.00
A4400916,P004,911,2212,0.00
A4000283,P001,922,2215,2.00
A4000283,P001,923,2215,74.00
A4000283,P001,924,2215,37.00
A4000283,P001,926,2215,4.00
A4000283,P001,936,2215,11.70
A4000283,P002,922,2215,0.00
A4000283,P002,923,2215,0.00
A4000283,P002,924,2215,0.00
A4000283,P002,926,2215,0.00
A4000283,P002,936,2215,0.00
A4000283,P003,922,2215,3.00
A4000283,P003,923,2215,71.00
A4000283,P003,924,2215,8.00
A4000283,P003,926,2215,4.00
A4000283,P003,936,2215,10.90
A4000283,P004,922,2215,6.00
A4000283,P004,923,2215,73.00
A4000283,P004,924,2215,7.00
A4000283,P004,926,2215,6.00
A4000283,P004,936,2215,12.90
A4200130,P001,922,2215,6.00
A4200130,P001,923,2215,94.00
A4200130,P001,924,2215,9.00
A4200130,P001,926,2215,19.00
A4200130,P001,936,2215,10.80
A4200130,P002,922,2215,10.00
A4200130,P002,923,2215,87.00
A4200130,P002,924,2215,16.00
A4200130,P002,926,2215,22.00
A4200130,P002,936,2215,13.80
A4200130,P003,922,2215,7.00
A4200130,P003,923,2215,99.00
A4200130,P003,924,2215,7.00
A4200130,P003,926,2215,20.00
A4200130,P003,936,2215,12.30
A4400916,P001,922,2215,0.00
A4400916,P001,923,2215,0.00
A4400916,P001,924,2215,0.00
A4400916,P001,926,2215,0.00
A4400916,P001,936,2215,0.00
A4400916,P002,922,2215,0.00
A4400916,P002,923,2215,0.00
A4400916,P002,924,2215,0.00
A4400916,P002,926,2215,0.00
A4400916,P002,936,2215,0.00
A4400916,P003,922,2215,0.00
A4400916,P003,923,2215,0.00
A4400916,P003,924,2215,0.00
A4400916,P003,926,2215,0.00
A4400916,P003,936,2215,0.00
A4400916,P004,922,2215,0.00
A4400916,P004,923,2215,0.00
A4400916,P004,924,2215,0.00
A4400916,P004,926,2215,0.00
A4400916,P004,936,2215,0.00
A4000283,P001,911,2218,2.90
A4000283,P002,911,2218,0.00
A4000283,P003,911,2218,2.80
A4000283,P004,911,2218,2.90
A4200130,P001,911,2218,0.90
A4200130,P002,911,2218,0.50
A4200130,P003,911,2218,1.30
A4400916,P001,911,2218,0.00
A4400916,P002,911,2218,0.00
A4400916,P003,911,2218,0.00
A4400916,P004,911,2218,0.00
A4000283,P001,911,2224,3.00
A4000283,P002,911,2224,0.00
A4000283,P003,911,2224,3.00
A4000283,P004,911,2224,2.90
A4200130,P001,911,2224,0.90
A4200130,P002,911,2224,0.50
A4200130,P003,911,2224,1.20
A4400916,P001,911,2224,0.00
A4400916,P002,911,2224,0.00
A4400916,P003,911,2224,0.00
A4400916,P004,911,2224,0.00
A4000283,P001,911,2230,3.10
A4000283,P002,911,2230,0.00
A4000283,P003,911,2230,2.70
A4000283,P004,911,2230,2.60
A4200130,P001,911,2230,0.90
A4200130,P002,911,2230,0.50
A4200130,P003,911,2230,1.30
A4400916,P001,911,2230,0.00
A4400916,P002,911,2230,0.00
A4400916,P003,911,2230,0.00
A4400916,P004,911,2230,0.00
A4000283,P001,922,2230,1.00
A4000283,P001,923,2230,75.00
A4000283,P001,924,2230,75.00
A4000283,P001,926,2230,5.00
A4000283,P001,936,2230,11.90
A4000283,P002,922,2230,0.00
A4000283,P002,923,2230,0.00
A4000283,P002,924,2230,0.00
A4000283,P002,926,2230,0.00
A4000283,P002,936,2230,0.00
A4000283,P003,922,2230,3.00
A4000283,P003,923,2230,71.00
A4000283,P003,924,2230,21.00
A4000283,P003,926,2230,4.00
A4000283,P003,936,2230,10.50
A4000283,P004,922,2230,6.00
A4000283,P004,923,2230,80.00
A4000283,P004,924,2230,9.00
A4000283,P004,926,2230,6.00
A4000283,P004,936,2230,13.80
A4200130,P001,922,2230,6.00
A4200130,P001,923,2230,86.00
A4200130,P001,924,2230,10.00
A4200130,P001,926,2230,18.00
A4200130,P001,936,2230,9.90
A4200130,P002,922,2230,10.00
A4200130,P002,923,2230,90.00
A4200130,P002,924,2230,8.00
A4200130,P002,926,2230,26.00
A4200130,P002,936,2230,12.70
A4200130,P003,922,2230,7.00
A4200130,P003,923,2230,93.00
A4200130,P003,924,2230,6.00
A4200130,P003,926,2230,21.00
A4200130,P003,936,2230,11.40
A4400916,P001,922,2230,0.00
A4400916,P001,923,2230,0.00
A4400916,P001,924,2230,0.00
A4400916,P001,926,2230,0.00
A4400916,P001,936,2230,0.00
A4400916,P002,922,2230,0.00
A4400916,P002,923,2230,0.00
A4400916,P002,924,2230,0.00
A4400916,P002,926,2230,0.00
A4400916,P002,936,2230,0.00
A4400916,P003,922,2230,0.00
A4400916,P003,923,2230,0.00
A4400916,P003,924,2230,0.00
A4400916,P003,926,2230,0.00
A4400916,P003,936,2230,0.00
A4400916,P004,922,2230,0.00
A4400916,P004,923,2230,0.00
A4400916,P004,924,2230,0.00
A4400916,P004,926,2230,0.00
A4400916,P004,936,2230,0.00
A4200130,P001,911,2236,0.90
A4200130,P002,911,2236,0.50
A4200130,P003,911,2236,1.30
A4400916,P001,911,2236,0.00
A4400916,P002,911,2236,0.00
A4400916,P003,911,2236,0.00
A4400916,P004,911,2236,0.00
A4000283,P001,911,2236,3.00
A4000283,P002,911,2236,0.00
A4000283,P003,911,2236,3.40
A4000283,P004,911,2236,2.60
A4200130,P001,911,2242,0.90
A4200130,P002,911,2242,0.50
A4200130,P003,911,2242,1.20
A4000283,P001,911,2242,3.10
A4000283,P002,911,2242,0.00
A4000283,P003,911,2242,3.10
A4000283,P004,911,2242,2.50
A4400916,P001,911,2242,0.00
A4400916,P002,911,2242,0.00
A4400916,P003,911,2242,0.00
A4400916,P004,911,2242,0.00
A4000283,P001,922,2245,2.00
A4000283,P001,923,2245,79.00
A4000283,P001,924,2245,71.00
A4000283,P001,926,2245,4.00
A4000283,P001,936,2245,11.80
A4000283,P002,922,2245,0.00
A4000283,P002,923,2245,0.00
A4000283,P002,924,2245,0.00
A4000283,P002,926,2245,0.00
A4000283,P002,936,2245,0.00
A4000283,P003,922,2245,4.00
A4000283,P003,923,2245,65.00
A4000283,P003,924,2245,21.00
A4000283,P003,926,2245,4.00
A4000283,P003,936,2245,11.10
A4000283,P004,922,2245,8.00
A4000283,P004,923,2245,110.00
A4000283,P004,924,2245,63.00
A4000283,P004,926,2245,9.00
A4000283,P004,936,2245,15.80
A4200130,P001,922,2245,6.00
A4200130,P001,923,2245,89.00
A4200130,P001,924,2245,13.00
A4200130,P001,926,2245,19.00
A4200130,P001,936,2245,10.40
A4200130,P002,922,2245,12.00
A4200130,P002,923,2245,78.00
A4200130,P002,924,2245,10.00
A4200130,P002,926,2245,22.00
A4200130,P002,936,2245,10.30
A4200130,P003,922,2245,9.00
A4200130,P003,923,2245,93.00
A4200130,P003,924,2245,6.00
A4200130,P003,926,2245,19.00
A4200130,P003,936,2245,10.80
A4400916,P001,922,2245,0.00
A4400916,P001,923,2245,0.00
A4400916,P001,924,2245,0.00
A4400916,P001,926,2245,0.00
A4400916,P001,936,2245,0.00
A4400916,P002,922,2245,0.00
A4400916,P002,923,2245,0.00
A4400916,P002,924,2245,0.00
A4400916,P002,926,2245,0.00
A4400916,P002,936,2245,0.00
A4400916,P003,922,2245,0.00
A4400916,P003,923,2245,0.00
A4400916,P003,924,2245,0.00
A4400916,P003,926,2245,0.00
A4400916,P003,936,2245,0.00
A4400916,P004,922,2245,0.00
A4400916,P004,923,2245,0.00
A4400916,P004,924,2245,0.00
A4400916,P004,926,2245,0.00
A4400916,P004,936,2245,0.00
A4000283,P001,911,2248,3.10
A4000283,P002,911,2248,0.00
A4000283,P003,911,2248,2.80
A4000283,P004,911,2248,2.70
A4200130,P001,911,2248,0.90
A4200130,P002,911,2248,0.50
A4200130,P003,911,2248,1.20
A4400916,P001,911,2248,0.00
A4400916,P002,911,2248,0.00
A4400916,P003,911,2248,0.00
A4400916,P004,911,2248,0.00
A4000283,P001,911,2254,2.90
A4000283,P002,911,2254,0.00
A4000283,P003,911,2254,2.60
A4000283,P004,911,2254,2.30
A4200130,P001,911,2254,0.90
A4200130,P002,911,2254,0.50
A4200130,P003,911,2254,1.30
A4400916,P001,911,2254,0.00
A4400916,P002,911,2254,0.00
A4400916,P003,911,2254,0.00
A4400916,P004,911,2254,0.00
A4200130,P001,911,2300,0.90
A4200130,P002,911,2300,0.50
A4200130,P003,911,2300,1.20
A4400916,P001,911,2300,0.00
A4400916,P002,911,2300,0.00
A4400916,P003,911,2300,0.00
A4400916,P004,911,2300,0.00
A4000283,P001,911,2300,3.00
A4000283,P002,911,2300,0.00
A4000283,P003,911,2300,2.70
A4000283,P004,911,2300,2.50
A4000283,P001,922,2300,2.00
A4000283,P001,923,2300,73.00
A4000283,P001,924,2300,67.00
A4000283,P001,926,2300,4.00
A4000283,P001,936,2300,11.80
A4000283,P002,922,2300,0.00
A4000283,P002,923,2300,0.00
A4000283,P002,924,2300,0.00
A4000283,P002,926,2300,0.00
A4000283,P002,936,2300,0.00
A4000283,P003,922,2300,4.00
A4000283,P003,923,2300,78.00
A4000283,P003,924,2300,7.00
A4000283,P003,926,2300,4.00
A4000283,P003,936,2300,11.30
A4000283,P004,922,2300,9.00
A4000283,P004,923,2300,130.00
A4000283,P004,924,2300,196.00
A4000283,P004,926,2300,10.00
A4000283,P004,936,2300,16.90
A4200130,P001,922,2300,7.00
A4200130,P001,923,2300,79.00
A4200130,P001,924,2300,12.00
A4200130,P001,926,2300,19.00
A4200130,P001,936,2300,9.50
A4200130,P002,922,2300,9.00
A4200130,P002,923,2300,82.00
A4200130,P002,924,2300,6.00
A4200130,P002,926,2300,19.00
A4200130,P002,936,2300,11.10
A4200130,P003,922,2300,8.00
A4200130,P003,923,2300,91.00
A4200130,P003,924,2300,6.00
A4200130,P003,926,2300,17.00
A4200130,P003,936,2300,10.70
A4400916,P001,922,2300,0.00
A4400916,P001,923,2300,0.00
A4400916,P001,924,2300,0.00
A4400916,P001,926,2300,0.00
A4400916,P001,936,2300,0.00
A4400916,P002,922,2300,0.00
A4400916,P002,923,2300,0.00
A4400916,P002,924,2300,0.00
A4400916,P002,926,2300,0.00
A4400916,P002,936,2300,0.00
A4400916,P003,922,2300,0.00
A4400916,P003,923,2300,0.00
A4400916,P003,924,2300,0.00
A4400916,P003,926,2300,0.00
A4400916,P003,936,2300,0.00
A4400916,P004,922,2300,0.00
A4400916,P004,923,2300,0.00
A4400916,P004,924,2300,0.00
A4400916,P004,926,2300,0.00
A4400916,P004,936,2300,0.00
A4200130,P001,911,2306,0.90
A4200130,P002,911,2306,0.50
A4200130,P003,911,2306,1.20
A4000283,P001,911,2306,3.10
A4000283,P002,911,2306,0.00
A4000283,P003,911,2306,4.20
A4000283,P004,911,2306,2.50
A4400916,P001,911,2306,0.00
A4400916,P002,911,2306,0.00
A4400916,P003,911,2306,0.00
A4400916,P004,911,2306,0.00
A4200130,P001,911,2312,0.90
A4200130,P002,911,2312,0.50
A4200130,P003,911,2312,1.20
A4000283,P001,911,2312,3.30
A4000283,P002,911,2312,0.00
A4000283,P003,911,2312,2.80
A4000283,P004,911,2312,2.60
A4400916,P001,911,2312,0.00
A4400916,P002,911,2312,0.00
A4400916,P003,911,2312,0.00
A4400916,P004,911,2312,0.00
A4000283,P001,922,2315,2.00
A4000283,P001,923,2315,84.00
A4000283,P001,924,2315,45.00
A4000283,P001,926,2315,5.00
A4000283,P001,936,2315,11.90
A4000283,P002,922,2315,0.00
A4000283,P002,923,2315,0.00
A4000283,P002,924,2315,0.00
A4000283,P002,926,2315,0.00
A4000283,P002,936,2315,0.00
A4000283,P003,922,2315,4.00
A4000283,P003,923,2315,66.00
A4000283,P003,924,2315,15.00
A4000283,P003,926,2315,4.00
A4000283,P003,936,2315,11.00
A4000283,P004,922,2315,0.00
A4000283,P004,923,2315,0.00
A4000283,P004,924,2315,0.00
A4000283,P004,926,2315,0.00
A4000283,P004,936,2315,0.00
A4200130,P001,922,2315,10.00
A4200130,P001,923,2315,89.00
A4200130,P001,924,2315,10.00
A4200130,P001,926,2315,22.00
A4200130,P001,936,2315,10.30
A4200130,P002,922,2315,9.00
A4200130,P002,923,2315,80.00
A4200130,P002,924,2315,7.00
A4200130,P002,926,2315,20.00
A4200130,P002,936,2315,11.10
A4200130,P003,922,2315,9.00
A4200130,P003,923,2315,93.00
A4200130,P003,924,2315,6.00
A4200130,P003,926,2315,20.00
A4200130,P003,936,2315,11.00
A4400916,P001,922,2315,0.00
A4400916,P001,923,2315,0.00
A4400916,P001,924,2315,0.00
A4400916,P001,926,2315,0.00
A4400916,P001,936,2315,0.00
A4400916,P002,922,2315,0.00
A4400916,P002,923,2315,0.00
A4400916,P002,924,2315,0.00
A4400916,P002,926,2315,0.00
A4400916,P002,936,2315,0.00
A4400916,P003,922,2315,0.00
A4400916,P003,923,2315,0.00
A4400916,P003,924,2315,0.00
A4400916,P003,926,2315,0.00
A4400916,P003,936,2315,0.00
A4400916,P004,922,2315,0.00
A4400916,P004,923,2315,0.00
A4400916,P004,924,2315,0.00
A4400916,P004,926,2315,0.00
A4400916,P004,936,2315,0.00
A4000283,P001,911,2318,2.90
A4000283,P002,911,2318,0.00
A4000283,P003,911,2318,2.60
A4000283,P004,911,2318,2.80
A4200130,P001,911,2318,0.90
A4200130,P002,911,2318,0.50
A4200130,P003,911,2318,1.20
A4400916,P001,911,2318,0.00
A4400916,P002,911,2318,0.00
A4400916,P003,911,2318,0.00
A4400916,P004,911,2318,0.00
A4000283,P001,911,2324,2.90
A4000283,P002,911,2324,0.00
A4000283,P003,911,2324,2.70
A4000283,P004,911,2324,3.00
A4200130,P001,911,2324,0.90
A4200130,P002,911,2324,0.50
A4200130,P003,911,2324,1.20
A4400916,P001,911,2324,0.00
A4400916,P002,911,2324,0.00
A4400916,P003,911,2324,0.00
A4400916,P004,911,2324,0.00
A4000283,P001,922,2330,2.00
A4000283,P001,923,2330,89.00
A4000283,P001,924,2330,15.00
A4000283,P001,926,2330,1.00
A4000283,P001,936,2330,11.60
A4000283,P002,922,2330,0.00
A4000283,P002,923,2330,0.00
A4000283,P002,924,2330,0.00
A4000283,P002,926,2330,0.00
A4000283,P002,936,2330,0.00
A4000283,P003,922,2330,0.00
A4000283,P003,923,2330,61.00
A4000283,P003,924,2330,18.00
A4000283,P003,926,2330,4.00
A4000283,P003,936,2330,11.40
A4000283,P004,922,2330,4.00
A4000283,P004,923,2330,61.00
A4000283,P004,924,2330,10.00
A4000283,P004,926,2330,4.00
A4000283,P004,936,2330,11.40
A4200130,P001,922,2330,7.00
A4200130,P001,923,2330,93.00
A4200130,P001,924,2330,14.00
A4200130,P001,926,2330,22.00
A4200130,P001,936,2330,11.50
A4200130,P002,922,2330,6.00
A4200130,P002,923,2330,85.00
A4200130,P002,924,2330,7.00
A4200130,P002,926,2330,17.00
A4200130,P002,936,2330,11.70
A4200130,P003,922,2330,10.00
A4200130,P003,923,2330,94.00
A4200130,P003,924,2330,8.00
A4200130,P003,926,2330,21.00
A4200130,P003,936,2330,11.40
A4000283,P001,911,2330,2.80
A4000283,P002,911,2330,0.00
A4000283,P003,911,2330,2.80
A4000283,P004,911,2330,2.90
A4200130,P001,911,2330,0.90
A4200130,P002,911,2330,0.50
A4200130,P003,911,2330,1.20
A4400916,P001,911,2330,0.00
A4400916,P002,911,2330,0.00
A4400916,P003,911,2330,0.00
A4400916,P004,911,2330,0.00
A4400916,P001,922,2330,0.00
A4400916,P001,923,2330,0.00
A4400916,P001,924,2330,0.00
A4400916,P001,926,2330,0.00
A4400916,P001,936,2330,0.00
A4400916,P002,922,2330,0.00
A4400916,P002,923,2330,0.00
A4400916,P002,924,2330,0.00
A4400916,P002,926,2330,0.00
A4400916,P002,936,2330,0.00
A4400916,P003,922,2330,0.00
A4400916,P003,923,2330,0.00
A4400916,P003,924,2330,0.00
A4400916,P003,926,2330,0.00
A4400916,P003,936,2330,0.00
A4400916,P004,922,2330,0.00
A4400916,P004,923,2330,0.00
A4400916,P004,924,2330,0.00
A4400916,P004,926,2330,0.00
A4400916,P004,936,2330,0.00
A4000283,P001,911,2336,3.00
A4000283,P002,911,2336,0.00
A4000283,P003,911,2336,3.60
A4000283,P004,911,2336,2.80
A4200130,P001,911,2336,0.90
A4200130,P002,911,2336,0.50
A4200130,P003,911,2336,1.20
A4400916,P001,911,2336,0.00
A4400916,P002,911,2336,0.00
A4400916,P003,911,2336,0.00
A4400916,P004,911,2336,0.00
A4000283,P001,911,2342,3.00
A4000283,P002,911,2342,0.00
A4000283,P003,911,2342,2.70
A4000283,P004,911,2342,2.90
A4200130,P001,911,2342,0.90
A4200130,P002,911,2342,0.50
A4200130,P003,911,2342,1.20
A4400916,P001,911,2342,0.00
A4400916,P002,911,2342,0.00
A4400916,P003,911,2342,0.00
A4400916,P004,911,2342,0.00
A4000283,P001,911,2348,2.80
A4000283,P002,911,2348,0.00
A4000283,P003,911,2348,2.60
A4000283,P004,911,2348,2.40
A4200130,P001,911,2348,0.80
A4200130,P002,911,2348,0.50
A4200130,P003,911,2348,1.20
