2015-07-22,1437494400,,,
E5600056,P004,911,0000,0,00
E5600056,P006,911,0000,3,10
E5600056,P007,911,0000,0,00
E5600056,P008,911,0000,6,10
E5600056,P009,911,0000,2,10
E5600056,P016,911,0000,4,10
E5600056,P017,911,0000,2,10
E5600056,P018,911,0000,3,10
E5600056,P021,911,0000,3,10
E5600056,P022,911,0000,3,10
E5600056,P023,911,0000,1,10
E5600056,P024,911,0000,4,10
E5600056,P004,922,0000,0,00
E5600056,P004,923,0000,0,00
E5600056,P004,924,0000,0,00
E5600056,P004,936,0000,0,00
E5600056,P006,922,0000,22,10
E5600056,P006,923,0000,66,10
E5600056,P006,924,0000,0,10
E5600056,P006,936,0000,4,10
E5600056,P007,922,0000,0,00
E5600056,P007,923,0000,0,00
E5600056,P007,924,0000,0,00
E5600056,P007,936,0000,0,00
E5600056,P008,922,0000,43,10
E5600056,P008,923,0000,67,10
E5600056,P008,924,0000,19,10
E5600056,P008,936,0000,5,10
E5600056,P016,922,0000,0,10
E5600056,P016,923,0000,33,10
E5600056,P016,936,0000,12,10
E5600056,P017,922,0000,2,10
E5600056,P017,923,0000,24,10
E5600056,P017,924,0000,0,10
E5600056,P017,936,0000,3,10
E5600056,P018,922,0000,1,10
E5600056,P018,923,0000,18,10
E5600056,P018,936,0000,4,10
E5600056,P021,922,0000,0,10
E5600056,P021,923,0000,46,10
E5600056,P021,936,0000,4,10
E5600056,P024,922,0000,3,10
E5600056,P024,923,0000,33,10
E5600056,P024,924,0000,2,10
E5600056,P024,936,0000,6,10
E5600056,P034,923,0000,47,10
E5600056,P034,936,0000,1,10
E5600056,P004,222,0000,0,00
E5600056,P004,223,0000,0,00
E5600056,P004,224,0000,0,00
E5600056,P004,236,0000,0,00
E5600056,P004,248,0000,0,00
E5600056,P004,259,0000,0,00
E5600056,P006,222,0000,23,10
E5600056,P006,223,0000,71,10
E5600056,P006,224,0000,0,10
E5600056,P006,236,0000,4,10
S1900710,P015,911,0000,0,00
S1900710,P050,911,0000,5,10
S1900710,P056,911,0000,4,10
S1900710,P060,911,0000,6,10
S1900710,P070,911,0000,6,10
S1900710,P015,923,0000,0,00
S1900710,P015,936,0000,0,00
S1900710,P015,922,0000,0,00
S1900710,P050,923,0000,104,10
S1900710,P050,936,0000,6,10
S1900710,P050,922,0000,57,10
S1900710,P056,923,0000,43,10
S1900710,P056,936,0000,4,10
S1900710,P056,922,0000,22,10
S1900710,P060,923,0000,23,10
S1900710,P060,936,0000,5,10
S1900710,P060,922,0000,25,10
S1900710,P070,923,0000,21,10
S1900710,P070,936,0000,8,10
S1900710,P070,922,0000,17,10
S1900710,P015,248,0000,0,00
S1900710,P015,223,0000,0,00
S1900710,P015,236,0000,0,00
S1900710,P015,222,0000,0,00
S1900710,P015,259,0000,0,00
S1900710,P050,248,0000,68004,10
S1900710,P050,223,0000,111,10
S1900710,P050,236,0000,6,10
S1900710,P050,222,0000,60,10
S1900710,P050,259,0000,139,10
S1900710,P056,248,0000,166464,10
S1900710,P056,223,0000,43,10
S1900710,P056,236,0000,4,10
S1900710,P056,222,0000,22,10
S1900710,P056,259,0000,125,10
S1900710,P060,248,0000,164556,10
S1900710,P060,223,0000,23,10
S1900710,P060,236,0000,5,10
S1900710,P060,222,0000,25,10
S1900710,P060,259,0000,122,10
S1900710,P070,248,0000,165672,10
S1900710,P070,223,0000,21,10
S1900710,P070,236,0000,8,10
S1900710,P070,222,0000,17,10
S1900710,P070,259,0000,85,10
E4900744,P001,911,0000,0,00
E4900744,P002,911,0000,0,00
E4900744,P023,911,0000,0,00
E5600850,PC01,911,0000,0,00
S2300438,P001,911,0000,5,10
E5601197,P002,911,0000,3,10
E5601197,P003,911,0000,3,10
S1602755,P101,911,0000,5,10
S1602755,P201,911,0000,5,10
S1602755,P301,911,0000,5,10
E5600789,P001,911,0000,3,10
E5600869,P001,911,0000,4,10
E5600332,P001,911,0000,4,10
E5600332,P002,911,0000,4,10
E5600332,P003,911,0000,4,10
S1901066,P004,911,0000,5,10
E5600056,P004,911,0006,0,00
E5600056,P006,911,0006,3,10
E5600056,P007,911,0006,0,00
E5600056,P008,911,0006,6,10
E5600056,P009,911,0006,3,10
E5600056,P016,911,0006,4,10
E5600056,P017,911,0006,2,10
E5600056,P018,911,0006,3,10
E5600056,P021,911,0006,2,10
E5600056,P022,911,0006,3,10
E5600056,P023,911,0006,1,10
E5600056,P024,911,0006,4,10
E5002890,P001,911,0000,5,10
E5002890,P002,911,0000,5,10
E5002890,P003,911,0000,0,00
S1900710,P015,911,0006,0,00
S1900710,P050,911,0006,5,10
S1900710,P056,911,0006,4,10
S1900710,P060,911,0006,4,10
S1900710,P070,911,0006,6,10
S2202553,P001,911,0000,1,10
S2202553,P002,911,0000,1,10
S2202553,P003,911,0000,1,10
S2100223,P015,911,0006,0,10
S1900685,P002,911,0000,12,10
S1900685,P421,911,0000,9,10
S1900685,P411,911,0000,4,10
E5600841,P001,911,0000,5,10
E5600841,P002,911,0000,6,10
E5600841,P003,911,0000,9,10
E5600841,P004,911,0000,6,10
E5600841,P005,911,0000,8,10
E5600841,P006,911,0000,12,10
E5600841,P007,911,0000,13,10
E5600841,P008,911,0000,8,10
E5600841,P009,911,0000,9,10
E5600841,P010,911,0000,6,10
E5600841,PC23,911,0000,10,10
E5600841,PC83,911,0000,13,10
E5600841,PPB1,911,0000,8,10
E5600841,PPC1,911,0000,5,10
E5600841,PR54,911,0000,3,10
E5600841,PR61,911,0000,7,10
E5600841,PR62,911,0000,4,10
E5600841,PS11,911,0000,11,10
E5600841,PS12,911,0000,9,10
E5600841,PS31,911,0000,8,10
E5600841,PS32,911,0000,4,10
E5600841,PS51,911,0000,11,10
E5600841,PS52,911,0000,9,10
E5600841,PS71,911,0000,10,10
E5600841,PS72,911,0000,9,10
E4900744,P001,911,0006,0,00
E4900744,P002,911,0006,0,00
E4900744,P023,911,0006,0,00
E4900333,P001,911,0000,9,10
E4900333,P002,911,0000,0,00
E4900333,P003,911,0000,0,32
E4900333,P103,911,0000,0,32
E4900333,P021,911,0000,6,10
E4900333,P105,911,0000,9,10
S1602755,P101,911,0006,5,10
S1602755,P201,911,0006,5,10
S1602755,P301,911,0006,5,10
E5600850,PC01,911,0006,0,00
S2300438,P001,911,0006,5,10
E5601197,P002,911,0006,3,10
E5601197,P003,911,0006,3,10
E5600789,P001,911,0006,3,10
E5002890,P001,911,0006,5,10
E5002890,P002,911,0006,6,10
E5002890,P003,911,0006,0,00
E5600869,P001,911,0006,4,10
E4900744,P001,923,0000,0,00
E4900744,P023,923,0000,0,00
E4900744,P001,936,0000,0,00
E4900744,P023,936,0000,0,00
S2300401,P011,911,0006,10,10
E5600332,P001,911,0006,4,10
E5600332,P002,911,0006,4,10
E5600332,P003,911,0006,4,10
S1901066,P004,911,0006,5,10
E5600056,P004,911,0012,0,00
E5600056,P006,911,0012,3,10
E5600056,P007,911,0012,0,00
E5600056,P008,911,0012,6,10
E5600056,P009,911,0012,3,10
E5600056,P016,911,0012,4,10
E5600056,P017,911,0012,2,10
E5600056,P018,911,0012,3,10
E5600056,P021,911,0012,3,10
E5600056,P022,911,0012,3,10
E5600056,P023,911,0012,1,10
E5600056,P024,911,0012,4,10
S1900710,P015,911,0012,0,00
S1900710,P050,911,0012,5,10
S1900710,P056,911,0012,4,10
S1900710,P060,911,0012,3,10
S1900710,P070,911,0012,6,10
S2202553,P001,911,0006,1,10
S2202553,P002,911,0006,1,10
S2202553,P003,911,0006,1,10
S2100223,P015,911,0012,0,10
S2300429,P701,911,0006,0,00
S2300429,PF01,911,0006,9,10
S1900685,P002,911,0006,12,10
S1900685,P421,911,0006,10,10
S1900685,P411,911,0006,4,10
S1602755,P101,922,0000,2,10
S1602755,P201,922,0000,1,10
S1602755,P301,922,0000,2,10
S1602755,P101,923,0000,48,10
S1602755,P201,923,0000,68,10
S1602755,P301,923,0000,71,10
S1602755,P101,924,0000,4,10
S1602755,P201,924,0000,4,10
S1602755,P301,924,0000,3,10
S1602755,P101,926,0000,2,10
S1602755,P201,926,0000,7,10
S1602755,P301,926,0000,8,10
S1602755,P101,936,0000,11,10
S1602755,P201,936,0000,8,10
S1602755,P301,936,0000,13,10
E5600841,P001,911,0006,5,10
E5600841,P002,911,0006,6,10
E5600841,P003,911,0006,9,10
E5600841,P004,911,0006,6,10
E5600841,P005,911,0006,8,10
E5600841,P006,911,0006,12,10
E5600841,P007,911,0006,13,10
E5600841,P008,911,0006,9,10
E5600841,P009,911,0006,9,10
E5600841,P010,911,0006,6,10
E5600841,PC23,911,0006,11,10
E5600841,PC83,911,0006,14,10
E5600841,PPB1,911,0006,8,10
E5600841,PPC1,911,0006,5,10
E5600841,PR54,911,0006,3,10
E5600841,PR61,911,0006,7,10
E5600841,PR62,911,0006,4,10
E5600841,PS11,911,0006,11,10
E5600841,PS12,911,0006,8,10
E5600841,PS31,911,0006,8,10
E5600841,PS32,911,0006,4,10
E5600841,PS51,911,0006,13,10
E5600841,PS52,911,0006,9,10
E5600841,PS71,911,0006,10,10
E5600841,PS72,911,0006,9,10
E5600850,PC01,923,0000,0,00
E5600850,PC01,924,0000,0,00
E5600850,PC01,936,0000,0,00
E5600850,PC01,926,0000,0,00
S2300438,P001,922,0000,0,10
S2300438,P001,923,0000,31,10
S2300438,P001,936,0000,7,10
S1901066,P004,922,0000,227,10
S1901066,P004,923,0000,186,10
S1901066,P004,924,0000,1,10
S1901066,P004,936,0000,4,10
S1901066,P004,937,0000,11,10
S2201109,P711,911,0006,15,10
S2201109,P731,911,0006,18,10
S2201109,P741,911,0006,15,10
S2201109,P751,911,0006,15,10
E5002890,P001,922,0000,0,10
E5002890,P002,922,0000,0,10
E5002890,P003,922,0000,0,00
E5002890,P001,923,0000,120,10
E5002890,P002,923,0000,90,10
E5002890,P003,923,0000,0,00
E5002890,P001,924,0000,4,10
E5002890,P002,924,0000,3,10
E5002890,P003,924,0000,0,00
E5002890,P001,926,0000,18,10
E5002890,P002,926,0000,6,10
E5002890,P003,926,0000,0,00
E5002890,P001,936,0000,11,10
E5002890,P002,936,0000,11,10
E5002890,P003,936,0000,0,00
E5600869,P001,922,0000,139,10
E5600869,P001,923,0000,128,10
E5600869,P001,936,0000,7,10
S2202553,P001,922,0000,10,10
S2202553,P002,922,0000,9,10
S2202553,P003,922,0000,5,10
S2202553,P001,923,0000,85,10
S2202553,P002,923,0000,78,10
S2202553,P003,923,0000,86,10
S2202553,P001,924,0000,3,10
S2202553,P002,924,0000,1,10
S2202553,P003,924,0000,2,10
S2202553,P001,926,0000,27,10
S2202553,P002,926,0000,18,10
S2202553,P003,926,0000,21,10
S2202553,P001,936,0000,9,10
S2202553,P002,936,0000,9,10
S2202553,P003,936,0000,8,10
S2001314,P004,923,0015,0,00
S2001314,P004,922,0015,0,00
S2001314,P004,936,0015,0,00
E4900744,P001,911,0012,0,00
E4900744,P002,911,0012,0,00
E4900744,P023,911,0012,0,00
S2300429,P701,911,0000,0,00
S2300429,P701,922,0000,0,00
S2300429,P701,923,0000,0,00
S2300429,P701,936,0000,0,00
S2300429,PF01,911,0000,8,10
S2300429,PF01,922,0000,21,10
S2300429,PF01,923,0000,26,10
S2300429,PF01,936,0000,6,10
E4900333,P001,911,0006,9,10
E4900333,P002,911,0006,0,00
E4900333,P003,911,0006,0,32
E4900333,P103,911,0006,0,32
E4900333,P021,911,0006,6,10
E4900333,P105,911,0006,9,10
S1900685,P421,922,0000,14,10
S1900685,P421,923,0000,65,10
S1900685,P421,936,0000,6,10
S1900685,P411,922,0000,25,10
S1900685,P411,923,0000,66,10
S1900685,P411,936,0000,12,10
S1602755,P101,911,0012,5,10
S1602755,P201,911,0012,5,10
S1602755,P301,911,0012,5,10
E5600332,P001,911,0012,3,10
E5600332,P002,911,0012,4,10
E5600332,P003,911,0012,4,10
E5600850,PC01,911,0012,0,00
S2300438,P001,911,0012,5,10
S1900710,P070,923,0015,21,10
S1900710,P070,936,0015,8,10
S1900710,P070,922,0015,17,10
S1900710,P015,923,0015,0,00
S1900710,P015,936,0015,0,00
S1900710,P015,922,0015,0,00
S1900710,P050,923,0015,95,10
S1900710,P050,936,0015,5,10
S1900710,P050,922,0015,58,10
S1900710,P056,923,0015,45,10
S1900710,P056,936,0015,4,10
S1900710,P056,922,0015,23,10
S1900710,P060,923,0015,23,10
S1900710,P060,936,0015,5,10
S1900710,P060,922,0015,24,10
E5601197,P002,911,0012,3,10
E5601197,P003,911,0012,3,10
E5600841,P001,923,0000,34,10
E5600841,P001,936,0000,4,10
E5600841,P001,922,0000,31,10
E5600841,P002,923,0000,17,10
E5600841,P002,936,0000,4,10
E5600841,P002,922,0000,17,10
E5600841,P003,923,0000,39,10
E5600841,P003,936,0000,5,10
E5600841,P003,922,0000,27,10
E5600841,P004,923,0000,26,10
E5600841,P004,936,0000,3,10
E5600841,P004,922,0000,19,10
E5600841,P005,923,0000,21,10
E5600841,P005,936,0000,3,10
E5600841,P005,922,0000,17,10
E5600841,P006,923,0000,23,10
E5600841,P006,936,0000,6,10
E5600841,P006,922,0000,48,10
E5600841,P007,923,0000,23,10
E5600841,P007,936,0000,6,10
E5600841,P007,922,0000,46,10
E5600841,P008,923,0000,43,10
E5600841,P008,936,0000,9,10
E5600841,P008,922,0000,6,10
E5600841,P009,923,0000,11,10
E5600841,P009,936,0000,5,10
E5600841,P009,922,0000,21,10
E5600841,P010,923,0000,10,10
E5600841,P010,936,0000,5,10
E5600841,P010,922,0000,14,10
E5600841,PC23,923,0000,62,10
E5600841,PC23,936,0000,9,10
E5600841,PC23,922,0000,32,10
E5600841,PC83,923,0000,52,10
E5600841,PC83,936,0000,6,10
E5600841,PC83,922,0000,19,10
E5600841,PPB1,923,0000,8,10
E5600841,PPB1,936,0000,8,10
E5600841,PPB1,922,0000,18,10
E5600841,PPC1,923,0000,16,10
E5600841,PPC1,936,0000,3,10
E5600841,PPC1,922,0000,19,10
E5600841,PR54,923,0000,80,10
E5600841,PR54,936,0000,6,10
E5600841,PR54,922,0000,36,10
E5600841,PR61,923,0000,67,10
E5600841,PR61,936,0000,4,10
E5600841,PR61,922,0000,50,10
E5600841,PR62,923,0000,45,10
E5600841,PR62,936,0000,5,10
E5600841,PR62,922,0000,23,10
E5600841,PS11,923,0000,39,10
E5600841,PS11,936,0000,11,10
E5600841,PS11,922,0000,66,10
E5600841,PS31,923,0000,115,10
E5600841,PS31,936,0000,13,10
E5600841,PS31,922,0000,88,10
E5600841,PS51,923,0000,48,10
E5600841,PS51,936,0000,11,10
E5600841,PS51,922,0000,19,10
E5600841,PS71,923,0000,49,10
E5600841,PS71,936,0000,12,10
E5600841,PS71,922,0000,46,10
S2300429,P701,911,0012,0,00
S2300429,PF01,911,0012,8,10
E4900333,P001,922,0000,1,10
E4900333,P002,922,0000,0,00
E4900333,P003,922,0000,0,32
E4900333,P103,922,0000,0,32
E4900333,P021,922,0000,0,10
E4900333,P105,922,0000,50,10
E4900333,P001,923,0000,81,10
E4900333,P002,923,0000,0,00
E4900333,P003,923,0000,0,32
E4900333,P103,923,0000,0,32
E4900333,P021,923,0000,41,10
E4900333,P105,923,0000,69,10
E4900333,P001,936,0000,13,10
E4900333,P002,936,0000,0,00
E4900333,P003,936,0000,0,32
E4900333,P103,936,0000,0,32
E4900333,P021,936,0000,0,32
E4900333,P105,936,0000,10,10
E5600789,P001,911,0012,3,10
E5002890,P001,911,0012,5,10
E5002890,P002,911,0012,5,10
E5002890,P003,911,0012,0,00
E5600869,P001,911,0012,4,10
S1900685,P002,911,0012,12,10
S1900685,P421,911,0012,10,10
S1900685,P411,911,0012,4,10
E5600896,P004,911,0000,0,00
E5600896,P005,911,0000,0,00
E5600896,P007,911,0000,5,10
E5600896,P008,911,0000,7,10
E5400878,P010,911,0000,2,10
S2300401,P011,911,0012,9,10
S1901066,P004,911,0012,5,10
E5600056,P004,922,0015,0,00
E5600056,P004,923,0015,0,00
E5600056,P004,924,0015,0,00
E5600056,P004,936,0015,0,00
E5600056,P006,922,0015,24,10
E5600056,P006,923,0015,69,10
E5600056,P006,924,0015,0,10
E5600056,P006,936,0015,5,10
E5600056,P007,922,0015,0,00
E5600056,P007,923,0015,0,00
E5600056,P007,924,0015,0,00
E5600056,P007,936,0015,0,00
E5600056,P008,922,0015,40,10
E5600056,P008,923,0015,66,10
E5600056,P008,924,0015,43,10
E5600056,P008,936,0015,5,10
E5600056,P016,922,0015,0,10
E5600056,P016,923,0015,33,10
E5600056,P016,936,0015,12,10
E5600056,P017,922,0015,2,10
E5600056,P017,923,0015,23,10
E5600056,P017,924,0015,0,10
E5600056,P017,936,0015,3,10
E5600056,P018,922,0015,1,10
E5600056,P018,923,0015,20,10
E5600056,P018,924,0015,0,10
E5600056,P018,936,0015,4,10
E5600056,P021,922,0015,0,10
E5600056,P021,923,0015,47,10
E5600056,P021,924,0015,0,10
E5600056,P021,936,0015,4,10
E5600056,P024,922,0015,3,10
E5600056,P024,923,0015,33,10
E5600056,P024,924,0015,2,10
E5600056,P024,936,0015,6,10
E5600056,P034,922,0015,5,10
E5600056,P034,923,0015,45,10
E5600056,P034,936,0015,1,10
E5600056,P004,911,0018,0,00
E5600056,P006,911,0018,3,10
E5600056,P007,911,0018,0,00
E5600056,P008,911,0018,6,10
E5600056,P009,911,0018,2,10
E5600056,P016,911,0018,4,10
E5600056,P017,911,0018,2,10
E5600056,P018,911,0018,3,10
E5600056,P021,911,0018,2,10
E5600056,P022,911,0018,3,10
E5600056,P023,911,0018,1,10
E5600056,P024,911,0018,4,10
S1900710,P070,911,0018,6,10
S1900710,P015,911,0018,0,00
S1900710,P050,911,0018,5,10
S1900710,P056,911,0018,4,10
S1900710,P060,911,0018,3,10
S2202553,P001,911,0012,1,10
S2202553,P002,911,0012,1,10
S2202553,P003,911,0012,1,10
S2100223,P015,911,0018,0,10
E5600841,P001,911,0012,5,10
E5600841,P002,911,0012,6,10
E5600841,P003,911,0012,9,10
E5600841,P004,911,0012,6,10
E5600841,P005,911,0012,8,10
E5600841,P006,911,0012,12,10
E5600841,P007,911,0012,13,10
E5600841,P008,911,0012,9,10
E5600841,P009,911,0012,9,10
E5600841,P010,911,0012,6,10
E5600841,PC23,911,0012,10,10
E5600841,PC83,911,0012,13,10
E5600841,PPB1,911,0012,8,10
E5600841,PPC1,911,0012,5,10
E5600841,PR54,911,0012,3,10
E5600841,PR61,911,0012,7,10
E5600841,PR62,911,0012,4,10
E5600841,PS11,911,0012,11,10
E5600841,PS12,911,0012,10,10
E5600841,PS31,911,0012,8,10
E5600841,PS32,911,0012,4,10
E5600841,PS51,911,0012,14,10
E5600841,PS52,911,0012,9,10
E5600841,PS71,911,0012,10,10
E5600841,PS72,911,0012,10,10
S2201109,P711,911,0012,15,10
S2201109,P731,911,0012,18,10
S2201109,P741,911,0012,15,10
S2201109,P751,911,0012,15,10
E4900744,P001,911,0018,0,00
E4900744,P002,911,0018,0,00
E4900744,P023,911,0018,0,00
E4900333,P001,911,0012,9,10
E4900333,P002,911,0012,0,00
E4900333,P003,911,0012,0,32
E4900333,P103,911,0012,0,32
E4900333,P021,911,0012,6,10
E4900333,P105,911,0012,9,10
S1602755,P101,911,0018,5,10
S1602755,P201,911,0018,5,10
S1602755,P301,911,0018,5,10
E5600332,P001,911,0018,4,10
E5600332,P002,911,0018,4,10
E5600332,P003,911,0018,4,10
E5600850,PC01,911,0018,0,00
S2300438,P001,911,0018,5,10
E5601197,P002,911,0018,3,10
E5601197,P003,911,0018,3,10
S2300429,P701,911,0018,0,00
S2300429,PF01,911,0018,8,10
E5600789,P001,911,0018,3,10
E5002890,P001,911,0018,5,10
E5002890,P002,911,0018,5,10
E5002890,P003,911,0018,0,00
E5600869,P001,911,0018,4,10
S1900685,P002,911,0018,13,10
S1900685,P421,911,0018,9,10
S1900685,P411,911,0018,4,10
E5600896,P004,911,0006,0,00
E5600896,P005,911,0006,0,00
E5600896,P007,911,0006,5,10
E5600896,P008,911,0006,7,10
E5400878,P010,911,0006,2,10
S2300401,P011,911,0018,9,10
S1901066,P004,911,0018,5,10
E5600056,P004,911,0024,0,00
E5600056,P006,911,0024,3,10
E5600056,P007,911,0024,0,00
E5600056,P008,911,0024,6,10
E5600056,P009,911,0024,2,10
E5600056,P016,911,0024,4,10
E5600056,P017,911,0024,2,10
E5600056,P018,911,0024,3,10
E5600056,P021,911,0024,2,10
E5600056,P022,911,0024,3,10
E5600056,P023,911,0024,1,10
E5600056,P024,911,0024,4,10
S1900710,P015,911,0024,0,00
S1900710,P050,911,0024,5,10
S1900710,P056,911,0024,5,10
S1900710,P060,911,0024,3,10
S1900710,P070,911,0024,6,10
S2202553,P001,911,0018,1,10
S2202553,P002,911,0018,1,10
S2202553,P003,911,0018,1,10
S2100223,P015,911,0024,0,10
S2100223,P015,922,0015,0,10
S2100223,P015,923,0015,0,10
S2100223,P015,924,0015,0,10
S2100223,P015,936,0015,0,10
E5600841,P001,911,0018,5,10
E5600841,P002,911,0018,6,10
E5600841,P003,911,0018,9,10
E5600841,P004,911,0018,6,10
E5600841,P005,911,0018,8,10
E5600841,P006,911,0018,12,10
E5600841,P007,911,0018,13,10
E5600841,P008,911,0018,9,10
E5600841,P009,911,0018,9,10
E5600841,P010,911,0018,6,10
E5600841,PC23,911,0018,9,10
E5600841,PC83,911,0018,13,10
E5600841,PPB1,911,0018,8,10
E5600841,PPC1,911,0018,5,10
E5600841,PR54,911,0018,3,10
E5600841,PR61,911,0018,7,10
E5600841,PR62,911,0018,4,10
E5600841,PS11,911,0018,11,10
E5600841,PS12,911,0018,9,10
E5600841,PS31,911,0018,8,10
E5600841,PS32,911,0018,4,10
E5600841,PS51,911,0018,14,10
E5600841,PS52,911,0018,9,10
E5600841,PS71,911,0018,10,10
E5600841,PS72,911,0018,10,10
S2201109,P711,911,0018,15,10
S2201109,P731,911,0018,18,10
S2201109,P741,911,0018,15,10
S2201109,P751,911,0018,15,10
E4900744,P001,911,0024,0,00
E4900744,P002,911,0024,0,00
E4900744,P023,911,0024,0,00
E4900744,P001,923,0015,0,00
E4900744,P023,923,0015,0,00
E4900744,P001,936,0015,0,00
E4900744,P023,936,0015,0,00
E5600896,P004,922,0000,0,00
E5600896,P004,923,0000,0,00
E5600896,P004,936,0000,0,00
E5600896,P005,922,0000,0,00
E5600896,P005,923,0000,0,00
E5600896,P005,936,0000,0,00
E5600896,P007,922,0000,0,10
E5600896,P007,923,0000,71,11
E5600896,P007,936,0000,5,10
E5600896,P008,922,0000,0,10
E5600896,P008,923,0000,65,10
E5600896,P008,936,0000,2,10
E5400878,P001,923,0000,22,10
E5400878,P001,936,0000,15,10
E5400878,P002,923,0000,20,10
E5400878,P002,936,0000,15,10
E5400878,P003,923,0000,18,10
E5400878,P003,936,0000,15,10
E5400878,P010,923,0000,19,10
E5400878,P010,936,0000,13,10
E4900333,P001,911,0018,9,10
E4900333,P002,911,0018,0,00
E4900333,P003,911,0018,0,32
E4900333,P103,911,0018,0,32
E4900333,P021,911,0018,6,10
E4900333,P105,911,0018,9,10
S1602755,P101,911,0024,5,10
S1602755,P201,911,0024,5,10
S1602755,P301,911,0024,5,10
S1602755,P101,922,0015,2,10
S1602755,P201,922,0015,2,10
S1602755,P301,922,0015,2,10
S1602755,P101,923,0015,58,10
S1602755,P201,923,0015,77,10
S1602755,P301,923,0015,64,10
S1602755,P101,924,0015,4,10
S1602755,P201,924,0015,2,10
S1602755,P301,924,0015,3,10
S1602755,P101,926,0015,2,10
S1602755,P201,926,0015,7,10
S1602755,P301,926,0015,8,10
S1602755,P101,936,0015,9,10
S1602755,P201,936,0015,9,10
S1602755,P301,936,0015,13,10
E5600850,PC01,923,0015,0,00
E5600850,PC01,924,0015,0,00
E5600850,PC01,936,0015,0,00
E5600850,PC01,926,0015,0,00
S2300438,P001,922,0015,0,10
S2300438,P001,923,0015,31,10
S2300438,P001,936,0015,6,10
E5600332,P001,911,0024,3,10
E5600332,P002,911,0024,4,10
E5600332,P003,911,0024,4,10
E5600850,PC01,911,0024,0,00
S2300438,P001,911,0024,5,10
E5601197,P002,911,0024,3,10
E5601197,P003,911,0024,3,10
E5600056,P004,911,0030,0,00
E5600056,P006,911,0030,3,10
E5600056,P007,911,0030,0,00
E5600056,P008,911,0030,6,10
E5600056,P009,911,0030,3,10
E5600056,P016,911,0030,4,10
E5600056,P017,911,0030,2,10
E5600056,P018,911,0030,3,10
E5600056,P021,911,0030,2,10
E5600056,P022,911,0030,3,10
E5600056,P023,911,0030,1,10
E5600056,P024,911,0030,4,10
E5600056,P004,922,0030,0,00
E5600056,P004,923,0030,0,00
E5600056,P004,924,0030,0,00
E5600056,P004,936,0030,0,00
E5600056,P006,922,0030,26,10
E5600056,P006,923,0030,71,10
E5600056,P006,924,0030,0,10
E5600056,P006,936,0030,4,10
E5600056,P007,922,0030,0,00
E5600056,P007,923,0030,0,00
E5600056,P007,924,0030,0,00
E5600056,P007,936,0030,0,00
E5600056,P008,922,0030,43,10
E5600056,P008,923,0030,66,10
E5600056,P008,924,0030,58,10
E5600056,P008,936,0030,5,10
E5600056,P016,922,0030,0,10
E5600056,P016,923,0030,33,10
E5600056,P016,936,0030,12,10
E5600056,P017,922,0030,2,10
E5600056,P017,923,0030,23,10
E5600056,P017,924,0030,0,10
E5600056,P017,936,0030,3,10
E5600056,P018,922,0030,0,10
E5600056,P018,923,0030,20,10
E5600056,P018,936,0030,4,10
E5600056,P021,922,0030,0,10
E5600056,P021,923,0030,48,10
E5600056,P021,936,0030,4,10
E5600056,P024,922,0030,3,10
E5600056,P024,923,0030,33,10
E5600056,P024,924,0030,2,10
E5600056,P024,936,0030,6,10
E5600056,P034,923,0030,47,10
E5600056,P034,936,0030,1,10
S2300429,P701,922,0015,0,00
S2300429,P701,923,0015,0,00
S2300429,P701,936,0015,0,00
S2300429,PF01,922,0015,23,10
S2300429,PF01,923,0015,26,10
S2300429,PF01,936,0015,6,10
S2300429,P701,911,0024,0,00
S2300429,PF01,911,0024,8,10
E5600789,P001,911,0024,3,10
E5002890,P001,911,0024,5,10
E5002890,P002,911,0024,5,10
E5002890,P003,911,0024,0,00
E5002890,P001,922,0015,0,10
E5002890,P002,922,0015,0,10
E5002890,P003,922,0015,0,00
E5002890,P001,923,0015,106,10
E5002890,P002,923,0015,93,10
E5002890,P003,923,0015,0,00
E5002890,P001,924,0015,5,10
E5002890,P002,924,0015,3,10
E5002890,P003,924,0015,0,00
E5002890,P001,926,0015,13,10
E5002890,P002,926,0015,5,10
E5002890,P003,926,0015,0,00
E5002890,P001,936,0015,12,10
E5002890,P002,936,0015,11,10
E5002890,P003,936,0015,0,00
E5600869,P001,911,0024,4,10
E5600869,P001,922,0015,141,10
E5600869,P001,923,0015,128,10
E5600869,P001,936,0015,7,10
S1900685,P002,911,0024,12,10
S1900685,P421,911,0024,9,10
S1900685,P421,922,0015,18,10
S1900685,P421,923,0015,67,10
S1900685,P421,936,0015,6,10
S1900685,P411,911,0024,4,10
S1900685,P411,922,0015,27,10
S1900685,P411,923,0015,65,10
S1900685,P411,936,0015,12,10
S2300401,P011,923,0015,66,10
S2300401,P011,936,0015,6,10
S2300401,P011,922,0015,35,10
S1901066,P004,922,0015,228,10
S1901066,P004,923,0015,183,10
S1901066,P004,924,0015,1,10
S1901066,P004,936,0015,4,10
S1901066,P004,937,0015,11,10
E5600896,P004,911,0012,0,00
E5600896,P005,911,0012,0,00
E5600896,P007,911,0012,5,10
E5600896,P008,911,0012,7,10
E5400878,P010,911,0012,2,10
S2300401,P011,911,0024,9,10
S1901066,P004,911,0024,5,10
S1900710,P015,911,0030,0,00
S1900710,P050,911,0030,4,10
S1900710,P056,911,0030,5,10
S1900710,P060,911,0030,6,10
S1900710,P070,911,0030,6,10
S1900710,P015,923,0030,0,00
S1900710,P015,936,0030,0,00
S1900710,P015,922,0030,0,00
S1900710,P050,923,0030,97,10
S1900710,P050,936,0030,5,10
S1900710,P050,922,0030,58,10
S1900710,P056,923,0030,43,10
S1900710,P056,936,0030,4,10
S1900710,P056,922,0030,23,10
S1900710,P060,923,0030,24,10
S1900710,P060,936,0030,5,10
S1900710,P060,922,0030,24,10
S1900710,P070,923,0030,23,10
S1900710,P070,936,0030,8,10
S1900710,P070,922,0030,17,10
S2202553,P001,911,0024,1,10
S2202553,P002,911,0024,1,10
S2202553,P003,911,0024,1,10
S2202553,P001,922,0015,6,10
S2202553,P002,922,0015,9,10
S2202553,P003,922,0015,8,10
S2202553,P001,923,0015,92,10
S2202553,P002,923,0015,87,10
S2202553,P003,923,0015,85,10
S2202553,P001,924,0015,4,10
S2202553,P002,924,0015,21,10
S2202553,P003,924,0015,2,10
S2202553,P001,926,0015,13,10
S2202553,P002,926,0015,16,10
S2202553,P003,926,0015,27,10
S2202553,P001,936,0015,10,10
S2202553,P002,936,0015,9,10
S2202553,P003,936,0015,7,10
S2100223,P015,911,0030,0,10
S2201109,P711,923,0015,24,10
S2201109,P711,936,0015,6,10
S2201109,P711,922,0015,7,10
S2201109,P731,923,0015,44,10
S2201109,P731,936,0015,7,10
S2201109,P731,922,0015,11,10
S2201109,P741,923,0015,52,10
S2201109,P741,936,0015,6,10
S2201109,P741,922,0015,21,10
S2201109,P751,923,0015,48,10
S2201109,P751,936,0015,7,10
S2201109,P751,922,0015,23,10
S2201109,P711,911,0024,15,10
S2201109,P731,911,0024,18,10
S2201109,P741,911,0024,15,10
S2201109,P751,911,0024,15,10
E5600841,P001,923,0015,23,10
E5600841,P001,936,0015,5,10
E5600841,P001,911,0024,5,10
E5600841,P001,922,0015,25,10
E5600841,P002,923,0015,18,10
E5600841,P002,936,0015,4,10
E5600841,P002,911,0024,6,10
E5600841,P002,922,0015,17,10
E5600841,P003,923,0015,22,10
E5600841,P003,936,0015,5,10
E5600841,P003,911,0024,9,10
E5600841,P003,922,0015,22,10
E5600841,P004,923,0015,28,10
E5600841,P004,936,0015,4,10
E5600841,P004,911,0024,6,10
E5600841,P004,922,0015,20,10
E5600841,P005,923,0015,22,10
E5600841,P005,936,0015,4,10
E5600841,P005,911,0024,8,10
E5600841,P005,922,0015,18,10
E5600841,P006,923,0015,22,10
E5600841,P006,936,0015,6,10
E5600841,P006,911,0024,12,10
E5600841,P006,922,0015,47,10
E5600841,P007,923,0015,26,10
E5600841,P007,936,0015,6,10
E5600841,P007,911,0024,14,10
E5600841,P007,922,0015,42,10
E5600841,P008,923,0015,40,10
E5600841,P008,936,0015,9,10
E5600841,P008,911,0024,9,10
E5600841,P008,922,0015,6,10
E5600841,P009,923,0015,11,10
E5600841,P009,936,0015,6,10
E5600841,P009,911,0024,9,10
E5600841,P009,922,0015,23,10
E5600841,P010,923,0015,10,10
E5600841,P010,936,0015,6,10
E5600841,P010,911,0024,6,10
E5600841,P010,922,0015,15,10
E5600841,PC23,923,0015,70,10
E5600841,PC23,936,0015,8,10
E5600841,PC23,911,0024,9,10
E5600841,PC23,922,0015,31,10
E5600841,PC83,923,0015,51,10
E5600841,PC83,936,0015,6,10
E5600841,PC83,911,0024,13,10
E5600841,PC83,922,0015,20,10
E5600841,PPB1,923,0015,8,10
E5600841,PPB1,936,0015,8,10
E5600841,PPB1,911,0024,8,10
E5600841,PPB1,922,0015,19,10
E5600841,PPC1,923,0015,17,10
E5600841,PPC1,936,0015,2,10
E5600841,PPC1,911,0024,5,10
E5600841,PPC1,922,0015,18,10
E5600841,PR54,923,0015,93,10
E5600841,PR54,936,0015,6,10
E5600841,PR54,911,0024,3,10
E5600841,PR54,922,0015,39,10
E5600841,PR61,923,0015,72,10
E5600841,PR61,936,0015,4,10
E5600841,PR61,911,0024,7,10
E5600841,PR61,922,0015,49,10
E5600841,PR62,923,0015,45,10
E5600841,PR62,936,0015,5,10
E5600841,PR62,911,0024,4,10
E5600841,PR62,922,0015,24,10
E5600841,PS11,923,0015,40,10
E5600841,PS11,936,0015,11,10
E5600841,PS11,911,0024,11,10
E5600841,PS11,922,0015,65,10
E5600841,PS12,911,0024,10,10
E5600841,PS31,923,0015,112,10
E5600841,PS31,936,0015,12,10
E5600841,PS31,911,0024,8,10
E5600841,PS31,922,0015,83,10
E5600841,PS32,911,0024,4,10
E5600841,PS51,923,0015,45,10
E5600841,PS51,936,0015,11,10
E5600841,PS51,911,0024,14,10
E5600841,PS51,922,0015,18,10
E5600841,PS52,911,0024,9,10
E5600841,PS71,923,0015,49,10
E5600841,PS71,936,0015,12,10
E5600841,PS71,911,0024,9,10
E5600841,PS71,922,0015,58,10
E5600841,PS72,911,0024,10,10
E4900744,P001,911,0030,0,00
E4900744,P002,911,0030,0,00
E4900744,P023,911,0030,0,00
S1602755,P101,911,0030,5,10
S1602755,P201,911,0030,5,10
S1602755,P301,911,0030,5,10
E4900333,P001,911,0024,9,10
E4900333,P002,911,0024,0,00
E4900333,P003,911,0024,0,32
E4900333,P103,911,0024,0,32
E4900333,P021,911,0024,6,10
E4900333,P105,911,0024,9,10
E4900333,P001,922,0015,1,10
E4900333,P002,922,0015,0,00
E4900333,P003,922,0015,0,32
E4900333,P103,922,0015,0,32
E4900333,P021,922,0015,0,10
E4900333,P105,922,0015,49,10
E4900333,P001,923,0015,81,10
E4900333,P002,923,0015,0,00
E4900333,P003,923,0015,0,32
E4900333,P103,923,0015,0,32
E4900333,P021,923,0015,38,10
E4900333,P105,923,0015,68,10
E4900333,P001,936,0015,13,10
E4900333,P002,936,0015,0,00
E4900333,P003,936,0015,0,32
E4900333,P103,936,0015,0,32
E4900333,P021,936,0015,8,10
E4900333,P105,936,0015,10,10
E5600332,P001,911,0030,4,10
E5600332,P002,911,0030,4,10
E5600332,P003,911,0030,4,10
S2300438,P001,911,0030,5,10
E5601197,P002,911,0030,3,10
E5601197,P003,911,0030,3,10
E5600850,PC01,911,0030,0,00
E5600789,P001,911,0030,3,10
E5600056,P004,911,0036,0,00
E5600056,P006,911,0036,3,10
E5600056,P007,911,0036,0,00
E5600056,P008,911,0036,6,10
E5600056,P009,911,0036,2,10
E5600056,P016,911,0036,4,10
E5600056,P017,911,0036,2,10
E5600056,P018,911,0036,3,10
E5600056,P021,911,0036,2,10
E5600056,P022,911,0036,3,10
E5600056,P023,911,0036,1,10
E5600056,P024,911,0036,4,10
E5002890,P001,911,0030,5,10
E5002890,P002,911,0030,5,10
E5002890,P003,911,0030,0,00
E5600869,P001,911,0030,4,10
S1900685,P002,911,0030,12,10
S1900685,P421,911,0030,10,10
S1900685,P411,911,0030,4,10
S2100223,P015,911,0036,0,10
E5600896,P004,911,0018,0,00
E5600896,P005,911,0018,0,00
E5600896,P007,911,0018,5,10
E5600896,P008,911,0018,7,10
E5400878,P010,911,0018,2,10
S1901066,P004,911,0030,5,10
S1900710,P015,911,0036,0,00
S1900710,P050,911,0036,4,10
S1900710,P056,911,0036,5,10
S1900710,P060,911,0036,9,10
S1900710,P070,911,0036,6,10
S2202553,P001,911,0030,1,10
S2202553,P002,911,0030,1,10
S2202553,P003,911,0030,1,10
E5600841,P001,911,0030,5,10
E5600841,P002,911,0030,6,10
E5600841,P003,911,0030,9,10
E5600841,P004,911,0030,6,10
E5600841,P005,911,0030,8,10
E5600841,P006,911,0030,12,10
E5600841,P007,911,0030,14,10
E5600841,P008,911,0030,9,10
E5600841,P009,911,0030,9,10
E5600841,P010,911,0030,6,10
E5600841,PC23,911,0030,9,10
E5600841,PC83,911,0030,13,10
E5600841,PPB1,911,0030,8,10
E5600841,PPC1,911,0030,5,10
E5600841,PR54,911,0030,3,10
E5600841,PR61,911,0030,7,10
E5600841,PR62,911,0030,4,10
E5600841,PS11,911,0030,11,10
E5600841,PS12,911,0030,9,10
E5600841,PS31,911,0030,8,10
E5600841,PS32,911,0030,4,10
E5600841,PS51,911,0030,14,10
E5600841,PS52,911,0030,9,10
E5600841,PS71,911,0030,9,10
E5600841,PS72,911,0030,9,10
E4900744,P001,911,0036,0,00
E4900744,P002,911,0036,0,00
E4900744,P023,911,0036,0,00
S2100223,P015,922,0030,0,10
S2100223,P015,923,0030,0,10
S2100223,P015,924,0030,0,10
S2100223,P015,936,0030,0,10
S1602755,P101,911,0036,5,10
S1602755,P201,911,0036,5,10
S1602755,P301,911,0036,5,10
E4900333,P001,911,0030,9,10
E4900333,P002,911,0030,0,00
E4900333,P003,911,0030,0,32
E4900333,P103,911,0030,0,32
E4900333,P021,911,0030,6,10
E4900333,P105,911,0030,9,10
E5600332,P001,911,0036,4,10
E5600332,P002,911,0036,4,10
E5600332,P003,911,0036,4,10
S2300438,P001,911,0036,5,10
E5601197,P002,911,0036,3,10
E5601197,P003,911,0036,2,10
S2300429,P701,911,0036,0,00
S2300429,PF01,911,0036,8,10
E5600850,PC01,911,0036,0,00
E5600789,P001,911,0036,3,10
E5600056,P004,911,0042,0,00
E5600056,P006,911,0042,3,10
E5600056,P007,911,0042,0,00
E5600056,P008,911,0042,5,10
E5600056,P009,911,0042,2,10
E5600056,P016,911,0042,4,10
E5600056,P017,911,0042,2,10
E5600056,P018,911,0042,3,10
E5600056,P021,911,0042,2,10
E5600056,P022,911,0042,3,10
E5600056,P023,911,0042,1,10
E5600056,P024,911,0042,4,10
E5002890,P001,911,0036,5,10
E5002890,P002,911,0036,5,10
E5002890,P003,911,0036,0,00
E5600869,P001,911,0036,4,10
S1900685,P002,911,0036,12,10
S1900685,P421,911,0036,10,10
S1900685,P411,911,0036,4,10
E4900744,P001,923,0030,0,00
E4900744,P023,923,0030,0,00
E4900744,P001,936,0030,0,00
E4900744,P023,936,0030,0,00
S2100223,P015,911,0042,0,10
E5600896,P004,922,0015,0,00
E5600896,P004,923,0015,0,00
E5600896,P004,936,0015,0,00
E5600896,P005,922,0015,0,00
E5600896,P005,923,0015,0,00
E5600896,P005,936,0015,0,00
E5600896,P007,922,0015,0,10
E5600896,P007,923,0015,70,11
E5600896,P007,936,0015,5,10
E5600896,P008,922,0015,0,10
E5600896,P008,923,0015,65,10
E5600896,P008,936,0015,2,10
E5600896,P004,911,0024,0,00
E5600896,P005,911,0024,0,00
E5600896,P007,911,0024,5,10
E5600896,P008,911,0024,7,10
E5400878,P001,923,0015,22,10
E5400878,P001,936,0015,15,10
E5400878,P002,923,0015,21,10
E5400878,P002,936,0015,15,10
E5400878,P003,923,0015,17,10
E5400878,P003,936,0015,15,10
E5400878,P010,923,0015,19,10
E5400878,P010,936,0015,13,10
E5400878,P010,911,0024,2,10
S2300438,P001,922,0030,0,10
S2300438,P001,923,0030,35,10
S2300438,P001,936,0030,6,10
S2300401,P011,911,0036,9,10
S1901066,P004,911,0036,5,10
S1900710,P015,911,0042,0,00
S1900710,P050,911,0042,4,10
S1900710,P056,911,0042,6,10
S1900710,P060,911,0042,5,10
S1900710,P070,911,0042,6,10
S2202553,P001,911,0036,1,10
S2202553,P002,911,0036,1,10
S2202553,P003,911,0036,1,10
S1602755,P101,922,0030,2,10
S1602755,P201,922,0030,2,10
S1602755,P301,922,0030,2,10
S1602755,P101,923,0030,75,10
S1602755,P201,923,0030,85,10
S1602755,P301,923,0030,66,10
S1602755,P101,924,0030,15,10
S1602755,P201,924,0030,2,10
S1602755,P301,924,0030,2,10
S1602755,P101,926,0030,2,10
S1602755,P201,926,0030,8,10
S1602755,P301,926,0030,7,10
S1602755,P101,936,0030,9,10
S1602755,P201,936,0030,10,10
S1602755,P301,936,0030,11,10
E5600850,PC01,923,0030,0,00
E5600850,PC01,924,0030,0,00
E5600850,PC01,936,0030,0,00
E5600850,PC01,926,0030,0,00
S2201109,P711,911,0036,15,10
S2201109,P731,911,0036,18,10
S2201109,P741,911,0036,15,10
S2201109,P751,911,0036,15,10
E5600841,P001,911,0036,5,10
E5600841,P002,911,0036,6,10
E5600841,P003,911,0036,9,10
E5600841,P004,911,0036,6,10
E5600841,P005,911,0036,8,10
E5600841,P006,911,0036,12,10
E5600841,P007,911,0036,14,10
E5600841,P008,911,0036,8,10
E5600841,P009,911,0036,9,10
E5600841,P010,911,0036,6,10
E5600841,PC23,911,0036,9,10
E5600841,PC83,911,0036,13,10
E5600841,PPB1,911,0036,8,10
E5600841,PPC1,911,0036,5,10
E5600841,PR54,911,0036,3,10
E5600841,PR61,911,0036,7,10
E5600841,PR62,911,0036,4,10
E5600841,PS11,911,0036,12,10
E5600841,PS12,911,0036,8,10
E5600841,PS31,911,0036,8,10
E5600841,PS32,911,0036,4,10
E5600841,PS51,911,0036,13,10
E5600841,PS52,911,0036,8,10
E5600841,PS71,911,0036,9,10
E5600841,PS72,911,0036,9,10
S2300401,P011,911,0030,9,10
S2300401,P011,923,0030,66,10
S2300401,P011,936,0030,7,10
S2300401,P011,922,0030,37,10
S1901066,P004,922,0030,229,10
S1901066,P004,923,0030,183,10
S1901066,P004,924,0030,1,10
S1901066,P004,936,0030,4,10
S1901066,P004,937,0030,11,10
E5002890,P001,922,0030,0,10
E5002890,P002,922,0030,10,10
E5002890,P003,922,0030,0,00
E5002890,P001,923,0030,110,10
E5002890,P002,923,0030,96,10
E5002890,P003,923,0030,0,00
E5002890,P001,924,0030,4,10
E5002890,P002,924,0030,3,10
E5002890,P003,924,0030,0,00
E5002890,P001,926,0030,17,10
E5002890,P002,926,0030,11,10
E5002890,P003,926,0030,0,00
E5002890,P001,936,0030,12,10
E5002890,P002,936,0030,11,10
E5002890,P003,936,0030,0,00
E5600869,P001,922,0030,138,10
E5600869,P001,923,0030,128,10
E5600869,P001,936,0030,7,10
S1900710,P070,923,0045,21,10
S1900710,P070,936,0045,8,10
S1900710,P070,922,0045,17,10
S1900710,P015,923,0045,0,00
S1900710,P015,936,0045,0,00
S1900710,P015,922,0045,0,00
S1900710,P050,923,0045,96,10
S1900710,P050,936,0045,5,10
S1900710,P050,922,0045,57,10
S1900710,P056,923,0045,38,10
S1900710,P056,936,0045,4,10
S1900710,P056,922,0045,23,10
S1900710,P060,923,0045,24,10
S1900710,P060,936,0045,6,10
S1900710,P060,922,0045,23,10
E4900744,P001,911,0042,0,00
E4900744,P002,911,0042,0,00
E4900744,P023,911,0042,0,00
S2300429,P701,911,0030,0,00
S2300429,P701,922,0030,0,00
S2300429,P701,923,0030,0,00
S2300429,P701,936,0030,0,00
S2300429,PF01,911,0030,8,10
S2300429,PF01,922,0030,23,10
S2300429,PF01,923,0030,26,10
S2300429,PF01,936,0030,6,10
S1900685,P421,922,0030,20,10
S1900685,P421,923,0030,66,10
S1900685,P421,936,0030,6,10
S1900685,P411,922,0030,28,10
S1900685,P411,923,0030,64,10
S1900685,P411,936,0030,12,10
S2202553,P001,922,0030,9,10
S2202553,P002,922,0030,15,10
S2202553,P003,922,0030,8,10
S2202553,P001,923,0030,84,10
S2202553,P002,923,0030,91,10
S2202553,P003,923,0030,81,10
S2202553,P001,924,0030,3,10
S2202553,P002,924,0030,1,10
S2202553,P003,924,0030,2,10
S2202553,P001,926,0030,14,10
S2202553,P002,926,0030,29,10
S2202553,P003,926,0030,34,11
S2202553,P001,936,0030,10,10
S2202553,P002,936,0030,10,10
S2202553,P003,936,0030,9,10
S1601990,P001,911,0042,3,10
S1601990,P004,911,0042,4,10
S1601990,P049,911,0042,1,10
S1602755,P101,911,0042,5,10
S1602755,P201,911,0042,5,10
S1602755,P301,911,0042,5,10
E4900333,P001,911,0036,9,10
E4900333,P002,911,0036,0,00
E4900333,P003,911,0036,0,32
E4900333,P103,911,0036,0,32
E4900333,P021,911,0036,6,10
E4900333,P105,911,0036,10,10
E5600332,P001,911,0042,4,10
E5600332,P002,911,0042,4,10
E5600332,P003,911,0042,4,10
S2300438,P001,911,0042,5,10
E5601197,P002,911,0042,3,10
E5601197,P003,911,0042,2,10
E5600841,P001,923,0030,21,10
E5600841,P001,936,0030,4,10
E5600841,P001,922,0030,25,10
E5600841,P002,923,0030,18,10
E5600841,P002,936,0030,4,10
E5600841,P002,922,0030,17,10
E5600841,P003,923,0030,19,10
E5600841,P003,936,0030,5,10
E5600841,P003,922,0030,22,10
E5600841,P004,923,0030,26,10
E5600841,P004,936,0030,4,10
E5600841,P004,922,0030,21,10
E5600841,P005,923,0030,20,10
E5600841,P005,936,0030,4,10
E5600841,P005,922,0030,18,10
E5600841,P006,923,0030,21,10
E5600841,P006,936,0030,6,10
E5600841,P006,922,0030,47,10
E5600841,P007,923,0030,57,10
E5600841,P007,936,0030,6,10
E5600841,P007,922,0030,44,10
E5600841,P008,923,0030,43,10
E5600841,P008,936,0030,9,10
E5600841,P008,922,0030,6,10
E5600841,P009,923,0030,12,10
E5600841,P009,936,0030,7,10
E5600841,P009,922,0030,23,10
E5600841,P010,923,0030,11,10
E5600841,P010,936,0030,6,10
E5600841,P010,922,0030,15,10
E5600841,PC23,923,0030,66,10
E5600841,PC23,936,0030,8,10
E5600841,PC23,922,0030,33,10
E5600841,PC83,923,0030,54,10
E5600841,PC83,936,0030,6,10
E5600841,PC83,922,0030,19,10
E5600841,PPB1,923,0030,8,10
E5600841,PPB1,936,0030,7,10
E5600841,PPB1,922,0030,17,10
E5600841,PPC1,923,0030,16,10
E5600841,PPC1,936,0030,3,10
E5600841,PPC1,922,0030,19,10
E5600841,PR54,923,0030,73,10
E5600841,PR54,936,0030,7,10
E5600841,PR54,922,0030,39,10
E5600841,PR61,923,0030,76,10
E5600841,PR61,936,0030,4,10
E5600841,PR61,922,0030,55,10
E5600841,PR62,923,0030,48,10
E5600841,PR62,936,0030,4,10
E5600841,PR62,922,0030,27,10
E5600841,PS11,923,0030,36,10
E5600841,PS11,936,0030,11,10
E5600841,PS11,922,0030,64,10
E5600841,PS31,923,0030,113,10
E5600841,PS31,936,0030,12,10
E5600841,PS31,922,0030,86,10
E5600841,PS51,923,0030,45,10
E5600841,PS51,936,0030,12,10
E5600841,PS51,922,0030,18,10
E5600841,PS71,923,0030,51,10
E5600841,PS71,936,0030,12,10
E5600841,PS71,922,0030,47,10
S2300429,P701,911,0042,0,00
S2300429,PF01,911,0042,9,10
E5600850,PC01,911,0042,0,00
E5600056,P004,922,0045,0,00
E5600056,P004,923,0045,0,00
E5600056,P004,924,0045,0,00
E5600056,P004,936,0045,0,00
E5600056,P006,922,0045,22,10
E5600056,P006,923,0045,68,10
E5600056,P006,924,0045,0,10
E5600056,P006,936,0045,5,10
E5600056,P007,922,0045,0,00
E5600056,P007,923,0045,0,00
E5600056,P007,924,0045,0,00
E5600056,P007,936,0045,0,00
E5600056,P008,922,0045,42,10
E5600056,P008,923,0045,67,10
E5600056,P008,924,0045,24,10
E5600056,P008,936,0045,5,10
E5600056,P016,922,0045,0,10
E5600056,P016,923,0045,34,10
E5600056,P016,936,0045,12,10
E5600056,P017,922,0045,2,10
E5600056,P017,923,0045,23,10
E5600056,P017,924,0045,0,10
E5600056,P017,936,0045,3,10
E5600056,P018,922,0045,0,10
E5600056,P018,923,0045,19,10
E5600056,P018,924,0045,0,10
E5600056,P018,936,0045,4,10
E5600056,P021,922,0045,0,10
E5600056,P021,923,0045,49,10
E5600056,P021,924,0045,0,10
E5600056,P021,936,0045,4,10
E5600056,P024,922,0045,3,10
E5600056,P024,923,0045,33,10
E5600056,P024,924,0045,2,10
E5600056,P024,936,0045,6,10
E5600056,P034,922,0045,5,10
E5600056,P034,923,0045,52,10
E5600056,P034,936,0045,1,10
E5600789,P001,911,0042,3,10
E5600056,P004,911,0048,0,00
E5600056,P006,911,0048,3,10
E5600056,P007,911,0048,0,00
E5600056,P008,911,0048,6,10
E5600056,P009,911,0048,2,10
E5600056,P016,911,0048,4,10
E5600056,P017,911,0048,2,10
E5600056,P018,911,0048,3,10
E5600056,P021,911,0048,3,10
E5600056,P022,911,0048,3,10
E5600056,P023,911,0048,1,10
E5600056,P024,911,0048,3,10
E5002890,P001,911,0042,5,10
E5002890,P002,911,0042,5,10
E5002890,P003,911,0042,0,00
E5600869,P001,911,0042,4,10
S1900685,P002,911,0042,13,10
S1900685,P421,911,0042,9,10
S1900685,P411,911,0042,4,10
S2100223,P015,911,0048,0,10
E5600896,P004,911,0030,0,00
E5600896,P005,911,0030,0,00
E5600896,P007,911,0030,5,10
E5600896,P008,911,0030,7,10
E5400878,P010,911,0030,2,10
S2300401,P011,911,0042,9,10
S1901066,P004,911,0042,5,10
E4900333,P001,922,0030,1,10
E4900333,P002,922,0030,0,00
E4900333,P003,922,0030,0,32
E4900333,P103,922,0030,0,32
E4900333,P021,922,0030,0,10
E4900333,P105,922,0030,50,10
E4900333,P001,923,0030,81,10
E4900333,P002,923,0030,0,00
E4900333,P003,923,0030,0,32
E4900333,P103,923,0030,0,32
E4900333,P021,923,0030,39,10
E4900333,P105,923,0030,68,10
E4900333,P001,936,0030,13,10
E4900333,P002,936,0030,0,00
E4900333,P003,936,0030,0,32
E4900333,P103,936,0030,0,32
E4900333,P021,936,0030,8,10
E4900333,P105,936,0030,10,10
S2201109,P711,911,0030,15,10
S2201109,P731,911,0030,18,10
S2201109,P741,911,0030,15,10
S2201109,P751,911,0030,15,10
S2201109,P711,923,0030,25,10
S2201109,P711,936,0030,6,10
S2201109,P711,922,0030,8,10
S2201109,P731,923,0030,44,10
S2201109,P731,936,0030,7,10
S2201109,P731,922,0030,10,10
S2201109,P741,923,0030,52,10
S2201109,P741,936,0030,6,10
S2201109,P741,922,0030,21,10
S2201109,P751,923,0030,48,10
S2201109,P751,936,0030,7,10
S2201109,P751,922,0030,23,10
S2201109,P711,911,0042,15,10
S2201109,P731,911,0042,18,10
S2201109,P741,911,0042,15,10
S2201109,P751,911,0042,15,10
S2202553,P001,911,0042,1,10
S2202553,P002,911,0042,1,10
S2202553,P003,911,0042,1,10
E5600841,P001,911,0042,5,10
E5600841,P002,911,0042,6,10
E5600841,P003,911,0042,9,10
E5600841,P004,911,0042,6,10
E5600841,P005,911,0042,8,10
E5600841,P006,911,0042,12,10
E5600841,P007,911,0042,14,10
E5600841,P008,911,0042,9,10
E5600841,P009,911,0042,9,10
E5600841,P010,911,0042,6,10
E5600841,PC23,911,0042,9,10
E5600841,PC83,911,0042,13,10
E5600841,PPB1,911,0042,8,10
E5600841,PPC1,911,0042,5,10
E5600841,PR54,911,0042,3,10
E5600841,PR61,911,0042,7,10
E5600841,PR62,911,0042,4,10
E5600841,PS11,911,0042,11,10
E5600841,PS12,911,0042,9,10
E5600841,PS31,911,0042,8,10
E5600841,PS32,911,0042,4,10
E5600841,PS51,911,0042,13,10
E5600841,PS52,911,0042,8,10
E5600841,PS71,911,0042,9,10
E5600841,PS72,911,0042,9,10
E4900333,P001,911,0042,9,10
E4900333,P002,911,0042,0,00
E4900333,P003,911,0042,0,32
E4900333,P103,911,0042,0,32
E4900333,P021,911,0042,6,10
E4900333,P105,911,0042,10,10
E4900744,P001,911,0048,0,00
E4900744,P002,911,0048,0,00
E4900744,P023,911,0048,0,00
S2100223,P015,911,0000,14,10
S2100223,P015,922,0000,35,10
S2100223,P015,923,0000,31,10
S2100223,P015,924,0000,79,10
S2100223,P015,936,0000,3,10
S1602755,P101,911,0048,5,10
S1602755,P201,911,0048,5,10
S1602755,P301,911,0048,5,10
E5600332,P001,911,0048,4,10
E5600332,P002,911,0048,4,10
E5600332,P003,911,0048,4,10
S2300438,P001,911,0048,5,10
E5601197,P002,911,0048,4,10
E5601197,P003,911,0048,4,10
E5600896,P004,911,0036,0,00
E5600896,P005,911,0036,0,00
E5600896,P007,911,0036,5,10
E5600896,P008,911,0036,7,10
S2300429,P701,911,0048,0,00
S2300429,PF01,911,0048,8,10
E5600850,PC01,911,0048,0,00
E5600789,P001,911,0048,3,10
E5600056,P004,911,0054,0,00
E5600056,P006,911,0054,3,10
E5600056,P007,911,0054,0,00
E5600056,P008,911,0054,6,10
E5600056,P009,911,0054,2,10
E5600056,P016,911,0054,4,10
E5600056,P017,911,0054,2,10
E5600056,P018,911,0054,3,10
E5600056,P021,911,0054,3,10
E5600056,P022,911,0054,3,10
E5600056,P023,911,0054,1,10
E5600056,P024,911,0054,4,10
E5002890,P001,911,0048,5,10
E5002890,P002,911,0048,5,10
E5002890,P003,911,0048,0,00
E5600869,P001,911,0048,4,10
S1900685,P002,911,0048,12,10
S1900685,P421,911,0048,9,10
S1900685,P411,911,0048,4,10
S2100223,P015,911,0054,0,10
S2100223,P015,922,0045,0,10
S2100223,P015,923,0045,0,10
S2100223,P015,924,0045,0,10
S2100223,P015,936,0045,0,10
E5400878,P010,911,0036,2,10
S1900710,P015,911,0048,0,00
S1900710,P050,911,0048,5,10
S1900710,P056,911,0048,5,10
S1900710,P060,911,0048,3,10
S1900710,P070,911,0048,6,10
S2300401,P011,911,0048,9,10
S1901066,P004,911,0048,5,10
S1900710,P015,911,0054,0,00
S1900710,P050,911,0054,4,10
S1900710,P056,911,0054,5,10
S1900710,P060,911,0054,5,10
S1900710,P070,911,0054,6,10
E5600841,P001,911,0048,6,10
E5600841,P002,911,0048,6,10
E5600841,P003,911,0048,9,10
E5600841,P004,911,0048,7,10
E5600841,P005,911,0048,8,10
E5600841,P006,911,0048,12,10
E5600841,P007,911,0048,13,10
E5600841,P008,911,0048,8,10
E5600841,P009,911,0048,9,10
E5600841,P010,911,0048,6,10
E5600841,PC23,911,0048,11,10
E5600841,PC83,911,0048,14,10
E5600841,PPB1,911,0048,8,10
E5600841,PPC1,911,0048,5,10
E5600841,PR54,911,0048,3,10
E5600841,PR61,911,0048,7,10
E5600841,PR62,911,0048,4,10
E5600841,PS11,911,0048,11,10
E5600841,PS12,911,0048,9,10
E5600841,PS31,911,0048,8,10
E5600841,PS32,911,0048,4,10
E5600841,PS51,911,0048,12,10
E5600841,PS52,911,0048,8,10
E5600841,PS71,911,0048,9,10
E5600841,PS72,911,0048,9,10
S2201109,P711,911,0048,15,10
S2201109,P731,911,0048,19,10
S2201109,P741,911,0048,15,10
S2201109,P751,911,0048,15,10
S2202553,P001,911,0048,1,10
S2202553,P002,911,0048,1,10
S2202553,P003,911,0048,1,10
E5600896,P004,922,0030,0,00
E5600896,P004,923,0030,0,00
E5600896,P004,936,0030,0,00
E5600896,P005,922,0030,0,00
E5600896,P005,923,0030,0,00
E5600896,P005,936,0030,0,00
E5600896,P007,922,0030,0,10
E5600896,P007,923,0030,70,11
E5600896,P007,936,0030,5,10
E5600896,P008,922,0030,0,10
E5600896,P008,923,0030,65,10
E5600896,P008,936,0030,2,10
E4900333,P001,911,0048,9,10
E4900333,P002,911,0048,0,00
E4900333,P003,911,0048,0,32
E4900333,P103,911,0048,0,32
E4900333,P021,911,0048,6,10
E4900333,P105,911,0048,10,10
E4900744,P001,911,0054,0,00
E4900744,P002,911,0054,0,00
E4900744,P023,911,0054,0,00
E4900744,P001,923,0045,0,00
E4900744,P023,923,0045,0,00
E4900744,P001,936,0045,0,00
E4900744,P023,936,0045,0,00
E4900744,P001,223,0000,0,00
E4900744,P023,223,0000,0,00
E4900744,P001,236,0000,0,00
E4900744,P023,236,0000,0,00
E4900744,P001,248,0000,0,00
E4900744,P023,248,0000,0,00
E4900744,P001,259,0000,0,00
E4900744,P023,259,0000,0,00
E5400878,P001,923,0030,22,10
E5400878,P001,936,0030,15,10
E5400878,P002,923,0030,21,10
E5400878,P002,936,0030,15,10
E5400878,P003,923,0030,17,10
E5400878,P003,936,0030,15,10
E5400878,P010,923,0030,18,10
E5400878,P010,936,0030,13,10
S1602755,P101,911,0054,5,10
S1602755,P201,911,0054,5,10
S1602755,P301,911,0054,5,10
S1602755,P101,922,0045,2,10
S1602755,P201,922,0045,2,10
S1602755,P301,922,0045,2,10
S1602755,P101,923,0045,83,10
S1602755,P201,923,0045,85,10
S1602755,P301,923,0045,56,10
S1602755,P101,924,0045,8,10
S1602755,P201,924,0045,3,10
S1602755,P301,924,0045,3,10
S1602755,P101,926,0045,2,10
S1602755,P201,926,0045,8,10
S1602755,P301,926,0045,8,10
S1602755,P101,936,0045,9,10
S1602755,P201,936,0045,11,10
S1602755,P301,936,0045,11,10
S1602755,P101,222,0000,2,10
S1602755,P201,222,0000,2,10
S1602755,P301,222,0000,2,10
S1602755,P101,223,0000,66,10
S1602755,P201,223,0000,79,10
S1602755,P301,223,0000,64,10
S1602755,P101,224,0000,8,10
S1602755,P201,224,0000,3,10
S1602755,P301,224,0000,3,10
S1602755,P101,226,0000,2,10
S1602755,P201,226,0000,7,10
S1602755,P301,226,0000,8,10
S1602755,P101,236,0000,9,10
S1602755,P201,236,0000,9,10
S1602755,P301,236,0000,12,10
S1602755,P101,248,0000,95014,10
S1602755,P201,248,0000,79092,10
S1602755,P301,248,0000,73040,10
S1602755,P101,259,0000,137,10
S1602755,P201,259,0000,132,10
S1602755,P301,259,0000,136,10
S2300438,P001,922,0045,0,10
S2300438,P001,923,0045,32,10
S2300438,P001,936,0045,6,10
E5600332,P001,911,0054,4,10
E5600332,P002,911,0054,4,10
E5600332,P003,911,0054,4,10
S2300438,P001,911,0054,5,10
E5601197,P002,911,0054,5,10
E5601197,P003,911,0054,4,10
S2300429,P701,922,0045,0,00
S2300429,P701,923,0045,0,00
S2300429,P701,936,0045,0,00
S2300429,PF01,922,0045,24,10
S2300429,PF01,923,0045,26,10
S2300429,PF01,936,0045,6,10
E5600850,PC01,923,0045,0,00
E5600850,PC01,924,0045,0,00
E5600850,PC01,936,0045,0,00
E5600850,PC01,926,0045,0,00
E5600896,P004,911,0042,0,00
E5600896,P005,911,0042,0,00
E5600896,P007,911,0042,5,10
E5600896,P008,911,0042,7,10
S2300429,P701,911,0054,0,00
S2300429,PF01,911,0054,8,10
E5600850,PC01,911,0054,0,00
E5600789,P001,911,0054,3,10
E5600056,P004,911,0100,0,00
E5600056,P006,911,0100,3,10
E5600056,P007,911,0100,0,00
E5600056,P008,911,0100,6,10
E5600056,P009,911,0100,2,10
E5600056,P016,911,0100,4,10
E5600056,P017,911,0100,2,10
E5600056,P018,911,0100,3,10
E5600056,P021,911,0100,2,10
E5600056,P022,911,0100,3,10
E5600056,P023,911,0100,1,10
E5600056,P024,911,0100,4,10
E5600056,P004,922,0100,0,00
E5600056,P004,923,0100,0,00
E5600056,P004,924,0100,0,00
E5600056,P004,936,0100,0,00
E5600056,P006,922,0100,23,10
E5600056,P006,923,0100,66,10
E5600056,P006,924,0100,0,10
E5600056,P006,936,0100,4,10
E5600056,P007,922,0100,0,00
E5600056,P007,923,0100,0,00
E5600056,P007,924,0100,0,00
E5600056,P007,936,0100,0,00
E5600056,P008,922,0100,41,10
E5600056,P008,923,0100,66,10
E5600056,P008,924,0100,52,10
E5600056,P008,936,0100,5,10
E5600056,P016,922,0100,0,10
E5600056,P016,923,0100,33,10
E5600056,P016,936,0100,12,10
E5600056,P017,922,0100,2,10
E5600056,P017,923,0100,23,10
E5600056,P017,924,0100,0,10
E5600056,P017,936,0100,3,10
E5600056,P018,922,0100,0,10
E5600056,P018,923,0100,18,10
E5600056,P018,936,0100,4,10
E5600056,P021,922,0100,0,10
E5600056,P021,923,0100,48,10
E5600056,P021,936,0100,4,10
E5600056,P024,922,0100,3,10
E5600056,P024,923,0100,33,10
E5600056,P024,924,0100,2,10
E5600056,P024,936,0100,6,10
E5600056,P034,923,0100,52,10
E5600056,P034,936,0100,2,10
E5600056,P004,222,0100,0,00
E5600056,P004,223,0100,0,00
E5600056,P004,224,0100,0,00
E5600056,P004,236,0100,0,00
E5600056,P004,248,0100,0,00
E5600056,P004,259,0100,0,00
E5600056,P006,222,0100,24,10
E5600056,P006,223,0100,68,10
E5600056,P006,224,0100,0,10
E5600056,P006,236,0100,4,10
E5002890,P001,911,0054,5,10
E5002890,P002,911,0054,6,10
E5002890,P003,911,0054,0,00
E5002890,P001,922,0045,0,10
E5002890,P002,922,0045,10,10
E5002890,P003,922,0045,0,00
E5002890,P001,923,0045,104,10
E5002890,P002,923,0045,90,10
E5002890,P003,923,0045,0,00
E5002890,P001,924,0045,8,10
E5002890,P002,924,0045,2,10
E5002890,P003,924,0045,0,00
E5002890,P001,926,0045,16,10
E5002890,P002,926,0045,16,10
E5002890,P003,926,0045,0,00
E5002890,P001,936,0045,13,10
E5002890,P002,936,0045,11,10
E5002890,P003,936,0045,0,00
E5002890,P001,222,0000,0,10
E5002890,P002,222,0000,5,10
E5002890,P003,222,0000,0,00
E5002890,P001,223,0000,110,10
E5002890,P002,223,0000,92,10
E5002890,P003,223,0000,0,00
E5002890,P001,224,0000,5,10
E5002890,P002,224,0000,3,10
E5002890,P003,224,0000,0,00
E5002890,P001,226,0000,16,10
E5002890,P002,226,0000,10,10
E5002890,P003,226,0000,0,00
E5002890,P001,236,0000,12,10
E5002890,P002,236,0000,11,10
E5002890,P003,236,0000,0,00
E5002890,P001,248,0000,55307,10
E5002890,P002,248,0000,67877,10
E5002890,P003,248,0000,0,00
E5002890,P001,259,0000,167,10
E5002890,P002,259,0000,158,10
E5002890,P003,259,0000,0,00
E5600869,P001,911,0054,4,10
E5600869,P001,922,0045,136,10
E5600869,P001,923,0045,128,10
E5600869,P001,936,0045,7,10
E5600869,P001,222,0000,139,10
E5600869,P001,223,0000,128,10
E5600869,P001,236,0000,7,10
E5600869,P001,248,0000,57666,10
E5600869,P001,259,0000,107,10
S1900685,P002,911,0054,12,10
S1900685,P421,911,0054,10,10
S1900685,P421,922,0045,20,10
S1900685,P421,923,0045,66,10
S1900685,P421,936,0045,6,10
S1900685,P421,222,0000,18,10
S1900685,P421,223,0000,66,10
S1900685,P421,236,0000,6,10
S1900685,P421,248,0000,299156,10
S1900685,P421,259,0000,52,10
S1900685,P411,911,0054,4,10
S1900685,P411,222,0000,27,10
S1900685,P411,922,0045,28,10
S1900685,P411,223,0000,65,10
S1900685,P411,923,0045,64,10
S1900685,P411,236,0000,12,10
S1900685,P411,936,0045,12,10
S1900685,P411,248,0000,20069,10
S1900685,P411,259,0000,132,10
S2100223,P015,911,0100,0,10
S1901066,P004,922,0045,229,10
S1901066,P004,923,0045,184,10
S1901066,P004,924,0045,1,10
S1901066,P004,936,0045,4,10
S1901066,P004,937,0045,11,10
E5400878,P010,911,0042,2,10
S1901066,P004,911,0054,5,10
S1900710,P015,911,0100,0,00
S1900710,P050,911,0100,4,10
S1900710,P056,911,0100,5,10
S1900710,P060,911,0100,8,10
S1900710,P070,911,0100,6,10
S1900710,P015,923,0100,0,00
S1900710,P015,936,0100,0,00
S1900710,P015,922,0100,0,00
S1900710,P050,923,0100,97,10
S1900710,P050,936,0100,5,10
S1900710,P050,922,0100,56,10
S1900710,P056,923,0100,43,10
S1900710,P056,936,0100,4,10
S1900710,P056,922,0100,23,10
S1900710,P060,923,0100,20,10
S1900710,P060,936,0100,5,10
S1900710,P060,922,0100,24,10
S1900710,P070,923,0100,20,10
S1900710,P070,936,0100,8,10
S1900710,P070,922,0100,17,10
S1900710,P015,248,0100,0,00
S1900710,P015,223,0100,0,00
S1900710,P015,236,0100,0,00
S1900710,P015,222,0100,0,00
S1900710,P015,259,0100,0,00
S1900710,P050,248,0100,67608,10
S1900710,P050,223,0100,96,10
S1900710,P050,236,0100,5,10
S1900710,P050,222,0100,57,10
S1900710,P050,259,0100,137,10
S1900710,P056,248,0100,168444,10
S1900710,P056,223,0100,42,10
S1900710,P056,236,0100,4,10
S1900710,P056,222,0100,23,10
S1900710,P056,259,0100,125,10
S1900710,P060,248,0100,160272,10
S1900710,P060,223,0100,23,10
S1900710,P060,236,0100,5,10
S1900710,P060,222,0100,24,10
S1900710,P060,259,0100,123,10
S1900710,P070,248,0100,166248,10
S1900710,P070,223,0100,21,10
S1900710,P070,236,0100,8,10
S1900710,P070,222,0100,17,10
S1900710,P070,259,0100,85,10
S2300401,P011,911,0000,9,10
S2300401,P011,923,0000,66,10
S2300401,P011,936,0000,7,10
S2300401,P011,922,0000,34,10
S2300401,P011,248,0000,174708,10
S2300401,P011,223,0000,66,10
S2300401,P011,236,0000,7,10
S2300401,P011,222,0000,36,10
S2300401,P011,259,0000,52,10
S2201109,P711,923,0045,23,10
S2201109,P711,936,0045,6,10
S2201109,P711,922,0045,7,10
S2201109,P731,923,0045,44,10
S2201109,P731,936,0045,7,10
S2201109,P731,922,0045,11,10
S2201109,P741,923,0045,52,10
S2201109,P741,936,0045,6,10
S2201109,P741,922,0045,22,10
S2201109,P751,923,0045,49,10
S2201109,P751,936,0045,7,10
S2201109,P751,922,0045,23,10
S2300401,P011,923,0045,67,10
S2300401,P011,936,0045,7,10
S2300401,P011,922,0045,39,10
S2201109,P711,911,0054,15,10
S2201109,P731,911,0054,18,10
S2201109,P741,911,0054,15,10
S2201109,P751,911,0054,15,10
S2300401,P011,911,0054,9,10
S2202553,P001,911,0054,1,10
S2202553,P002,911,0054,1,10
S2202553,P003,911,0054,1,10
S2202553,P001,922,0045,14,10
S2202553,P002,922,0045,8,10
S2202553,P003,922,0045,6,10
S2202553,P001,923,0045,84,10
S2202553,P002,923,0045,89,10
S2202553,P003,923,0045,79,10
S2202553,P001,924,0045,3,10
S2202553,P002,924,0045,1,10
S2202553,P003,924,0045,2,10
S2202553,P001,926,0045,23,10
S2202553,P002,926,0045,25,10
S2202553,P003,926,0045,23,10
S2202553,P001,936,0045,10,10
S2202553,P002,936,0045,10,10
S2202553,P003,936,0045,8,10
S2202553,P001,222,0000,10,10
S2202553,P002,222,0000,10,10
S2202553,P003,222,0000,7,10
S2202553,P001,223,0000,86,10
S2202553,P002,223,0000,86,10
S2202553,P003,223,0000,83,10
S2202553,P001,224,0000,3,10
S2202553,P002,224,0000,6,10
S2202553,P003,224,0000,2,10
S2202553,P001,226,0000,20,10
S2202553,P002,226,0000,22,10
S2202553,P003,226,0000,26,10
S2202553,P001,236,0000,10,10
S2202553,P002,236,0000,10,10
S2202553,P003,236,0000,8,10
S2202553,P001,248,0000,116941,10
S2202553,P002,248,0000,121872,10
S2202553,P003,248,0000,118335,10
S2202553,P001,259,0000,142,10
S2202553,P002,259,0000,137,10
S2202553,P003,259,0000,149,10
E4900333,P001,911,0054,9,10
E4900333,P002,911,0054,0,00
E4900333,P003,911,0054,0,32
E4900333,P103,911,0054,0,32
E4900333,P021,911,0054,6,10
E4900333,P105,911,0054,10,10
E4900333,P001,922,0045,1,10
E4900333,P002,922,0045,0,00
E4900333,P003,922,0045,0,32
E4900333,P103,922,0045,0,32
E4900333,P021,922,0045,0,10
E4900333,P105,922,0045,53,10
E4900333,P001,923,0045,81,10
E4900333,P002,923,0045,0,00
E4900333,P003,923,0045,0,32
E4900333,P103,923,0045,0,32
E4900333,P021,923,0045,37,10
E4900333,P105,923,0045,69,10
E4900333,P001,936,0045,13,10
E4900333,P002,936,0045,0,00
E4900333,P003,936,0045,0,32
E4900333,P103,936,0045,0,32
E4900333,P021,936,0045,8,10
E4900333,P105,936,0045,10,10
E4900333,P001,259,0000,88,10
E4900333,P002,259,0000,0,00
E4900333,P003,259,0000,0,32
E4900333,P103,259,0000,0,32
E4900333,P021,259,0000,126,10
E4900333,P105,259,0000,168,10
E4900333,P001,222,0000,1,10
E4900333,P002,222,0000,0,00
E4900333,P003,222,0000,0,32
E4900333,P103,222,0000,0,32
E4900333,P021,222,0000,0,10
E4900333,P105,222,0000,50,10
E4900333,P001,223,0000,81,10
E4900333,P002,223,0000,0,00
E4900333,P003,223,0000,0,32
E4900333,P103,223,0000,0,32
E4900333,P021,223,0000,39,10
E4900333,P105,223,0000,68,10
E4900333,P001,236,0000,13,10
E4900333,P002,236,0000,0,00
E4900333,P003,236,0000,0,32
E4900333,P103,236,0000,0,32
E4900333,P021,236,0000,8,10
E4900333,P105,236,0000,10,10
E4900333,P001,248,0000,40480,10
E4900333,P002,248,0000,0,00
E4900333,P003,248,0000,0,32
E4900333,P103,248,0000,0,32
E4900333,P021,248,0000,100152,10
E4900333,P105,248,0000,153963,10
E4900744,P001,911,0100,0,00
E4900744,P002,911,0100,0,00
E4900744,P023,911,0100,0,00
S1602755,P101,911,0100,5,10
S1602755,P201,911,0100,5,10
S1602755,P301,911,0100,5,10
E5600841,P001,248,0000,191990,10
E5600841,P001,923,0045,22,10
E5600841,P001,223,0000,25,10
E5600841,P001,936,0045,4,10
E5600841,P001,236,0000,4,10
E5600841,P001,911,0054,5,10
E5600841,P001,922,0045,26,10
E5600841,P001,222,0000,27,10
E5600841,P001,259,0000,167,10
E5600841,P002,248,0000,220828,10
E5600841,P002,923,0045,18,10
E5600841,P002,223,0000,18,10
E5600841,P002,936,0045,4,10
E5600841,P002,236,0000,4,10
E5600841,P002,911,0054,6,10
E5600841,P002,922,0045,17,10
E5600841,P002,222,0000,17,10
E5600841,P002,259,0000,167,10
E5600841,P003,248,0000,182520,10
E5600841,P003,923,0045,22,10
E5600841,P003,223,0000,25,10
E5600841,P003,936,0045,5,10
E5600841,P003,236,0000,5,10
E5600841,P003,911,0054,9,10
E5600841,P003,922,0045,23,10
E5600841,P003,222,0000,24,10
E5600841,P003,259,0000,165,10
E5600841,P004,248,0000,175968,10
E5600841,P004,923,0045,25,10
E5600841,P004,223,0000,26,10
E5600841,P004,936,0045,4,10
E5600841,P004,236,0000,4,10
E5600841,P004,911,0054,6,10
E5600841,P004,922,0045,20,10
E5600841,P004,222,0000,20,10
E5600841,P004,259,0000,184,10
E5600841,P005,248,0000,190919,10
E5600841,P005,923,0045,20,10
E5600841,P005,223,0000,21,10
E5600841,P005,936,0045,4,10
E5600841,P005,236,0000,4,10
E5600841,P005,911,0054,8,10
E5600841,P005,922,0045,17,10
E5600841,P005,222,0000,18,10
E5600841,P005,259,0000,193,10
E5600841,P006,248,0000,185130,10
E5600841,P006,923,0045,20,10
E5600841,P006,223,0000,22,10
E5600841,P006,936,0045,5,10
E5600841,P006,236,0000,6,10
E5600841,P006,911,0054,12,10
E5600841,P006,922,0045,47,10
E5600841,P006,222,0000,47,10
E5600841,P006,259,0000,129,10
E5600841,P007,248,0000,190660,10
E5600841,P007,923,0045,64,10
E5600841,P007,223,0000,42,10
E5600841,P007,936,0045,6,10
E5600841,P007,236,0000,6,10
E5600841,P007,911,0054,13,10
E5600841,P007,922,0045,44,10
E5600841,P007,222,0000,44,10
E5600841,P007,259,0000,140,10
E5600841,P008,248,0000,166260,10
E5600841,P008,923,0045,45,10
E5600841,P008,223,0000,43,10
E5600841,P008,936,0045,9,10
E5600841,P008,236,0000,9,10
E5600841,P008,911,0054,8,10
E5600841,P008,922,0045,6,10
E5600841,P008,222,0000,6,10
E5600841,P008,259,0000,49,10
E5600841,P009,248,0000,262214,10
E5600841,P009,923,0045,12,10
E5600841,P009,223,0000,12,10
E5600841,P009,936,0045,7,10
E5600841,P009,236,0000,6,10
E5600841,P009,911,0054,9,10
E5600841,P009,922,0045,21,10
E5600841,P009,222,0000,22,10
E5600841,P009,259,0000,118,10
E5600841,P010,248,0000,326605,10
E5600841,P010,923,0045,12,10
E5600841,P010,223,0000,11,10
E5600841,P010,936,0045,7,10
E5600841,P010,236,0000,6,10
E5600841,P010,911,0054,6,10
E5600841,P010,922,0045,15,10
E5600841,P010,222,0000,15,10
E5600841,P010,259,0000,104,10
E5600841,PC23,248,0000,32515,10
E5600841,PC23,923,0045,61,10
E5600841,PC23,223,0000,64,10
E5600841,PC23,936,0045,7,10
E5600841,PC23,236,0000,8,10
E5600841,PC23,911,0054,9,10
E5600841,PC23,922,0045,31,10
E5600841,PC23,222,0000,32,10
E5600841,PC23,259,0000,157,10
E5600841,PC83,248,0000,209706,10
E5600841,PC83,923,0045,54,10
E5600841,PC83,223,0000,53,10
E5600841,PC83,936,0045,6,10
E5600841,PC83,236,0000,6,10
E5600841,PC83,911,0054,13,10
E5600841,PC83,922,0045,19,10
E5600841,PC83,222,0000,19,10
E5600841,PC83,259,0000,170,10
E5600841,PPB1,248,0000,190972,10
E5600841,PPB1,923,0045,8,10
E5600841,PPB1,223,0000,8,10
E5600841,PPB1,936,0045,8,10
E5600841,PPB1,236,0000,8,10
E5600841,PPB1,911,0054,8,10
E5600841,PPB1,922,0045,17,10
E5600841,PPB1,222,0000,18,10
E5600841,PPB1,259,0000,130,10
E5600841,PPC1,248,0000,608590,10
E5600841,PPC1,923,0045,16,10
E5600841,PPC1,223,0000,16,10
E5600841,PPC1,936,0045,3,10
E5600841,PPC1,236,0000,3,10
E5600841,PPC1,911,0054,5,10
E5600841,PPC1,922,0045,18,10
E5600841,PPC1,222,0000,19,10
E5600841,PPC1,259,0000,128,10
E5600841,PR54,248,0000,42950,10
E5600841,PR54,923,0045,73,10
E5600841,PR54,223,0000,80,10
E5600841,PR54,936,0045,5,10
E5600841,PR54,236,0000,6,10
E5600841,PR54,911,0054,3,10
E5600841,PR54,922,0045,44,10
E5600841,PR54,222,0000,39,10
E5600841,PR54,259,0000,221,10
E5600841,PR61,248,0000,111631,10
E5600841,PR61,923,0045,72,10
E5600841,PR61,223,0000,72,10
E5600841,PR61,936,0045,4,10
E5600841,PR61,236,0000,4,10
E5600841,PR61,911,0054,7,10
E5600841,PR61,922,0045,53,10
E5600841,PR61,222,0000,52,10
E5600841,PR61,259,0000,304,10
E5600841,PR62,248,0000,86859,10
E5600841,PR62,923,0045,50,10
E5600841,PR62,223,0000,47,10
E5600841,PR62,936,0045,4,10
E5600841,PR62,236,0000,4,10
E5600841,PR62,911,0054,4,10
E5600841,PR62,922,0045,26,10
E5600841,PR62,222,0000,25,10
E5600841,PR62,259,0000,294,10
E5600841,PS11,248,0000,832495,10
E5600841,PS11,923,0045,33,10
E5600841,PS11,223,0000,37,10
E5600841,PS11,936,0045,11,10
E5600841,PS11,236,0000,11,10
E5600841,PS11,911,0054,11,10
E5600841,PS11,922,0045,63,10
E5600841,PS11,222,0000,65,10
E5600841,PS11,259,0000,165,10
E5600841,PS12,911,0054,10,10
E5600841,PS31,248,0000,714271,10
E5600841,PS31,923,0045,112,10
E5600841,PS31,223,0000,113,10
E5600841,PS31,936,0045,12,10
E5600841,PS31,236,0000,12,10
E5600841,PS31,911,0054,8,10
E5600841,PS31,922,0045,86,10
E5600841,PS31,222,0000,86,10
E5600841,PS31,259,0000,124,10
E5600841,PS32,911,0054,4,10
E5600841,PS51,248,0000,904129,10
E5600841,PS51,923,0045,44,10
E5600841,PS51,223,0000,46,10
E5600841,PS51,936,0045,12,10
E5600841,PS51,236,0000,11,10
E5600841,PS51,911,0054,12,10
E5600841,PS51,922,0045,18,10
E5600841,PS51,222,0000,18,10
E5600841,PS51,259,0000,135,10
E5600841,PS52,911,0054,8,10
E5600841,PS71,248,0000,1360164,10
E5600841,PS71,923,0045,53,10
E5600841,PS71,223,0000,51,10
E5600841,PS71,936,0045,12,10
E5600841,PS71,236,0000,12,10
E5600841,PS71,911,0054,9,10
E5600841,PS71,922,0045,46,10
E5600841,PS71,222,0000,49,10
E5600841,PS71,259,0000,182,10
E5600841,PS72,911,0054,9,10
E5600332,P001,911,0100,4,10
E5600332,P002,911,0100,4,10
E5600332,P003,911,0100,4,10
S2300438,P001,911,0100,5,10
E5601197,P002,911,0100,4,10
E5601197,P003,911,0100,4,10
E5600896,P004,911,0048,0,00
E5600896,P005,911,0048,0,00
E5600896,P007,911,0048,5,10
E5600896,P008,911,0048,7,10
E5600850,PC01,911,0100,0,00
E5600789,P001,911,0100,3,10
E5600056,P004,911,0106,0,00
E5600056,P006,911,0106,3,10
E5600056,P007,911,0106,0,00
E5600056,P008,911,0106,6,10
E5600056,P009,911,0106,2,10
E5600056,P016,911,0106,5,10
E5600056,P017,911,0106,2,10
E5600056,P018,911,0106,3,10
E5600056,P021,911,0106,2,10
E5600056,P022,911,0106,3,10
E5600056,P023,911,0106,1,10
E5600056,P024,911,0106,4,10
E5002890,P001,911,0100,5,10
E5002890,P002,911,0100,6,10
E5002890,P003,911,0100,0,00
E5600869,P001,911,0100,4,10
S1900685,P002,911,0100,12,10
S1900685,P421,911,0100,10,10
S1900685,P411,911,0100,4,10
S2202553,P001,911,0100,1,10
S2202553,P002,911,0100,1,10
S2202553,P003,911,0100,1,10
S2100223,P015,911,0106,0,10
E5400878,P010,911,0048,2,10
S1901066,P004,911,0100,5,10
S1900710,P015,911,0106,0,00
S1900710,P050,911,0106,4,10
S1900710,P056,911,0106,5,10
S1900710,P060,911,0106,8,10
S1900710,P070,911,0106,6,10
E5600841,P001,911,0100,5,10
E5600841,P002,911,0100,6,10
E5600841,P003,911,0100,9,10
E5600841,P004,911,0100,6,10
E5600841,P005,911,0100,8,10
E5600841,P006,911,0100,12,10
E5600841,P007,911,0100,13,10
E5600841,P008,911,0100,8,10
E5600841,P009,911,0100,9,10
E5600841,P010,911,0100,6,10
E5600841,PC23,911,0100,9,10
E5600841,PC83,911,0100,13,10
E5600841,PPB1,911,0100,8,10
E5600841,PPC1,911,0100,5,10
E5600841,PR54,911,0100,3,10
E5600841,PR61,911,0100,7,10
E5600841,PR62,911,0100,4,10
E5600841,PS11,911,0100,11,10
E5600841,PS12,911,0100,10,10
E5600841,PS31,911,0100,8,10
E5600841,PS32,911,0100,4,10
E5600841,PS51,911,0100,12,10
E5600841,PS52,911,0100,8,10
E5600841,PS71,911,0100,9,10
E5600841,PS72,911,0100,9,10
E4900333,P001,911,0100,9,10
E4900333,P002,911,0100,0,00
E4900333,P003,911,0100,0,32
E4900333,P103,911,0100,0,32
E4900333,P021,911,0100,6,10
E4900333,P105,911,0100,9,10
E4900744,P001,911,0106,0,00
E4900744,P002,911,0106,0,00
E4900744,P023,911,0106,0,00
S2100223,P015,922,0100,0,10
S2100223,P015,923,0100,0,10
S2100223,P015,924,0100,0,10
S2100223,P015,936,0100,0,10
S1602755,P101,911,0106,5,10
S1602755,P201,911,0106,5,10
S1602755,P301,911,0106,5,10
S2300438,P001,911,0106,5,10
E5601197,P002,911,0106,4,10
E5601197,P003,911,0106,3,10
E5600896,P004,222,0000,0,00
E5600896,P004,223,0000,0,00
E5600896,P004,236,0000,0,00
E5600896,P004,248,0000,0,00
E5600896,P004,259,0000,0,00
E5600896,P005,222,0000,0,00
E5600896,P005,223,0000,0,00
E5600896,P005,236,0000,0,00
E5600896,P005,248,0000,0,00
E5600896,P005,259,0000,0,00
E5600896,P007,222,0000,0,10
E5600896,P007,223,0000,70,11
E5600896,P007,236,0000,5,10
E5600896,P007,248,0000,1466870,10
E5600896,P007,259,0000,157,10
E5600896,P008,222,0000,0,10
E5600896,P008,223,0000,65,10
E5600896,P008,236,0000,2,10
E5600896,P008,248,0000,1888644,10
E5600896,P008,259,0000,133,10
E5600896,P004,922,0045,0,00
E5600896,P004,923,0045,0,00
E5600896,P004,936,0045,0,00
E5600896,P005,922,0045,0,00
E5600896,P005,923,0045,0,00
E5600896,P005,936,0045,0,00
E5600896,P007,922,0045,0,10
E5600896,P007,923,0045,70,11
E5600896,P007,936,0045,5,10
E5600896,P008,922,0045,0,10
E5600896,P008,923,0045,65,10
E5600896,P008,936,0045,2,10
E5600896,P004,911,0054,0,00
E5600896,P005,911,0054,0,00
E5600896,P007,911,0054,5,10
E5600896,P008,911,0054,7,10
S2300401,P011,911,0106,9,10
S2300429,P701,911,0106,0,00
S2300429,PF01,911,0106,8,10
E5600332,P001,911,0106,4,10
E5600332,P002,911,0106,4,10
E5600332,P003,911,0106,4,10
E5600850,PC01,911,0106,0,00
E5600789,P001,911,0106,3,10
E5600056,P004,911,0112,0,00
E5600056,P006,911,0112,3,10
E5600056,P007,911,0112,0,00
E5600056,P008,911,0112,6,10
E5600056,P009,911,0112,3,10
E5600056,P016,911,0112,4,10
E5600056,P017,911,0112,2,10
E5600056,P018,911,0112,3,10
E5600056,P021,911,0112,2,10
E5600056,P022,911,0112,3,10
E5600056,P023,911,0112,1,10
E5600056,P024,911,0112,4,10
E5002890,P001,911,0106,5,10
E5002890,P002,911,0106,5,10
E5002890,P003,911,0106,0,00
E5600869,P001,911,0106,4,10
S1900685,P002,911,0106,13,10
S1900685,P421,911,0106,9,10
S1900685,P411,911,0106,4,10
S2202553,P001,911,0106,1,10
S2202553,P002,911,0106,1,10
S2202553,P003,911,0106,1,10
E4900744,P001,923,0100,0,00
E4900744,P023,923,0100,0,00
E4900744,P001,936,0100,0,00
E4900744,P023,936,0100,0,00
S2100223,P015,911,0112,0,10
E5400878,P001,223,0000,22,10
E5400878,P001,236,0000,15,10
E5400878,P001,248,0000,765671,10
E5400878,P001,259,0000,116,10
E5400878,P002,223,0000,20,10
E5400878,P002,236,0000,15,10
E5400878,P002,248,0000,1692216,10
E5400878,P002,259,0000,115,10
E5400878,P003,223,0000,17,10
E5400878,P003,236,0000,15,10
E5400878,P003,248,0000,1532374,10
E5400878,P003,259,0000,114,10
E5400878,P010,223,0000,19,10
E5400878,P010,236,0000,13,10
E5400878,P010,248,0000,1374737,10
E5400878,P010,259,0000,99,10
E5400878,P001,923,0045,21,10
E5400878,P001,936,0045,15,10
E5400878,P002,923,0045,20,10
E5400878,P002,936,0045,15,10
E5400878,P003,923,0045,17,10
E5400878,P003,936,0045,15,10
E5400878,P010,923,0045,18,10
E5400878,P010,936,0045,13,10
E5400878,P010,911,0054,2,10
S2300438,P001,922,0100,0,10
S2300438,P001,923,0100,31,10
S2300438,P001,936,0100,7,10
S2300438,P001,222,0000,0,10
S2300438,P001,223,0000,32,10
S2300438,P001,236,0000,6,10
S2300438,P001,248,0000,46676,10
S2300438,P001,259,0000,128,10
S1901066,P004,911,0106,5,10
S1900710,P015,911,0112,0,00
S1900710,P050,911,0112,4,10
S1900710,P056,911,0112,4,10
S1900710,P060,911,0112,9,10
S1900710,P070,911,0112,6,10
S1602755,P101,922,0100,2,10
S1602755,P201,922,0100,2,10
S1602755,P301,922,0100,2,10
S1602755,P101,923,0100,74,10
S1602755,P201,923,0100,63,10
S1602755,P301,923,0100,66,10
S1602755,P101,924,0100,3,10
S1602755,P201,924,0100,3,10
S1602755,P301,924,0100,2,10
S1602755,P101,926,0100,2,10
S1602755,P201,926,0100,7,10
S1602755,P301,926,0100,9,10
S1602755,P101,936,0100,11,10
S1602755,P201,936,0100,10,10
S1602755,P301,936,0100,12,10
E5600841,P001,911,0106,5,10
E5600841,P002,911,0106,6,10
E5600841,P003,911,0106,9,10
E5600841,P004,911,0106,6,10
E5600841,P005,911,0106,8,10
E5600841,P006,911,0106,12,10
E5600841,P007,911,0106,13,10
E5600841,P008,911,0106,8,10
E5600841,P009,911,0106,9,10
E5600841,P010,911,0106,6,10
E5600841,PC23,911,0106,10,10
E5600841,PC83,911,0106,13,10
E5600841,PPB1,911,0106,8,10
E5600841,PPC1,911,0106,5,10
E5600841,PR54,911,0106,3,10
E5600841,PR61,911,0106,7,10
E5600841,PR62,911,0106,4,10
E5600841,PS11,911,0106,11,10
E5600841,PS12,911,0106,8,10
E5600841,PS31,911,0106,8,10
E5600841,PS32,911,0106,4,10
E5600841,PS51,911,0106,12,10
E5600841,PS52,911,0106,8,10
E5600841,PS71,911,0106,9,10
E5600841,PS72,911,0106,9,10
S2201109,P711,911,0106,15,10
S2201109,P731,911,0106,18,10
S2201109,P741,911,0106,15,10
S2201109,P751,911,0106,15,10
E5600850,PC01,923,0100,0,00
E5600850,PC01,924,0100,0,00
E5600850,PC01,936,0100,0,00
E5600850,PC01,926,0100,0,00
E5600850,PC01,223,0000,0,00
E5600850,PC01,224,0000,0,00
E5600850,PC01,236,0000,0,00
E5600850,PC01,226,0000,0,00
E5600850,PC01,248,0000,0,00
E5600850,PC01,259,0000,0,00
S1901066,P004,922,0100,229,10
S1901066,P004,923,0100,185,10
S1901066,P004,924,0100,1,10
S1901066,P004,936,0100,4,10
S1901066,P004,937,0100,11,10
S1901066,P004,222,0000,228,10
S1901066,P004,223,0000,184,10
S1901066,P004,224,0000,1,10
S1901066,P004,236,0000,4,10
S1901066,P004,237,0000,11,10
S1901066,P004,248,0000,117049,10
S1901066,P004,259,0000,237,10
E4900333,P001,911,0106,9,10
E4900333,P002,911,0106,0,00
E4900333,P003,911,0106,0,32
E4900333,P103,911,0106,0,32
E4900333,P021,911,0106,6,10
E4900333,P105,911,0106,9,10
E5002890,P001,922,0100,0,10
E5002890,P002,922,0100,5,10
E5002890,P003,922,0100,0,00
E5002890,P001,923,0100,109,10
E5002890,P002,923,0100,98,10
E5002890,P003,923,0100,0,00
E5002890,P001,924,0100,11,10
E5002890,P002,924,0100,2,10
E5002890,P003,924,0100,0,00
E5002890,P001,926,0100,17,10
E5002890,P002,926,0100,16,10
E5002890,P003,926,0100,0,00
E5002890,P001,936,0100,13,10
E5002890,P002,936,0100,11,10
E5002890,P003,936,0100,0,00
E5600869,P001,922,0100,137,10
E5600869,P001,923,0100,128,10
E5600869,P001,936,0100,7,10
S1900710,P070,923,0115,23,10
S1900710,P070,936,0115,8,10
S1900710,P070,922,0115,17,10
S1900710,P015,923,0115,0,00
S1900710,P015,936,0115,0,00
S1900710,P015,922,0115,0,00
S1900710,P050,923,0115,99,10
S1900710,P050,936,0115,5,10
S1900710,P050,922,0115,55,10
S1900710,P056,923,0115,38,10
S1900710,P056,936,0115,4,10
S1900710,P056,922,0115,22,10
S1900710,P060,923,0115,23,10
S1900710,P060,936,0115,5,10
S1900710,P060,922,0115,24,10
E4900744,P001,911,0112,0,00
E4900744,P002,911,0112,0,00
E4900744,P023,911,0112,0,00
S1900685,P421,922,0100,21,10
S1900685,P421,923,0100,67,10
S1900685,P421,936,0100,6,10
S1900685,P411,922,0100,29,10
S1900685,P411,923,0100,63,10
S1900685,P411,936,0100,12,10
S2202553,P001,922,0100,14,10
S2202553,P002,922,0100,8,10
S2202553,P003,922,0100,4,10
S2202553,P001,923,0100,86,10
S2202553,P002,923,0100,86,10
S2202553,P003,923,0100,88,10
S2202553,P001,924,0100,3,10
S2202553,P002,924,0100,1,10
S2202553,P003,924,0100,2,10
S2202553,P001,926,0100,25,10
S2202553,P002,926,0100,18,10
S2202553,P003,926,0100,14,10
S2202553,P001,936,0100,10,10
S2202553,P002,936,0100,10,10
S2202553,P003,936,0100,9,10
S1601990,P001,911,0112,3,10
S1601990,P004,911,0112,5,10
S1601990,P049,911,0112,1,10
S1602755,P101,911,0112,5,10
S1602755,P201,911,0112,5,10
S1602755,P301,911,0112,5,10
E5600841,P001,923,0100,17,10
E5600841,P001,936,0100,5,10
E5600841,P001,922,0100,24,10
E5600841,P002,923,0100,18,10
E5600841,P002,936,0100,4,10
E5600841,P002,922,0100,18,10
E5600841,P003,923,0100,15,10
E5600841,P003,936,0100,5,10
E5600841,P003,922,0100,22,10
E5600841,P004,923,0100,21,10
E5600841,P004,936,0100,4,10
E5600841,P004,922,0100,21,10
E5600841,P005,923,0100,19,10
E5600841,P005,936,0100,4,10
E5600841,P005,922,0100,18,10
E5600841,P006,923,0100,18,10
E5600841,P006,936,0100,6,10
E5600841,P006,922,0100,46,10
E5600841,P007,923,0100,49,10
E5600841,P007,936,0100,6,10
E5600841,P007,922,0100,44,10
E5600841,P008,923,0100,44,10
E5600841,P008,936,0100,9,10
E5600841,P008,922,0100,6,10
E5600841,P009,923,0100,12,10
E5600841,P009,936,0100,7,10
E5600841,P009,922,0100,23,10
E5600841,P010,923,0100,11,10
E5600841,P010,936,0100,7,10
E5600841,P010,922,0100,15,10
E5600841,PC23,923,0100,87,10
E5600841,PC23,936,0100,8,10
E5600841,PC23,922,0100,30,10
E5600841,PC83,923,0100,56,10
E5600841,PC83,936,0100,7,10
E5600841,PC83,922,0100,19,10
E5600841,PPB1,923,0100,8,10
E5600841,PPB1,936,0100,8,10
E5600841,PPB1,922,0100,17,10
E5600841,PPC1,923,0100,14,10
E5600841,PPC1,936,0100,3,10
E5600841,PPC1,922,0100,18,10
E5600841,PR54,923,0100,64,10
E5600841,PR54,936,0100,6,10
E5600841,PR54,922,0100,47,10
E5600841,PR61,923,0100,71,10
E5600841,PR61,936,0100,4,10
E5600841,PR61,922,0100,55,10
E5600841,PR62,923,0100,49,10
E5600841,PR62,936,0100,4,10
E5600841,PR62,922,0100,26,10
E5600841,PS11,923,0100,36,10
E5600841,PS11,936,0100,11,10
E5600841,PS11,922,0100,62,10
E5600841,PS31,923,0100,112,10
E5600841,PS31,936,0100,12,10
E5600841,PS31,922,0100,80,10
E5600841,PS51,923,0100,42,10
E5600841,PS51,936,0100,12,10
E5600841,PS51,922,0100,18,10
E5600841,PS71,923,0100,57,10
E5600841,PS71,936,0100,12,10
E5600841,PS71,922,0100,51,10
S2300429,P701,911,0100,0,00
S2300429,P701,922,0100,0,00
S2300429,P701,923,0100,0,00
S2300429,P701,936,0100,0,00
S2300429,PF01,911,0100,8,10
S2300429,PF01,922,0100,25,10
S2300429,PF01,923,0100,26,10
S2300429,PF01,936,0100,6,10
S2300429,P701,222,0000,0,00
S2300429,P701,223,0000,0,00
S2300429,P701,236,0000,0,00
S2300429,P701,248,0000,0,00
S2300429,P701,259,0000,0,00
S2300429,PF01,222,0000,23,10
S2300429,PF01,223,0000,26,10
S2300429,PF01,236,0000,6,10
S2300429,PF01,248,0000,274529,10
S2300429,PF01,259,0000,57,10
E5600850,PC01,911,0112,0,00
S2300438,P001,911,0112,5,10
E5601197,P002,911,0112,3,10
E5601197,P003,911,0112,3,10
E5600896,P004,911,0100,0,00
E5600896,P005,911,0100,0,00
E5600896,P007,911,0100,5,10
E5600896,P008,911,0100,7,10
E5400878,P010,911,0100,2,10
S2300401,P011,911,0112,9,10
E5600332,P001,911,0112,4,10
E5600332,P002,911,0112,4,10
E5600332,P003,911,0112,4,10
E5600056,P004,922,0115,0,00
E5600056,P004,923,0115,0,00
E5600056,P004,924,0115,0,00
E5600056,P004,936,0115,0,00
E5600056,P006,922,0115,26,10
E5600056,P006,923,0115,69,10
E5600056,P006,924,0115,0,10
E5600056,P006,936,0115,4,10
E5600056,P007,922,0115,0,00
E5600056,P007,923,0115,0,00
E5600056,P007,924,0115,0,00
E5600056,P007,936,0115,0,00
E5600056,P008,922,0115,41,10
E5600056,P008,923,0115,66,10
E5600056,P008,924,0115,50,10
E5600056,P008,936,0115,5,10
E5600056,P016,922,0115,0,10
E5600056,P016,923,0115,33,10
E5600056,P016,936,0115,12,10
E5600056,P017,922,0115,2,10
E5600056,P017,923,0115,24,10
E5600056,P017,924,0115,0,10
E5600056,P017,936,0115,3,10
E5600056,P018,922,0115,0,10
E5600056,P018,923,0115,18,10
E5600056,P018,924,0115,0,10
E5600056,P018,936,0115,4,10
E5600056,P021,922,0115,0,10
E5600056,P021,923,0115,47,10
E5600056,P021,924,0115,0,10
E5600056,P021,936,0115,4,10
E5600056,P024,922,0115,3,10
E5600056,P024,923,0115,32,10
E5600056,P024,924,0115,2,10
E5600056,P024,936,0115,6,10
E5600056,P034,922,0115,6,10
E5600056,P034,923,0115,53,10
E5600056,P034,936,0115,1,10
E5600789,P001,911,0112,3,10
E5600056,P004,911,0118,0,00
E5600056,P006,911,0118,3,10
E5600056,P007,911,0118,0,00
E5600056,P008,911,0118,6,10
E5600056,P009,911,0118,3,10
E5600056,P016,911,0118,4,10
E5600056,P017,911,0118,2,10
E5600056,P018,911,0118,3,10
E5600056,P021,911,0118,3,10
E5600056,P022,911,0118,3,10
E5600056,P023,911,0118,1,10
E5600056,P024,911,0118,4,10
E5002890,P001,911,0112,5,10
E5002890,P002,911,0112,5,10
E5002890,P003,911,0112,0,00
E5600869,P001,911,0112,4,10
S1900685,P002,911,0112,12,10
S1900685,P421,911,0112,9,10
S1900685,P411,911,0112,4,10
S2202553,P001,911,0112,1,10
S2202553,P002,911,0112,1,10
S2202553,P003,911,0112,1,10
S2100223,P015,911,0118,0,10
S2300429,P701,911,0112,0,00
S2300429,PF01,911,0112,8,10
S1901066,P004,911,0112,5,10
E4900333,P001,922,0100,1,10
E4900333,P002,922,0100,0,00
E4900333,P003,922,0100,0,32
E4900333,P103,922,0100,0,32
E4900333,P021,922,0100,0,10
E4900333,P105,922,0100,51,10
E4900333,P001,923,0100,82,10
E4900333,P002,923,0100,0,00
E4900333,P003,923,0100,0,32
E4900333,P103,923,0100,0,32
E4900333,P021,923,0100,38,10
E4900333,P105,923,0100,69,10
E4900333,P001,936,0100,13,10
E4900333,P002,936,0100,0,00
E4900333,P003,936,0100,0,32
E4900333,P103,936,0100,0,32
E4900333,P021,936,0100,8,10
E4900333,P105,936,0100,10,10
S1900710,P070,911,0118,6,10
S1900710,P015,911,0118,0,00
S1900710,P050,911,0118,4,10
S1900710,P056,911,0118,4,10
S1900710,P060,911,0118,6,10
E5600841,P001,911,0112,5,10
E5600841,P002,911,0112,6,10
E5600841,P003,911,0112,9,10
E5600841,P004,911,0112,6,10
E5600841,P005,911,0112,8,10
E5600841,P006,911,0112,12,10
E5600841,P007,911,0112,13,10
E5600841,P008,911,0112,8,10
E5600841,P009,911,0112,9,10
E5600841,P010,911,0112,6,10
E5600841,PC23,911,0112,9,10
E5600841,PC83,911,0112,13,10
E5600841,PPB1,911,0112,8,10
E5600841,PPC1,911,0112,5,10
E5600841,PR54,911,0112,3,10
E5600841,PR61,911,0112,7,10
E5600841,PR62,911,0112,4,10
E5600841,PS11,911,0112,11,10
E5600841,PS12,911,0112,8,10
E5600841,PS31,911,0112,8,10
E5600841,PS32,911,0112,4,10
E5600841,PS51,911,0112,12,10
E5600841,PS52,911,0112,8,10
E5600841,PS71,911,0112,9,10
E5600841,PS72,911,0112,9,10
S2201109,P711,911,0000,15,10
S2201109,P731,911,0000,18,10
S2201109,P741,911,0000,15,10
S2201109,P751,911,0000,15,10
S2201109,P711,923,0000,24,10
S2201109,P711,936,0000,6,10
S2201109,P711,922,0000,6,10
S2201109,P731,923,0000,45,10
S2201109,P731,936,0000,7,10
S2201109,P731,922,0000,12,10
S2201109,P741,923,0000,52,10
S2201109,P741,936,0000,6,10
S2201109,P741,922,0000,22,10
S2201109,P751,923,0000,48,10
S2201109,P751,936,0000,7,10
S2201109,P751,922,0000,22,10
S2201109,P711,248,0000,6761,10
S2201109,P711,223,0000,24,10
S2201109,P711,236,0000,6,10
S2201109,P711,222,0000,7,10
S2201109,P711,259,0000,53,10
S2201109,P731,248,0000,4184,10
S2201109,P731,223,0000,44,10
S2201109,P731,236,0000,7,10
S2201109,P731,222,0000,11,10
S2201109,P731,259,0000,53,10
S2201109,P741,248,0000,4737,10
S2201109,P741,223,0000,52,10
S2201109,P741,236,0000,6,10
S2201109,P741,222,0000,22,10
S2201109,P741,259,0000,52,10
S2201109,P751,248,0000,4503,10
S2201109,P751,223,0000,48,10
S2201109,P751,236,0000,7,10
S2201109,P751,222,0000,23,10
S2201109,P751,259,0000,50,10
E4900744,P001,911,0118,0,00
E4900744,P002,911,0118,0,00
E4900744,P023,911,0118,0,00
S2201109,P711,911,0112,15,10
S2201109,P731,911,0112,18,10
S2201109,P741,911,0112,15,10
S2201109,P751,911,0112,15,10
E4900333,P001,911,0112,9,10
E4900333,P002,911,0112,0,00
E4900333,P003,911,0112,0,32
E4900333,P103,911,0112,0,32
E4900333,P021,911,0112,6,10
E4900333,P105,911,0112,9,10
S1602755,P101,911,0118,5,10
S1602755,P201,911,0118,5,10
S1602755,P301,911,0118,5,10
E5600850,PC01,911,0118,0,00
S2300438,P001,911,0118,5,10
E5601197,P002,911,0118,3,10
E5601197,P003,911,0118,3,10
S1601990,P001,911,0118,3,10
S1601990,P004,911,0118,5,10
S1601990,P049,911,0118,1,10
E5600896,P004,911,0106,0,00
E5600896,P005,911,0106,0,00
E5600896,P007,911,0106,5,10
E5600896,P008,911,0106,7,10
E5400878,P010,911,0106,2,10
S2300401,P011,911,0118,9,10
E5600332,P001,911,0118,3,10
E5600332,P002,911,0118,4,10
E5600332,P003,911,0118,4,10
E5600789,P001,911,0118,3,10
E5002890,P001,911,0118,5,10
E5002890,P002,911,0118,6,10
E5002890,P003,911,0118,0,00
E5600869,P001,911,0118,4,10
S1900685,P002,911,0118,12,10
S1900685,P421,911,0118,10,10
S1900685,P411,911,0118,4,10
S2202553,P001,911,0118,1,10
S2202553,P002,911,0118,1,10
S2202553,P003,911,0118,1,10
S2100223,P015,911,0124,0,10
S2100223,P015,922,0115,0,10
S2100223,P015,923,0115,0,10
S2100223,P015,924,0115,0,10
S2100223,P015,936,0115,0,10
S2300429,P701,911,0118,0,00
S2300429,PF01,911,0118,9,10
S1901066,P004,911,0118,5,10
E5600056,P004,911,0124,0,00
E5600056,P006,911,0124,3,10
E5600056,P007,911,0124,0,00
E5600056,P008,911,0124,6,10
E5600056,P009,911,0124,3,10
E5600056,P016,911,0124,5,10
E5600056,P017,911,0124,2,10
E5600056,P018,911,0124,3,10
E5600056,P021,911,0124,3,10
E5600056,P022,911,0124,3,10
E5600056,P023,911,0124,1,10
E5600056,P024,911,0124,3,10
S1900710,P015,911,0124,0,00
S1900710,P050,911,0124,4,10
S1900710,P056,911,0124,4,10
S1900710,P060,911,0124,3,10
S1900710,P070,911,0124,6,10
E5600841,P001,911,0118,5,10
E5600841,P002,911,0118,6,10
E5600841,P003,911,0118,9,10
E5600841,P004,911,0118,6,10
E5600841,P005,911,0118,8,10
E5600841,P006,911,0118,12,10
E5600841,P007,911,0118,13,10
E5600841,P008,911,0118,8,10
E5600841,P009,911,0118,9,10
E5600841,P010,911,0118,6,10
E5600841,PC23,911,0118,9,10
E5600841,PC83,911,0118,13,10
E5600841,PPB1,911,0118,8,10
E5600841,PPC1,911,0118,5,10
E5600841,PR54,911,0118,3,10
E5600841,PR61,911,0118,7,10
E5600841,PR62,911,0118,4,10
E5600841,PS11,911,0118,11,10
E5600841,PS12,911,0118,8,10
E5600841,PS31,911,0118,8,10
E5600841,PS32,911,0118,4,10
E5600841,PS51,911,0118,11,10
E5600841,PS52,911,0118,8,10
E5600841,PS71,911,0118,9,10
E5600841,PS72,911,0118,9,10
E4900744,P001,911,0124,0,00
E4900744,P002,911,0124,0,00
E4900744,P023,911,0124,0,00
E4900744,P001,923,0115,0,00
E4900744,P023,923,0115,0,00
E4900744,P001,936,0115,0,00
E4900744,P023,936,0115,0,00
E5600896,P004,922,0100,0,00
E5600896,P004,923,0100,0,00
E5600896,P004,936,0100,0,00
E5600896,P005,922,0100,0,00
E5600896,P005,923,0100,0,00
E5600896,P005,936,0100,0,00
E5600896,P007,922,0100,0,10
E5600896,P007,923,0100,70,11
E5600896,P007,936,0100,5,10
E5600896,P008,922,0100,0,10
E5600896,P008,923,0100,64,10
E5600896,P008,936,0100,2,10
E5400878,P001,923,0100,22,10
E5400878,P001,936,0100,15,10
E5400878,P002,923,0100,20,10
E5400878,P002,936,0100,15,10
E5400878,P003,923,0100,17,10
E5400878,P003,936,0100,15,10
E5400878,P010,923,0100,18,10
E5400878,P010,936,0100,13,10
S2201109,P711,911,0118,15,10
S2201109,P731,911,0118,19,10
S2201109,P741,911,0118,15,10
S2201109,P751,911,0118,15,10
E4900333,P001,911,0118,9,10
E4900333,P002,911,0118,0,00
E4900333,P003,911,0118,0,32
E4900333,P103,911,0118,0,32
E4900333,P021,911,0118,6,10
E4900333,P105,911,0118,0,32
S1602755,P101,911,0124,5,10
S1602755,P201,911,0124,5,10
S1602755,P301,911,0124,5,10
S1602755,P101,922,0115,2,10
S1602755,P201,922,0115,2,10
S1602755,P301,922,0115,2,10
S1602755,P101,923,0115,59,10
S1602755,P201,923,0115,56,10
S1602755,P301,923,0115,68,10
S1602755,P101,924,0115,4,10
S1602755,P201,924,0115,4,10
S1602755,P301,924,0115,3,10
S1602755,P101,926,0115,2,10
S1602755,P201,926,0115,8,10
S1602755,P301,926,0115,8,10
S1602755,P101,936,0115,11,10
S1602755,P201,936,0115,9,10
S1602755,P301,936,0115,11,10
E5600850,PC01,923,0115,0,00
E5600850,PC01,924,0115,0,00
E5600850,PC01,936,0115,0,00
E5600850,PC01,926,0115,0,00
S2300438,P001,922,0115,0,10
S2300438,P001,923,0115,28,10
S2300438,P001,936,0115,7,10
E5600850,PC01,911,0124,0,00
S2300438,P001,911,0124,5,10
E5601197,P002,911,0124,3,10
E5601197,P003,911,0124,3,10
S2300401,P011,923,0115,56,10
S2300401,P011,936,0115,7,10
S2300401,P011,922,0115,40,10
E5600896,P004,911,0112,0,00
E5600896,P005,911,0112,0,00
E5600896,P007,911,0112,5,10
E5600896,P008,911,0112,7,10
E5400878,P010,911,0112,1,10
S2300401,P011,911,0124,9,10
E5600332,P001,911,0124,4,10
E5600332,P002,911,0124,4,10
E5600332,P003,911,0124,4,10
E5600789,P001,911,0124,3,10
E5002890,P001,911,0124,5,10
E5002890,P002,911,0124,5,10
E5002890,P003,911,0124,0,00
E5002890,P001,922,0115,0,10
E5002890,P002,922,0115,2,10
E5002890,P003,922,0115,0,00
E5002890,P001,923,0115,99,10
E5002890,P002,923,0115,100,10
E5002890,P003,923,0115,0,00
E5002890,P001,924,0115,3,10
E5002890,P002,924,0115,2,10
E5002890,P003,924,0115,0,00
E5002890,P001,926,0115,16,10
E5002890,P002,926,0115,17,10
E5002890,P003,926,0115,0,00
E5002890,P001,936,0115,11,10
E5002890,P002,936,0115,11,10
E5002890,P003,936,0115,0,00
E5600869,P001,911,0124,4,10
E5600869,P001,922,0115,141,10
E5600869,P001,923,0115,129,10
E5600869,P001,936,0115,7,10
S1900685,P002,911,0124,12,10
S1900685,P421,911,0124,10,10
S1900685,P421,922,0115,18,10
S1900685,P421,923,0115,66,10
S1900685,P421,936,0115,6,10
S1900685,P411,911,0124,4,10
S1900685,P411,922,0115,29,10
S1900685,P411,923,0115,63,10
S1900685,P411,936,0115,12,10
S2202553,P001,911,0124,1,10
S2202553,P002,911,0124,1,10
S2202553,P003,911,0124,1,10
S2202553,P001,922,0115,14,10
S2202553,P002,922,0115,10,10
S2202553,P003,922,0115,7,10
S2202553,P001,923,0115,90,10
S2202553,P002,923,0115,86,10
S2202553,P003,923,0115,85,10
S2202553,P001,924,0115,3,10
S2202553,P002,924,0115,1,10
S2202553,P003,924,0115,2,10
S2202553,P001,926,0115,27,10
S2202553,P002,926,0115,16,10
S2202553,P003,926,0115,19,10
S2202553,P001,936,0115,10,10
S2202553,P002,936,0115,10,10
S2202553,P003,936,0115,8,10
S2100223,P015,911,0130,0,10
S2300429,P701,922,0115,0,00
S2300429,P701,923,0115,0,00
S2300429,P701,936,0115,0,00
S2300429,PF01,922,0115,24,10
S2300429,PF01,923,0115,26,10
S2300429,PF01,936,0115,6,10
S1901066,P004,922,0115,229,10
S1901066,P004,923,0115,186,10
S1901066,P004,924,0115,1,10
S1901066,P004,936,0115,4,10
S1901066,P004,937,0115,11,10
S2300429,P701,911,0124,0,00
S2300429,PF01,911,0124,8,10
S1901066,P004,911,0124,5,10
E5600056,P004,911,0130,0,00
E5600056,P006,911,0130,3,10
E5600056,P007,911,0130,0,00
E5600056,P008,911,0130,6,10
E5600056,P009,911,0130,2,10
E5600056,P016,911,0130,5,10
E5600056,P017,911,0130,2,10
E5600056,P018,911,0130,3,10
E5600056,P021,911,0130,2,10
E5600056,P022,911,0130,3,10
E5600056,P023,911,0130,1,10
E5600056,P024,911,0130,3,10
E5600056,P004,922,0130,0,00
E5600056,P004,923,0130,0,00
E5600056,P004,924,0130,0,00
E5600056,P004,936,0130,0,00
E5600056,P006,922,0130,25,10
E5600056,P006,923,0130,67,10
E5600056,P006,924,0130,0,10
E5600056,P006,936,0130,5,10
E5600056,P007,922,0130,0,00
E5600056,P007,923,0130,0,00
E5600056,P007,924,0130,0,00
E5600056,P007,936,0130,0,00
E5600056,P008,922,0130,42,10
E5600056,P008,923,0130,66,10
E5600056,P008,924,0130,50,10
E5600056,P008,936,0130,5,10
E5600056,P016,922,0130,0,10
E5600056,P016,923,0130,33,10
E5600056,P016,936,0130,12,10
E5600056,P017,922,0130,2,10
E5600056,P017,923,0130,24,10
E5600056,P017,924,0130,0,10
E5600056,P017,936,0130,3,10
E5600056,P018,922,0130,0,10
E5600056,P018,923,0130,17,10
E5600056,P018,936,0130,4,10
E5600056,P021,922,0130,0,10
E5600056,P021,923,0130,46,10
E5600056,P021,936,0130,4,10
E5600056,P024,922,0130,3,10
E5600056,P024,923,0130,32,10
E5600056,P024,924,0130,2,10
E5600056,P024,936,0130,6,10
E5600056,P034,923,0130,54,10
E5600056,P034,936,0130,1,10
S1900710,P015,911,0130,0,00
S1900710,P050,911,0130,4,10
S1900710,P056,911,0130,5,10
S1900710,P060,911,0130,2,10
S1900710,P070,911,0130,6,10
S1900710,P015,923,0130,0,00
S1900710,P015,936,0130,0,00
S1900710,P015,922,0130,0,00
S1900710,P050,923,0130,99,10
S1900710,P050,936,0130,5,10
S1900710,P050,922,0130,56,10
S1900710,P056,923,0130,36,10
S1900710,P056,936,0130,4,10
S1900710,P056,922,0130,22,10
S1900710,P060,923,0130,24,10
S1900710,P060,936,0130,5,10
S1900710,P060,922,0130,24,10
S1900710,P070,923,0130,21,10
S1900710,P070,936,0130,8,10
S1900710,P070,922,0130,17,10
E5600841,P001,923,0115,18,10
E5600841,P001,936,0115,5,10
E5600841,P001,911,0124,5,10
E5600841,P001,922,0115,25,10
E5600841,P002,923,0115,18,10
E5600841,P002,936,0115,4,10
E5600841,P002,911,0124,6,10
E5600841,P002,922,0115,18,10
E5600841,P003,923,0115,15,10
E5600841,P003,936,0115,5,10
E5600841,P003,911,0124,9,10
E5600841,P003,922,0115,22,10
E5600841,P004,923,0115,24,10
E5600841,P004,936,0115,4,10
E5600841,P004,911,0124,6,10
E5600841,P004,922,0115,20,10
E5600841,P005,923,0115,19,10
E5600841,P005,936,0115,4,10
E5600841,P005,911,0124,8,10
E5600841,P005,922,0115,19,10
E5600841,P006,923,0115,11,10
E5600841,P006,936,0115,6,10
E5600841,P006,911,0124,12,10
E5600841,P006,922,0115,39,10
E5600841,P007,923,0115,54,10
E5600841,P007,936,0115,6,10
E5600841,P007,911,0124,13,10
E5600841,P007,922,0115,43,10
E5600841,P008,923,0115,43,10
E5600841,P008,936,0115,9,10
E5600841,P008,911,0124,8,10
E5600841,P008,922,0115,6,10
E5600841,P009,923,0115,12,10
E5600841,P009,936,0115,7,10
E5600841,P009,911,0124,9,10
E5600841,P009,922,0115,25,10
E5600841,P010,923,0115,10,10
E5600841,P010,936,0115,6,10
E5600841,P010,911,0124,6,10
E5600841,P010,922,0115,15,10
E5600841,PC23,923,0115,53,10
E5600841,PC23,936,0115,8,10
E5600841,PC23,911,0124,10,10
E5600841,PC23,922,0115,32,10
E5600841,PC83,923,0115,52,10
E5600841,PC83,936,0115,6,10
E5600841,PC83,911,0124,13,10
E5600841,PC83,922,0115,20,10
E5600841,PPB1,923,0115,8,10
E5600841,PPB1,936,0115,8,10
E5600841,PPB1,911,0124,8,10
E5600841,PPB1,922,0115,18,10
E5600841,PPC1,923,0115,14,10
E5600841,PPC1,936,0115,3,10
E5600841,PPC1,911,0124,5,10
E5600841,PPC1,922,0115,20,10
E5600841,PR54,923,0115,57,10
E5600841,PR54,936,0115,6,10
E5600841,PR54,911,0124,3,10
E5600841,PR54,922,0115,46,10
E5600841,PR61,923,0115,68,10
E5600841,PR61,936,0115,3,10
E5600841,PR61,911,0124,7,10
E5600841,PR61,922,0115,55,10
E5600841,PR62,923,0115,50,10
E5600841,PR62,936,0115,4,10
E5600841,PR62,911,0124,4,10
E5600841,PR62,922,0115,25,10
E5600841,PS11,923,0115,35,10
E5600841,PS11,936,0115,11,10
E5600841,PS11,911,0124,11,10
E5600841,PS11,922,0115,62,10
E5600841,PS12,911,0124,9,10
E5600841,PS31,923,0115,113,10
E5600841,PS31,936,0115,12,10
E5600841,PS31,911,0124,8,10
E5600841,PS31,922,0115,82,10
E5600841,PS32,911,0124,4,10
E5600841,PS51,923,0115,41,10
E5600841,PS51,936,0115,12,10
E5600841,PS51,911,0124,11,10
E5600841,PS51,922,0115,18,10
E5600841,PS52,911,0124,9,10
E5600841,PS71,923,0115,59,10
E5600841,PS71,936,0115,12,10
E5600841,PS71,911,0124,9,10
E5600841,PS71,922,0115,54,10
E5600841,PS72,911,0124,10,10
S2201109,P711,923,0115,23,10
S2201109,P711,936,0115,6,10
S2201109,P711,922,0115,6,10
S2201109,P731,923,0115,43,10
S2201109,P731,936,0115,7,10
S2201109,P731,922,0115,12,10
S2201109,P741,923,0115,53,10
S2201109,P741,936,0115,6,10
S2201109,P741,922,0115,23,10
S2201109,P751,923,0115,50,10
S2201109,P751,936,0115,7,10
S2201109,P751,922,0115,23,10
S2201109,P711,911,0124,15,10
S2201109,P731,911,0124,18,10
S2201109,P741,911,0124,15,10
S2201109,P751,911,0124,15,10
E4900744,P001,911,0130,0,00
E4900744,P002,911,0130,0,00
E4900744,P023,911,0130,0,00
E4900333,P001,911,0124,9,10
E4900333,P002,911,0124,0,32
E4900333,P003,911,0124,0,32
E4900333,P103,911,0124,0,32
E4900333,P021,911,0124,6,10
E4900333,P105,911,0124,9,10
E4900333,P001,922,0115,1,10
E4900333,P002,922,0115,0,00
E4900333,P003,922,0115,0,32
E4900333,P103,922,0115,0,32
E4900333,P021,922,0115,0,10
E4900333,P105,922,0115,49,10
E4900333,P001,923,0115,82,10
E4900333,P002,923,0115,0,00
E4900333,P003,923,0115,0,32
E4900333,P103,923,0115,0,32
E4900333,P021,923,0115,40,10
E4900333,P105,923,0115,68,10
E4900333,P001,936,0115,13,10
E4900333,P002,936,0115,0,00
E4900333,P003,936,0115,0,32
E4900333,P103,936,0115,0,32
E4900333,P021,936,0115,8,10
E4900333,P105,936,0115,10,10
S1602755,P101,911,0130,5,10
S1602755,P201,911,0130,5,10
S1602755,P301,911,0130,5,10
E5600850,PC01,911,0130,0,00
S2300438,P001,911,0130,5,10
E5601197,P002,911,0130,3,10
E5601197,P003,911,0130,3,10
E5600896,P004,911,0118,0,00
E5600896,P005,911,0118,0,00
E5600896,P007,911,0118,5,10
E5600896,P008,911,0118,7,10
E5400878,P010,911,0118,1,10
E5600332,P001,911,0130,3,10
E5600332,P002,911,0130,4,10
E5600332,P003,911,0130,4,10
E5600789,P001,911,0130,3,10
E5002890,P001,911,0130,5,10
E5002890,P002,911,0130,5,10
E5002890,P003,911,0130,0,00
E5600869,P001,911,0130,4,10
S1900685,P002,911,0130,13,10
S1900685,P421,911,0130,9,10
S1900685,P411,911,0130,4,10
S2100223,P015,911,0136,0,10
S1901066,P004,911,0130,5,10
E5600056,P004,911,0136,0,00
E5600056,P006,911,0136,3,10
E5600056,P007,911,0136,0,00
E5600056,P008,911,0136,6,10
E5600056,P009,911,0136,2,10
E5600056,P016,911,0136,5,10
E5600056,P017,911,0136,2,10
E5600056,P018,911,0136,3,10
E5600056,P021,911,0136,2,10
E5600056,P022,911,0136,3,10
E5600056,P023,911,0136,1,10
E5600056,P024,911,0136,4,10
S1900710,P015,911,0136,0,00
S1900710,P050,911,0136,4,10
S1900710,P056,911,0136,4,10
S1900710,P060,911,0136,3,10
S1900710,P070,911,0136,6,10
S2202553,P001,911,0130,1,10
S2202553,P002,911,0130,1,10
S2202553,P003,911,0130,1,10
E5600841,P001,911,0130,5,10
E5600841,P002,911,0130,6,10
E5600841,P003,911,0130,9,10
E5600841,P004,911,0130,6,10
E5600841,P005,911,0130,8,10
E5600841,P006,911,0130,12,10
E5600841,P007,911,0130,13,10
E5600841,P008,911,0130,7,10
E5600841,P009,911,0130,9,10
E5600841,P010,911,0130,6,10
E5600841,PC23,911,0130,10,10
E5600841,PC83,911,0130,13,10
E5600841,PPB1,911,0130,8,10
E5600841,PPC1,911,0130,5,10
E5600841,PR54,911,0130,3,10
E5600841,PR61,911,0130,7,10
E5600841,PR62,911,0130,4,10
E5600841,PS11,911,0130,11,10
E5600841,PS12,911,0130,9,10
E5600841,PS31,911,0130,8,10
E5600841,PS32,911,0130,4,10
E5600841,PS51,911,0130,11,10
E5600841,PS52,911,0130,8,10
E5600841,PS71,911,0130,10,10
E5600841,PS72,911,0130,10,10
E4900744,P001,911,0136,0,00
E4900744,P002,911,0136,0,00
E4900744,P023,911,0136,0,00
S2100223,P015,922,0130,0,10
S2100223,P015,923,0130,0,10
S2100223,P015,924,0130,0,10
S2100223,P015,936,0130,0,10
E4900333,P001,911,0130,9,10
E4900333,P002,911,0130,0,00
E4900333,P003,911,0130,0,32
E4900333,P103,911,0130,0,32
E4900333,P021,911,0130,6,10
E4900333,P105,911,0130,9,10
S1602755,P101,911,0136,5,10
S1602755,P201,911,0136,5,10
S1602755,P301,911,0136,6,10
E5600850,PC01,911,0136,0,00
E5601197,P002,911,0136,3,10
E5601197,P003,911,0136,3,10
E4900744,P001,923,0130,0,00
E4900744,P023,923,0130,0,00
E4900744,P001,936,0130,0,00
E4900744,P023,936,0130,0,00
E5600896,P004,922,0115,0,00
E5600896,P004,923,0115,0,00
E5600896,P004,936,0115,0,00
E5600896,P005,922,0115,0,00
E5600896,P005,923,0115,0,00
E5600896,P005,936,0115,0,00
E5600896,P007,922,0115,0,10
E5600896,P007,923,0115,71,11
E5600896,P007,936,0115,5,10
E5600896,P008,922,0115,0,10
E5600896,P008,923,0115,64,10
E5600896,P008,936,0115,2,10
E5600896,P004,911,0124,0,00
E5600896,P005,911,0124,0,00
E5600896,P007,911,0124,5,10
E5600896,P008,911,0124,7,10
E5400878,P001,923,0115,21,10
E5400878,P001,936,0115,15,10
E5400878,P002,923,0115,20,10
E5400878,P002,936,0115,15,10
E5400878,P003,923,0115,17,10
E5400878,P003,936,0115,15,10
E5400878,P010,923,0115,18,10
E5400878,P010,936,0115,13,10
E5400878,P010,911,0124,2,10
S2300401,P011,911,0136,9,10
S2300438,P001,911,0136,5,10
E5600789,P001,911,0136,3,10
E5002890,P001,911,0136,5,10
E5002890,P002,911,0136,5,10
E5002890,P003,911,0136,0,00
E5600869,P001,911,0136,4,10
S2100223,P015,911,0142,0,10
S2201109,P711,911,0136,15,10
S2201109,P731,911,0136,18,10
S2201109,P741,911,0136,15,10
S2201109,P751,911,0136,15,10
S2300429,P701,911,0136,0,00
S2300429,PF01,911,0136,8,10
S1901066,P004,911,0136,5,10
E5600056,P004,911,0142,0,00
E5600056,P006,911,0142,3,10
E5600056,P007,911,0142,0,00
E5600056,P008,911,0142,6,10
E5600056,P009,911,0142,2,10
E5600056,P016,911,0142,5,10
E5600056,P017,911,0142,2,10
E5600056,P018,911,0142,3,10
E5600056,P021,911,0142,3,10
E5600056,P022,911,0142,3,10
E5600056,P023,911,0142,1,10
E5600056,P024,911,0142,3,10
S1900710,P015,911,0142,0,00
S1900710,P050,911,0142,4,10
S1900710,P056,911,0142,5,10
S1900710,P060,911,0142,3,10
S1900710,P070,911,0142,6,10
S1900685,P002,911,0136,12,10
S1900685,P421,911,0136,9,10
S1900685,P411,911,0136,4,10
S2202553,P001,911,0136,1,10
S2202553,P002,911,0136,1,10
S2202553,P003,911,0136,1,10
S1602755,P101,922,0130,2,10
S1602755,P201,922,0130,2,10
S1602755,P301,922,0130,2,10
S1602755,P101,923,0130,70,10
S1602755,P201,923,0130,74,10
S1602755,P301,923,0130,57,10
S1602755,P101,924,0130,5,10
S1602755,P201,924,0130,3,10
S1602755,P301,924,0130,30,10
S1602755,P101,926,0130,2,10
S1602755,P201,926,0130,9,10
S1602755,P301,926,0130,7,10
S1602755,P101,936,0130,10,10
S1602755,P201,936,0130,9,10
S1602755,P301,936,0130,9,10
E5600841,P001,911,0136,6,10
E5600841,P002,911,0136,6,10
E5600841,P003,911,0136,9,10
E5600841,P004,911,0136,6,10
E5600841,P005,911,0136,8,10
E5600841,P006,911,0136,12,10
E5600841,P007,911,0136,13,10
E5600841,P008,911,0136,7,10
E5600841,P009,911,0136,9,10
E5600841,P010,911,0136,6,10
E5600841,PC23,911,0136,9,10
E5600841,PC83,911,0136,13,10
E5600841,PPB1,911,0136,8,10
E5600841,PPC1,911,0136,5,10
E5600841,PR54,911,0136,3,10
E5600841,PR61,911,0136,7,10
E5600841,PR62,911,0136,4,10
E5600841,PS11,911,0136,11,10
E5600841,PS12,911,0136,8,10
E5600841,PS31,911,0136,8,10
E5600841,PS32,911,0136,4,10
E5600841,PS51,911,0136,11,10
E5600841,PS52,911,0136,8,10
E5600841,PS71,911,0136,10,10
E5600841,PS72,911,0136,9,10
S2300438,P001,922,0130,0,10
S2300438,P001,923,0130,31,10
S2300438,P001,936,0130,7,10
E4900744,P001,911,0142,0,00
E4900744,P002,911,0142,0,00
E4900744,P023,911,0142,0,00
S2300429,P701,911,0130,0,00
S2300429,P701,922,0130,0,00
S2300429,P701,923,0130,0,00
S2300429,P701,936,0130,0,00
S2300429,PF01,911,0130,8,10
S2300429,PF01,922,0130,26,10
S2300429,PF01,923,0130,27,10
S2300429,PF01,936,0130,6,10
E5600850,PC01,923,0130,0,00
E5600850,PC01,924,0130,0,00
E5600850,PC01,936,0130,0,00
E5600850,PC01,926,0130,0,00
S1901066,P004,922,0130,229,10
S1901066,P004,923,0130,185,10
S1901066,P004,924,0130,1,10
S1901066,P004,936,0130,4,10
S1901066,P004,937,0130,11,10
E5002890,P001,922,0130,0,10
E5002890,P002,922,0130,0,10
E5002890,P003,922,0130,0,00
E5002890,P001,923,0130,73,10
E5002890,P002,923,0130,103,10
E5002890,P003,923,0130,0,00
E5002890,P001,924,0130,4,10
E5002890,P002,924,0130,4,10
E5002890,P003,924,0130,0,00
E5002890,P001,926,0130,16,10
E5002890,P002,926,0130,7,10
E5002890,P003,926,0130,0,00
E5002890,P001,936,0130,13,10
E5002890,P002,936,0130,12,10
E5002890,P003,936,0130,0,00
E5600869,P001,922,0130,134,10
E5600869,P001,923,0130,129,10
E5600869,P001,936,0130,7,10
S1900710,P070,923,0145,23,10
S1900710,P070,936,0145,8,10
S1900710,P070,922,0145,17,10
S1900710,P015,923,0145,0,00
S1900710,P015,936,0145,0,00
S1900710,P015,922,0145,0,00
S1900710,P050,923,0145,97,10
S1900710,P050,936,0145,5,10
S1900710,P050,922,0145,56,10
S1900710,P056,923,0145,39,10
S1900710,P056,936,0145,4,10
S1900710,P056,922,0145,23,10
S1900710,P060,923,0145,21,10
S1900710,P060,936,0145,5,10
S1900710,P060,922,0145,24,10
S1900685,P421,922,0130,16,10
S1900685,P421,923,0130,66,10
S1900685,P421,936,0130,6,10
S1900685,P411,922,0130,29,10
S1900685,P411,923,0130,62,10
S1900685,P411,936,0130,12,10
S2202553,P001,922,0130,12,10
S2202553,P002,922,0130,10,10
S2202553,P003,922,0130,6,10
S2202553,P001,923,0130,91,10
S2202553,P002,923,0130,90,10
S2202553,P003,923,0130,95,10
S2202553,P001,924,0130,10,10
S2202553,P002,924,0130,1,10
S2202553,P003,924,0130,2,10
S2202553,P001,926,0130,25,10
S2202553,P002,926,0130,16,10
S2202553,P003,926,0130,23,10
S2202553,P001,936,0130,10,10
S2202553,P002,936,0130,10,10
S2202553,P003,936,0130,9,10
S2300401,P011,911,0130,9,10
S2300401,P011,923,0130,57,10
S2300401,P011,936,0130,7,10
S2300401,P011,922,0130,41,10
E4900333,P001,911,0136,9,10
E4900333,P002,911,0136,0,00
E4900333,P003,911,0136,0,32
E4900333,P103,911,0136,0,32
E4900333,P021,911,0136,6,10
E4900333,P105,911,0136,9,10
S2300438,P001,911,0142,5,10
S1602755,P101,911,0142,5,10
S1602755,P201,911,0142,5,10
S1602755,P301,911,0142,6,10
E5600841,P001,923,0130,16,10
E5600841,P001,936,0130,4,10
E5600841,P001,922,0130,24,10
E5600841,P002,923,0130,18,10
E5600841,P002,936,0130,4,10
E5600841,P002,922,0130,17,10
E5600841,P003,923,0130,15,10
E5600841,P003,936,0130,5,10
E5600841,P003,922,0130,21,10
E5600841,P004,923,0130,22,10
E5600841,P004,936,0130,4,10
E5600841,P004,922,0130,20,10
E5600841,P005,923,0130,18,10
E5600841,P005,936,0130,4,10
E5600841,P005,922,0130,18,10
E5600841,P006,923,0130,21,10
E5600841,P006,936,0130,6,10
E5600841,P006,922,0130,38,10
E5600841,P007,923,0130,61,10
E5600841,P007,936,0130,6,10
E5600841,P007,922,0130,43,10
E5600841,P008,923,0130,33,10
E5600841,P008,936,0130,9,10
E5600841,P008,922,0130,5,10
E5600841,P009,923,0130,11,10
E5600841,P009,936,0130,6,10
E5600841,P009,922,0130,21,10
E5600841,P010,923,0130,10,10
E5600841,P010,936,0130,6,10
E5600841,P010,922,0130,15,10
E5600841,PC23,923,0130,67,10
E5600841,PC23,936,0130,8,10
E5600841,PC23,922,0130,33,10
E5600841,PC83,923,0130,54,10
E5600841,PC83,936,0130,7,10
E5600841,PC83,922,0130,19,10
E5600841,PPB1,923,0130,9,10
E5600841,PPB1,936,0130,8,10
E5600841,PPB1,922,0130,19,10
E5600841,PPC1,923,0130,14,10
E5600841,PPC1,936,0130,3,10
E5600841,PPC1,922,0130,21,10
E5600841,PR54,923,0130,50,10
E5600841,PR54,936,0130,5,10
E5600841,PR54,922,0130,47,10
E5600841,PR61,923,0130,70,10
E5600841,PR61,936,0130,4,10
E5600841,PR61,922,0130,56,10
E5600841,PR62,923,0130,47,10
E5600841,PR62,936,0130,4,10
E5600841,PR62,922,0130,29,10
E5600841,PS11,923,0130,34,10
E5600841,PS11,936,0130,11,10
E5600841,PS11,922,0130,62,10
E5600841,PS31,923,0130,116,10
E5600841,PS31,936,0130,12,10
E5600841,PS31,922,0130,87,10
E5600841,PS51,923,0130,41,10
E5600841,PS51,936,0130,12,10
E5600841,PS51,922,0130,16,10
E5600841,PS71,923,0130,56,10
E5600841,PS71,936,0130,12,10
E5600841,PS71,922,0130,56,10
S1901066,P004,911,0142,5,10
E5601197,P002,911,0142,3,10
E5601197,P003,911,0142,3,10
S1601990,P001,911,0142,3,10
S1601990,P004,911,0142,5,10
S1601990,P049,911,0142,1,10
E5600896,P004,911,0130,0,00
E5600896,P005,911,0130,0,00
E5600896,P007,911,0130,6,10
E5600896,P008,911,0130,7,10
E5400878,P010,911,0130,1,10
S2300401,P011,911,0142,9,10
E5600850,PC01,911,0142,0,00
E4900333,P001,922,0130,1,10
E4900333,P002,922,0130,0,00
E4900333,P003,922,0130,0,32
E4900333,P103,922,0130,0,32
E4900333,P021,922,0130,0,10
E4900333,P105,922,0130,49,10
E4900333,P001,923,0130,81,10
E4900333,P002,923,0130,0,00
E4900333,P003,923,0130,0,32
E4900333,P103,923,0130,0,32
E4900333,P021,923,0130,37,10
E4900333,P105,923,0130,69,10
E4900333,P001,936,0130,13,10
E4900333,P002,936,0130,0,00
E4900333,P003,936,0130,0,32
E4900333,P103,936,0130,0,32
E4900333,P021,936,0130,8,10
E4900333,P105,936,0130,10,10
E5600789,P001,911,0142,3,10
E5002890,P001,911,0142,5,10
E5002890,P002,911,0142,5,10
E5002890,P003,911,0142,0,00
E5600869,P001,911,0142,4,10
E2000554,P003,911,0148,12,10
S2100223,P015,911,0148,0,10
S2201109,P711,911,0130,15,10
S2201109,P731,911,0130,18,10
S2201109,P741,911,0130,15,10
S2201109,P751,911,0130,15,10
S2201109,P711,923,0130,23,10
S2201109,P711,936,0130,6,10
S2201109,P711,922,0130,6,10
S2201109,P731,923,0130,44,10
S2201109,P731,936,0130,7,10
S2201109,P731,922,0130,11,10
S2201109,P741,923,0130,57,10
S2201109,P741,936,0130,6,10
S2201109,P741,922,0130,23,10
S2201109,P751,923,0130,50,10
S2201109,P751,936,0130,7,10
S2201109,P751,922,0130,23,10
E5600332,P001,911,0136,4,10
E5600332,P002,911,0136,4,10
E5600332,P003,911,0136,4,10
S2201109,P711,911,0142,15,10
S2201109,P731,911,0142,19,10
S2201109,P741,911,0142,15,10
S2201109,P751,911,0142,15,10
S2300429,P701,911,0142,0,00
S2300429,PF01,911,0142,8,10
E5600332,P001,911,0142,4,10
E5600332,P002,911,0142,4,10
E5600332,P003,911,0142,4,10
E5600056,P004,922,0145,0,00
E5600056,P004,923,0145,0,00
E5600056,P004,924,0145,0,00
E5600056,P004,936,0145,0,00
E5600056,P006,922,0145,25,10
E5600056,P006,923,0145,68,10
E5600056,P006,924,0145,0,10
E5600056,P006,936,0145,4,10
E5600056,P007,922,0145,0,00
E5600056,P007,923,0145,0,00
E5600056,P007,924,0145,0,00
E5600056,P007,936,0145,0,00
E5600056,P008,922,0145,42,10
E5600056,P008,923,0145,65,10
E5600056,P008,924,0145,63,10
E5600056,P008,936,0145,5,10
E5600056,P016,922,0145,0,10
E5600056,P016,923,0145,32,10
E5600056,P016,936,0145,12,10
E5600056,P017,922,0145,2,10
E5600056,P017,923,0145,23,10
E5600056,P017,924,0145,0,10
E5600056,P017,936,0145,3,10
E5600056,P018,922,0145,0,10
E5600056,P018,923,0145,17,10
E5600056,P018,924,0145,0,10
E5600056,P018,936,0145,4,10
E5600056,P021,922,0145,0,10
E5600056,P021,923,0145,46,10
E5600056,P021,924,0145,0,10
E5600056,P021,936,0145,4,10
E5600056,P024,922,0145,3,10
E5600056,P024,923,0145,33,10
E5600056,P024,924,0145,2,10
E5600056,P024,936,0145,6,10
E5600056,P034,922,0145,5,10
E5600056,P034,923,0145,54,10
E5600056,P034,936,0145,1,10
E5600056,P004,911,0148,0,00
E5600056,P006,911,0148,3,10
E5600056,P007,911,0148,0,00
E5600056,P008,911,0148,6,10
E5600056,P009,911,0148,2,10
E5600056,P016,911,0148,5,10
E5600056,P017,911,0148,2,10
E5600056,P018,911,0148,3,10
E5600056,P021,911,0148,2,10
E5600056,P022,911,0148,3,10
E5600056,P023,911,0148,1,10
E5600056,P024,911,0148,4,10
S1900710,P070,911,0148,6,10
S1900710,P015,911,0148,0,00
S1900710,P050,911,0148,5,10
S1900710,P056,911,0148,4,10
S1900710,P060,911,0148,2,10
S1900685,P002,911,0142,12,10
S1900685,P421,911,0142,10,10
S1900685,P411,911,0142,4,10
S2202553,P001,911,0142,1,10
S2202553,P002,911,0142,1,10
S2202553,P003,911,0142,1,10
E5600841,P001,911,0142,6,10
E5600841,P002,911,0142,6,10
E5600841,P003,911,0142,9,10
E5600841,P004,911,0142,6,10
E5600841,P005,911,0142,8,10
E5600841,P006,911,0142,12,10
E5600841,P007,911,0142,13,10
E5600841,P008,911,0142,7,10
E5600841,P009,911,0142,9,10
E5600841,P010,911,0142,6,10
E5600841,PC23,911,0142,9,10
E5600841,PC83,911,0142,13,10
E5600841,PPB1,911,0142,8,10
E5600841,PPC1,911,0142,5,10
E5600841,PR54,911,0142,3,10
E5600841,PR61,911,0142,7,10
E5600841,PR62,911,0142,4,10
E5600841,PS11,911,0142,11,10
E5600841,PS12,911,0142,8,10
E5600841,PS31,911,0142,7,10
E5600841,PS32,911,0142,4,10
E5600841,PS51,911,0142,11,10
E5600841,PS52,911,0142,8,10
E5600841,PS71,911,0142,9,10
E5600841,PS72,911,0142,9,10
E4900744,P001,911,0148,0,00
E4900744,P002,911,0148,0,00
E4900744,P023,911,0148,0,00
S2100223,P015,222,0000,43,10
S2100223,P015,223,0000,31,10
S2100223,P015,224,0000,80,10
S2100223,P015,236,0000,2,10
S2100223,P015,248,0000,243682,10
S2100223,P015,259,0000,164,10
E4900333,P001,911,0142,9,10
E4900333,P002,911,0142,0,00
E4900333,P003,911,0142,0,32
E4900333,P103,911,0142,0,32
E4900333,P021,911,0142,6,10
E4900333,P105,911,0142,9,10
S2300438,P001,911,0148,5,10
S1602755,P101,911,0148,5,10
S1602755,P201,911,0148,5,10
S1602755,P301,911,0148,5,10
E5600332,P001,911,0148,4,10
E5600332,P002,911,0148,4,10
E5600332,P003,911,0148,4,10
S1901066,P004,911,0148,5,10
E5601197,P002,911,0148,3,10
E5601197,P003,911,0148,3,10
E5600056,P004,911,0154,0,00
E5600056,P006,911,0154,3,10
E5600056,P007,911,0154,0,00
E5600056,P008,911,0154,6,10
E5600056,P009,911,0154,2,10
E5600056,P016,911,0154,5,10
E5600056,P017,911,0154,2,10
E5600056,P018,911,0154,3,10
E5600056,P021,911,0154,2,10
E5600056,P022,911,0154,3,10
E5600056,P023,911,0154,1,10
E5600056,P024,911,0154,4,10
E5600896,P004,911,0136,0,00
E5600896,P005,911,0136,0,00
E5600896,P007,911,0136,6,10
E5600896,P008,911,0136,8,10
E5400878,P010,911,0136,1,10
S2300401,P011,911,0148,9,10
E5600850,PC01,911,0148,0,00
E5600789,P001,911,0148,3,10
E5002890,P001,911,0148,5,10
E5002890,P002,911,0148,6,10
E5002890,P003,911,0148,0,00
E5600869,P001,911,0148,4,10
S2100223,P015,911,0154,0,10
S2100223,P015,922,0145,0,10
S2100223,P015,923,0145,0,10
S2100223,P015,924,0145,0,10
S2100223,P015,936,0145,0,10
S2100223,P015,222,0100,0,
S2100223,P015,223,0100,0,
S2100223,P015,224,0100,0,
S2100223,P015,236,0100,0,
S2100223,P015,248,0100,0,
S2100223,P015,259,0100,0,
S2201109,P711,911,0148,15,10
S2201109,P731,911,0148,19,10
S2201109,P741,911,0148,15,10
S2201109,P751,911,0148,15,10
S2300429,P701,911,0148,0,00
S2300429,PF01,911,0148,8,10
S1900710,P015,911,0154,0,00
S1900710,P050,911,0154,4,10
S1900710,P056,911,0154,5,10
S1900710,P060,911,0154,3,10
S1900710,P070,911,0154,6,10
S1900685,P002,911,0148,12,10
S1900685,P421,911,0148,10,10
S1900685,P411,911,0148,4,10
S2202553,P001,911,0148,1,10
S2202553,P002,911,0148,1,10
S2202553,P003,911,0148,1,10
E5600841,P001,911,0148,6,10
E5600841,P002,911,0148,6,10
E5600841,P003,911,0148,9,10
E5600841,P004,911,0148,6,10
E5600841,P005,911,0148,8,10
E5600841,P006,911,0148,11,10
E5600841,P007,911,0148,13,10
E5600841,P008,911,0148,7,10
E5600841,P009,911,0148,9,10
E5600841,P010,911,0148,6,10
E5600841,PC23,911,0148,10,10
E5600841,PC83,911,0148,13,10
E5600841,PPB1,911,0148,8,10
E5600841,PPC1,911,0148,5,10
E5600841,PR54,911,0148,3,10
E5600841,PR61,911,0148,7,10
E5600841,PR62,911,0148,4,10
E5600841,PS11,911,0148,11,10
E5600841,PS12,911,0148,9,10
E5600841,PS31,911,0148,8,10
E5600841,PS32,911,0148,4,10
E5600841,PS51,911,0148,11,10
E5600841,PS52,911,0148,8,10
E5600841,PS71,911,0148,10,10
E5600841,PS72,911,0148,9,10
E4900744,P001,911,0154,0,00
E4900744,P002,911,0154,0,00
E4900744,P023,911,0154,0,00
E4900744,P001,923,0145,0,00
E4900744,P023,923,0145,0,00
E4900744,P001,936,0145,0,00
E4900744,P023,936,0145,0,00
E4900744,P001,223,0100,0,00
E4900744,P023,223,0100,0,00
E4900744,P001,236,0100,0,00
E4900744,P023,236,0100,0,00
E4900744,P001,248,0100,0,00
E4900744,P023,248,0100,0,00
E4900744,P001,259,0100,0,00
E4900744,P023,259,0100,0,00
E5600896,P004,922,0130,0,00
E5600896,P004,923,0130,0,00
E5600896,P004,936,0130,0,00
E5600896,P005,922,0130,0,00
E5600896,P005,923,0130,0,00
E5600896,P005,936,0130,0,00
E5600896,P007,922,0130,0,10
E5600896,P007,923,0130,70,10
E5600896,P007,936,0130,5,10
E5600896,P008,922,0130,0,10
E5600896,P008,923,0130,64,10
E5600896,P008,936,0130,2,10
E5400878,P001,923,0130,21,10
E5400878,P001,936,0130,15,10
E5400878,P002,923,0130,20,10
E5400878,P002,936,0130,15,10
E5400878,P003,923,0130,17,10
E5400878,P003,936,0130,15,10
E5400878,P010,923,0130,18,10
E5400878,P010,936,0130,13,10
S2300438,P001,922,0145,0,10
S2300438,P001,923,0145,31,10
S2300438,P001,936,0145,7,10
E4900333,P001,911,0148,9,10
E4900333,P002,911,0148,0,00
E4900333,P003,911,0148,0,32
E4900333,P103,911,0148,0,32
E4900333,P021,911,0148,6,10
E4900333,P105,911,0148,9,10
S2300438,P001,911,0154,5,10
S1601990,P001,911,0154,3,10
S1601990,P004,911,0154,5,10
S1601990,P049,911,0154,1,10
S1602755,P101,911,0154,5,10
S1602755,P201,911,0154,5,10
S1602755,P301,911,0154,5,10
S1602755,P101,922,0145,2,10
S1602755,P201,922,0145,1,10
S1602755,P301,922,0145,2,10
S1602755,P101,923,0145,77,10
S1602755,P201,923,0145,68,10
S1602755,P301,923,0145,58,10
S1602755,P101,924,0145,12,10
S1602755,P201,924,0145,11,10
S1602755,P301,924,0145,15,10
S1602755,P101,926,0145,2,10
S1602755,P201,926,0145,8,10
S1602755,P301,926,0145,7,10
S1602755,P101,936,0145,10,10
S1602755,P201,936,0145,8,10
S1602755,P301,936,0145,9,10
S1602755,P101,222,0100,2,10
S1602755,P201,222,0100,2,10
S1602755,P301,222,0100,2,10
S1602755,P101,223,0100,70,10
S1602755,P201,223,0100,65,10
S1602755,P301,223,0100,62,10
S1602755,P101,224,0100,6,10
S1602755,P201,224,0100,5,10
S1602755,P301,224,0100,13,10
S1602755,P101,226,0100,2,10
S1602755,P201,226,0100,8,10
S1602755,P301,226,0100,8,10
S1602755,P101,236,0100,10,10
S1602755,P201,236,0100,9,10
S1602755,P301,236,0100,10,10
S1602755,P101,248,0100,88825,10
S1602755,P201,248,0100,82983,10
S1602755,P301,248,0100,86829,10
S1602755,P101,259,0100,137,10
S1602755,P201,259,0100,133,10
S1602755,P301,259,0100,136,10
S1901066,P004,922,0145,229,10
S1901066,P004,923,0145,185,10
S1901066,P004,924,0145,1,10
S1901066,P004,936,0145,4,10
S1901066,P004,937,0145,11,10
E5600332,P001,911,0154,4,10
E5600332,P002,911,0154,4,10
E5600332,P003,911,0154,4,10
S1901066,P004,911,0154,5,10
E5601197,P002,911,0154,3,10
E5601197,P003,911,0154,3,10
S2300401,P011,911,0100,9,10
S2300401,P011,923,0100,63,10
S2300401,P011,936,0100,7,10
S2300401,P011,922,0100,40,10
S2300401,P011,248,0100,170856,10
S2300401,P011,223,0100,59,10
S2300401,P011,236,0100,7,10
S2300401,P011,222,0100,40,10
S2300401,P011,259,0100,53,10
S2300401,P011,923,0145,58,10
S2300401,P011,936,0145,7,10
S2300401,P011,922,0145,40,10
E5600850,PC01,923,0145,0,00
E5600850,PC01,924,0145,0,00
E5600850,PC01,936,0145,0,00
E5600850,PC01,926,0145,0,00
E5600896,P004,911,0142,0,00
E5600896,P005,911,0142,0,00
E5600896,P007,911,0142,6,10
E5600896,P008,911,0142,7,10
E5400878,P010,911,0142,2,10
S2300401,P011,911,0154,9,10
E5600850,PC01,911,0154,0,00
E5600789,P001,911,0154,3,10
E5002890,P001,911,0154,5,10
E5002890,P002,911,0154,5,10
E5002890,P003,911,0154,0,00
E5002890,P001,922,0145,0,10
E5002890,P002,922,0145,0,10
E5002890,P003,922,0145,0,00
E5002890,P001,923,0145,84,10
E5002890,P002,923,0145,106,10
E5002890,P003,923,0145,0,00
E5002890,P001,924,0145,3,10
E5002890,P002,924,0145,3,10
E5002890,P003,924,0145,0,00
E5002890,P001,926,0145,17,10
E5002890,P002,926,0145,6,10
E5002890,P003,926,0145,0,00
E5002890,P001,936,0145,12,10
E5002890,P002,936,0145,11,10
E5002890,P003,936,0145,0,00
E5002890,P001,222,0100,0,10
E5002890,P002,222,0100,2,10
E5002890,P003,222,0100,0,00
E5002890,P001,223,0100,91,10
E5002890,P002,223,0100,102,10
E5002890,P003,223,0100,0,00
E5002890,P001,224,0100,5,10
E5002890,P002,224,0100,3,10
E5002890,P003,224,0100,0,00
E5002890,P001,226,0100,16,10
E5002890,P002,226,0100,11,10
E5002890,P003,226,0100,0,00
E5002890,P001,236,0100,12,10
E5002890,P002,236,0100,11,10
E5002890,P003,236,0100,0,00
E5002890,P001,248,0100,53068,10
E5002890,P002,248,0100,66420,10
E5002890,P003,248,0100,0,00
E5002890,P001,259,0100,163,10
E5002890,P002,259,0100,160,10
E5002890,P003,259,0100,0,00
E5600869,P001,911,0154,4,10
E5600869,P001,922,0145,134,10
E5600869,P001,923,0145,127,10
E5600869,P001,936,0145,7,10
E5600869,P001,222,0100,137,10
E5600869,P001,223,0100,128,10
E5600869,P001,236,0100,7,10
E5600869,P001,248,0100,56645,10
E5600869,P001,259,0100,106,10
S2001314,P004,911,0200,0,00
S2001314,P004,923,0200,0,00
S2001314,P004,922,0200,0,00
S2001314,P004,936,0200,0,00
S2001314,P004,248,0100,0,00
S2001314,P004,259,0100,0,00
S2001314,P004,223,0100,0,00
S2001314,P004,222,0100,0,00
S2001314,P004,236,0100,0,00
S2100223,P015,911,0200,0,10
S2300429,P701,922,0145,0,00
S2300429,P701,923,0145,0,00
S2300429,P701,936,0145,0,00
S2300429,PF01,922,0145,27,10
S2300429,PF01,923,0145,29,10
S2300429,PF01,936,0145,6,10
S2300429,P701,911,0154,0,00
S2300429,PF01,911,0154,9,10
S1900710,P015,911,0200,0,00
S1900710,P050,911,0200,4,10
S1900710,P056,911,0200,4,10
S1900710,P060,911,0200,3,10
S1900710,P070,911,0200,6,10
S1900710,P015,923,0200,0,00
S1900710,P015,936,0200,0,00
S1900710,P015,922,0200,0,00
S1900710,P050,923,0200,99,10
S1900710,P050,936,0200,5,10
S1900710,P050,922,0200,56,10
S1900710,P056,923,0200,41,10
S1900710,P056,936,0200,4,10
S1900710,P056,922,0200,23,10
S1900710,P060,923,0200,22,10
S1900710,P060,936,0200,5,10
S1900710,P060,922,0200,24,10
S1900710,P070,923,0200,20,10
S1900710,P070,936,0200,8,10
S1900710,P070,922,0200,17,10
S1900710,P015,248,0200,0,00
S1900710,P015,223,0200,0,00
S1900710,P015,236,0200,0,00
S1900710,P015,222,0200,0,00
S1900710,P015,259,0200,0,00
S1900710,P050,248,0200,67608,10
S1900710,P050,223,0200,98,10
S1900710,P050,236,0200,5,10
S1900710,P050,222,0200,56,10
S1900710,P050,259,0200,136,10
S1900710,P056,248,0200,168480,10
S1900710,P056,223,0200,39,10
S1900710,P056,236,0200,4,10
S1900710,P056,222,0200,22,10
S1900710,P056,259,0200,125,10
S1900710,P060,248,0200,159120,10
S1900710,P060,223,0200,23,10
S1900710,P060,236,0200,5,10
S1900710,P060,222,0200,24,10
S1900710,P060,259,0200,122,10
S1900710,P070,248,0200,164484,10
S1900710,P070,223,0200,22,10
S1900710,P070,236,0200,8,10
S1900710,P070,222,0200,17,10
S1900710,P070,259,0200,85,10
S1900685,P002,911,0154,13,10
S1900685,P421,911,0154,10,10
S1900685,P421,922,0145,17,10
S1900685,P421,923,0145,66,10
S1900685,P421,936,0145,6,10
S1900685,P421,222,0100,18,10
S1900685,P421,223,0100,66,10
S1900685,P421,236,0100,6,10
S1900685,P421,248,0100,300709,10
S1900685,P421,259,0100,51,10
S1900685,P411,911,0154,4,10
S1900685,P411,222,0100,29,10
S1900685,P411,922,0145,30,10
S1900685,P411,223,0100,63,10
S1900685,P411,923,0145,63,10
S1900685,P411,236,0100,12,10
S1900685,P411,936,0145,12,10
S1900685,P411,248,0100,18739,10
S1900685,P411,259,0100,130,10
S2202553,P001,911,0154,1,10
S2202553,P002,911,0154,1,10
S2202553,P003,911,0154,1,10
S2202553,P001,922,0145,6,10
S2202553,P002,922,0145,13,10
S2202553,P003,922,0145,8,10
S2202553,P001,923,0145,94,10
S2202553,P002,923,0145,90,10
S2202553,P003,923,0145,86,10
S2202553,P001,924,0145,3,10
S2202553,P002,924,0145,1,10
S2202553,P003,924,0145,7,10
S2202553,P001,926,0145,9,10
S2202553,P002,926,0145,18,10
S2202553,P003,926,0145,26,10
S2202553,P001,936,0145,10,10
S2202553,P002,936,0145,9,10
S2202553,P003,936,0145,8,10
S2202553,P001,222,0100,11,10
S2202553,P002,222,0100,10,10
S2202553,P003,222,0100,6,10
S2202553,P001,223,0100,90,10
S2202553,P002,223,0100,88,10
S2202553,P003,223,0100,88,10
S2202553,P001,224,0100,5,10
S2202553,P002,224,0100,1,10
S2202553,P003,224,0100,3,10
S2202553,P001,226,0100,21,10
S2202553,P002,226,0100,17,10
S2202553,P003,226,0100,20,10
S2202553,P001,236,0100,10,10
S2202553,P002,236,0100,10,10
S2202553,P003,236,0100,8,10
S2202553,P001,248,0100,111844,10
S2202553,P002,248,0100,122780,10
S2202553,P003,248,0100,113248,10
S2202553,P001,259,0100,141,10
S2202553,P002,259,0100,137,10
S2202553,P003,259,0100,148,10
S2201109,P711,923,0145,23,10
S2201109,P711,936,0145,6,10
S2201109,P711,922,0145,8,10
S2201109,P731,923,0145,44,10
S2201109,P731,936,0145,7,10
S2201109,P731,922,0145,11,10
S2201109,P741,923,0145,52,10
S2201109,P741,936,0145,6,10
S2201109,P741,922,0145,22,10
S2201109,P751,923,0145,49,10
S2201109,P751,936,0145,7,10
S2201109,P751,922,0145,24,10
S2201109,P711,911,0154,15,10
S2201109,P731,911,0154,18,10
S2201109,P741,911,0154,15,10
S2201109,P751,911,0154,15,10
E4900744,P001,911,0200,0,00
E4900744,P002,911,0200,0,00
E4900744,P023,911,0200,0,00
E4900333,P001,911,0154,9,10
E4900333,P002,911,0154,0,32
E4900333,P003,911,0154,0,32
E4900333,P103,911,0154,0,32
E4900333,P021,911,0154,6,10
E4900333,P105,911,0154,9,10
E4900333,P001,922,0145,1,10
E4900333,P002,922,0145,0,00
E4900333,P003,922,0145,0,32
E4900333,P103,922,0145,0,32
E4900333,P021,922,0145,0,10
E4900333,P105,922,0145,48,10
E4900333,P001,923,0145,81,10
E4900333,P002,923,0145,0,00
E4900333,P003,923,0145,0,32
E4900333,P103,923,0145,0,32
E4900333,P021,923,0145,40,10
E4900333,P105,923,0145,69,10
E4900333,P001,936,0145,13,10
E4900333,P002,936,0145,0,00
E4900333,P003,936,0145,0,32
E4900333,P103,936,0145,0,32
E4900333,P021,936,0145,8,10
E4900333,P105,936,0145,10,10
E4900333,P001,259,0100,87,10
E4900333,P002,259,0100,0,00
E4900333,P003,259,0100,0,32
E4900333,P103,259,0100,0,32
E4900333,P021,259,0100,126,10
E4900333,P105,259,0100,168,10
E4900333,P001,222,0100,1,10
E4900333,P002,222,0100,0,00
E4900333,P003,222,0100,0,32
E4900333,P103,222,0100,0,32
E4900333,P021,222,0100,0,10
E4900333,P105,222,0100,49,10
E4900333,P001,223,0100,82,10
E4900333,P002,223,0100,0,00
E4900333,P003,223,0100,0,32
E4900333,P103,223,0100,0,32
E4900333,P021,223,0100,39,10
E4900333,P105,223,0100,69,10
E4900333,P001,236,0100,13,10
E4900333,P002,236,0100,0,00
E4900333,P003,236,0100,0,32
E4900333,P103,236,0100,0,32
E4900333,P021,236,0100,8,10
E4900333,P105,236,0100,10,10
E4900333,P001,248,0100,40742,10
E4900333,P002,248,0100,0,00
E4900333,P003,248,0100,0,32
E4900333,P103,248,0100,0,32
E4900333,P021,248,0100,101083,10
E4900333,P105,248,0100,161975,10
S2300438,P001,911,0200,5,10
E5601197,P002,911,0200,5,10
E5601197,P003,911,0200,5,10
S1602755,P101,911,0200,5,10
S1602755,P201,911,0200,5,10
S1602755,P301,911,0200,5,10
E5600841,P001,248,0100,204183,10
E5600841,P001,923,0145,16,10
E5600841,P001,223,0100,17,10
E5600841,P001,936,0145,4,10
E5600841,P001,236,0100,4,10
E5600841,P001,911,0154,5,10
E5600841,P001,922,0145,23,10
E5600841,P001,222,0100,24,10
E5600841,P001,259,0100,172,10
E5600841,P002,248,0100,229612,10
E5600841,P002,923,0145,18,10
E5600841,P002,223,0100,18,10
E5600841,P002,936,0145,4,10
E5600841,P002,236,0100,4,10
E5600841,P002,911,0154,6,10
E5600841,P002,922,0145,17,10
E5600841,P002,222,0100,17,10
E5600841,P002,259,0100,171,10
E5600841,P003,248,0100,190498,10
E5600841,P003,923,0145,14,10
E5600841,P003,223,0100,15,10
E5600841,P003,936,0145,5,10
E5600841,P003,236,0100,5,10
E5600841,P003,911,0154,9,10
E5600841,P003,922,0145,21,10
E5600841,P003,222,0100,21,10
E5600841,P003,259,0100,169,10
E5600841,P004,248,0100,164215,10
E5600841,P004,923,0145,24,10
E5600841,P004,223,0100,23,10
E5600841,P004,936,0145,3,10
E5600841,P004,236,0100,4,10
E5600841,P004,911,0154,6,10
E5600841,P004,922,0145,20,10
E5600841,P004,222,0100,20,10
E5600841,P004,259,0100,185,10
E5600841,P005,248,0100,191358,10
E5600841,P005,923,0145,18,10
E5600841,P005,223,0100,19,10
E5600841,P005,936,0145,3,10
E5600841,P005,236,0100,4,10
E5600841,P005,911,0154,8,10
E5600841,P005,922,0145,17,10
E5600841,P005,222,0100,18,10
E5600841,P005,259,0100,193,10
E5600841,P006,248,0100,169457,10
E5600841,P006,923,0145,27,10
E5600841,P006,223,0100,19,10
E5600841,P006,936,0145,6,10
E5600841,P006,236,0100,6,10
E5600841,P006,911,0154,11,10
E5600841,P006,922,0145,37,10
E5600841,P006,222,0100,40,10
E5600841,P006,259,0100,125,10
E5600841,P007,248,0100,187699,10
E5600841,P007,923,0145,60,10
E5600841,P007,223,0100,56,10
E5600841,P007,936,0145,6,10
E5600841,P007,236,0100,6,10
E5600841,P007,911,0154,13,10
E5600841,P007,922,0145,42,10
E5600841,P007,222,0100,43,10
E5600841,P007,259,0100,138,10
E5600841,P008,248,0100,163576,10
E5600841,P008,923,0145,32,10
E5600841,P008,223,0100,38,10
E5600841,P008,936,0145,9,10
E5600841,P008,236,0100,9,10
E5600841,P008,911,0154,7,10
E5600841,P008,922,0145,5,10
E5600841,P008,222,0100,6,10
E5600841,P008,259,0100,48,10
E5600841,P009,248,0100,245415,10
E5600841,P009,923,0145,11,10
E5600841,P009,223,0100,12,10
E5600841,P009,936,0145,7,10
E5600841,P009,236,0100,7,10
E5600841,P009,911,0154,9,10
E5600841,P009,922,0145,22,10
E5600841,P009,222,0100,23,10
E5600841,P009,259,0100,114,10
E5600841,P010,248,0100,307861,10
E5600841,P010,923,0145,10,10
E5600841,P010,223,0100,11,10
E5600841,P010,936,0145,6,10
E5600841,P010,236,0100,6,10
E5600841,P010,911,0154,6,10
E5600841,P010,922,0145,15,10
E5600841,P010,222,0100,15,10
E5600841,P010,259,0100,102,10
E5600841,PC23,248,0100,33219,10
E5600841,PC23,923,0145,77,10
E5600841,PC23,223,0100,71,10
E5600841,PC23,936,0145,8,10
E5600841,PC23,236,0100,8,10
E5600841,PC23,911,0154,9,10
E5600841,PC23,922,0145,32,10
E5600841,PC23,222,0100,32,10
E5600841,PC23,259,0100,158,10
E5600841,PC83,248,0100,211291,10
E5600841,PC83,923,0145,53,10
E5600841,PC83,223,0100,54,10
E5600841,PC83,936,0145,6,10
E5600841,PC83,236,0100,6,10
E5600841,PC83,911,0154,13,10
E5600841,PC83,922,0145,20,10
E5600841,PC83,222,0100,19,10
E5600841,PC83,259,0100,169,10
E5600841,PPB1,248,0100,170908,10
E5600841,PPB1,923,0145,9,10
E5600841,PPB1,223,0100,8,10
E5600841,PPB1,936,0145,9,10
E5600841,PPB1,236,0100,8,10
E5600841,PPB1,911,0154,8,10
E5600841,PPB1,922,0145,20,10
E5600841,PPB1,222,0100,19,10
E5600841,PPB1,259,0100,126,10
E5600841,PPC1,248,0100,605772,10
E5600841,PPC1,923,0145,15,10
E5600841,PPC1,223,0100,14,10
E5600841,PPC1,936,0145,3,10
E5600841,PPC1,236,0100,3,10
E5600841,PPC1,911,0154,5,10
E5600841,PPC1,922,0145,21,10
E5600841,PPC1,222,0100,20,10
E5600841,PPC1,259,0100,128,10
E5600841,PR54,248,0100,43742,10
E5600841,PR54,923,0145,50,10
E5600841,PR54,223,0100,55,10
E5600841,PR54,936,0145,5,10
E5600841,PR54,236,0100,5,10
E5600841,PR54,911,0154,3,10
E5600841,PR54,922,0145,47,10
E5600841,PR54,222,0100,47,10
E5600841,PR54,259,0100,220,10
E5600841,PR61,248,0100,133736,10
E5600841,PR61,923,0145,75,10
E5600841,PR61,223,0100,71,10
E5600841,PR61,936,0145,4,10
E5600841,PR61,236,0100,4,10
E5600841,PR61,911,0154,7,10
E5600841,PR61,922,0145,54,10
E5600841,PR61,222,0100,55,10
E5600841,PR61,259,0100,312,10
E5600841,PR62,248,0100,98460,10
E5600841,PR62,923,0145,49,10
E5600841,PR62,223,0100,49,10
E5600841,PR62,936,0145,4,10
E5600841,PR62,236,0100,4,10
E5600841,PR62,911,0154,4,10
E5600841,PR62,922,0145,25,10
E5600841,PR62,222,0100,26,10
E5600841,PR62,259,0100,306,10
E5600841,PS11,248,0100,820610,10
E5600841,PS11,923,0145,34,10
E5600841,PS11,223,0100,35,10
E5600841,PS11,936,0145,11,10
E5600841,PS11,236,0100,11,10
E5600841,PS11,911,0154,11,10
E5600841,PS11,922,0145,62,10
E5600841,PS11,222,0100,62,10
E5600841,PS11,259,0100,165,10
E5600841,PS12,911,0154,10,10
E5600841,PS31,248,0100,744973,10
E5600841,PS31,923,0145,115,10
E5600841,PS31,223,0100,114,10
E5600841,PS31,936,0145,13,10
E5600841,PS31,236,0100,12,10
E5600841,PS31,911,0154,8,10
E5600841,PS31,922,0145,89,10
E5600841,PS31,222,0100,85,10
E5600841,PS31,259,0100,120,10
E5600841,PS32,911,0154,4,10
E5600841,PS51,248,0100,862823,10
E5600841,PS51,923,0145,42,10
E5600841,PS51,223,0100,42,10
E5600841,PS51,936,0145,12,10
E5600841,PS51,236,0100,12,10
E5600841,PS51,911,0154,12,10
E5600841,PS51,922,0145,16,10
E5600841,PS51,222,0100,17,10
E5600841,PS51,259,0100,135,10
E5600841,PS52,911,0154,8,10
E5600841,PS71,248,0100,1360687,10
E5600841,PS71,923,0145,55,10
E5600841,PS71,223,0100,57,10
E5600841,PS71,936,0145,12,10
E5600841,PS71,236,0100,12,10
E5600841,PS71,911,0154,10,10
E5600841,PS71,922,0145,58,10
E5600841,PS71,222,0100,55,10
E5600841,PS71,259,0100,176,10
E5600841,PS72,911,0154,9,10
E5600056,P004,911,0200,0,00
E5600056,P006,911,0200,3,10
E5600056,P007,911,0200,0,00
E5600056,P008,911,0200,6,10
E5600056,P009,911,0200,2,10
E5600056,P016,911,0200,4,10
E5600056,P017,911,0200,2,10
E5600056,P018,911,0200,3,10
E5600056,P021,911,0200,2,10
E5600056,P022,911,0200,3,10
E5600056,P023,911,0200,1,10
E5600056,P024,911,0200,3,10
E5600056,P004,922,0200,0,00
E5600056,P004,923,0200,0,00
E5600056,P004,924,0200,0,00
E5600056,P004,936,0200,0,00
E5600056,P006,922,0200,22,10
E5600056,P006,923,0200,67,10
E5600056,P006,924,0200,0,10
E5600056,P006,936,0200,4,10
E5600056,P007,922,0200,0,00
E5600056,P007,923,0200,0,00
E5600056,P007,924,0200,0,00
E5600056,P007,936,0200,0,00
E5600056,P008,922,0200,42,10
E5600056,P008,923,0200,66,10
E5600056,P008,924,0200,59,10
E5600056,P008,936,0200,5,10
E5600056,P016,922,0200,0,10
E5600056,P016,923,0200,33,10
E5600056,P016,936,0200,12,10
E5600056,P017,922,0200,2,10
E5600056,P017,923,0200,23,10
E5600056,P017,924,0200,0,10
E5600056,P017,936,0200,3,10
E5600056,P018,922,0200,0,10
E5600056,P018,923,0200,17,10
E5600056,P018,936,0200,4,10
E5600056,P021,922,0200,0,10
E5600056,P021,923,0200,46,10
E5600056,P021,936,0200,4,10
E5600056,P024,922,0200,3,10
E5600056,P024,923,0200,31,10
E5600056,P024,924,0200,2,10
E5600056,P024,936,0200,6,10
E5600056,P034,923,0200,54,10
E5600056,P034,936,0200,1,10
E5600056,P004,222,0200,0,00
E5600056,P004,223,0200,0,00
E5600056,P004,224,0200,0,00
E5600056,P004,236,0200,0,00
E5600056,P004,248,0200,0,00
E5600056,P004,259,0200,0,00
E5600056,P006,222,0200,24,10
E5600056,P006,223,0200,68,10
E5600056,P006,224,0200,0,10
E5600056,P006,236,0200,4,10
E5600332,P001,911,0200,4,10
E5600332,P002,911,0200,4,10
E5600332,P003,911,0200,4,10
S1901066,P004,911,0200,5,10
E5600056,P004,911,0206,0,00
E5600056,P006,911,0206,3,10
E5600056,P007,911,0206,0,00
E5600056,P008,911,0206,6,10
E5600056,P009,911,0206,2,10
E5600056,P016,911,0206,4,10
E5600056,P017,911,0206,2,10
E5600056,P018,911,0206,3,10
E5600056,P021,911,0206,2,10
E5600056,P022,911,0206,3,10
E5600056,P023,911,0206,1,10
E5600056,P024,911,0206,4,10
E5600896,P004,911,0148,0,00
E5600896,P005,911,0148,0,00
E5600896,P007,911,0148,6,10
E5600896,P008,911,0148,7,10
E5400878,P010,911,0148,1,10
E5600850,PC01,911,0200,0,00
E5600789,P001,911,0200,3,10
E5002890,P001,911,0200,5,10
E5002890,P002,911,0200,5,10
E5002890,P003,911,0200,0,00
E5600869,P001,911,0200,4,10
S2100223,P015,911,0206,0,10
S1900710,P015,911,0206,0,00
S1900710,P050,911,0206,4,10
S1900710,P056,911,0206,5,10
S1900710,P060,911,0206,2,10
S1900710,P070,911,0206,6,10
S1900685,P002,911,0200,12,10
S1900685,P421,911,0200,9,10
S1900685,P411,911,0200,4,10
S2202553,P001,911,0200,1,10
S2202553,P002,911,0200,1,10
S2202553,P003,911,0200,1,10
E5600841,P001,911,0200,5,10
E5600841,P002,911,0200,6,10
E5600841,P003,911,0200,9,10
E5600841,P004,911,0200,6,10
E5600841,P005,911,0200,8,10
E5600841,P006,911,0200,11,10
E5600841,P007,911,0200,13,10
E5600841,P008,911,0200,7,10
E5600841,P009,911,0200,9,10
E5600841,P010,911,0200,6,10
E5600841,PC23,911,0200,10,10
E5600841,PC83,911,0200,13,10
E5600841,PPB1,911,0200,8,10
E5600841,PPC1,911,0200,5,10
E5600841,PR54,911,0200,3,10
E5600841,PR61,911,0200,7,10
E5600841,PR62,911,0200,4,10
E5600841,PS11,911,0200,11,10
E5600841,PS12,911,0200,9,10
E5600841,PS31,911,0200,7,10
E5600841,PS32,911,0200,4,10
E5600841,PS51,911,0200,12,10
E5600841,PS52,911,0200,8,10
E5600841,PS71,911,0200,10,10
E5600841,PS72,911,0200,9,10
E4900744,P001,911,0206,0,00
E4900744,P002,911,0206,0,00
E4900744,P023,911,0206,0,00
S2100223,P015,922,0200,0,10
S2100223,P015,923,0200,0,10
S2100223,P015,924,0200,0,10
S2100223,P015,936,0200,0,10
E4900333,P001,911,0200,9,10
E4900333,P002,911,0200,0,00
E4900333,P003,911,0200,0,32
E4900333,P103,911,0200,0,32
E4900333,P021,911,0200,6,10
E4900333,P105,911,0200,9,10
S2300438,P001,911,0206,5,10
E5601197,P002,911,0206,7,10
E5601197,P003,911,0206,7,10
S1602755,P101,911,0206,4,10
S1602755,P201,911,0206,5,10
S1602755,P301,911,0206,5,10
E5600332,P001,911,0206,4,10
E5600332,P002,911,0206,4,10
E5600332,P003,911,0206,4,10
S1901066,P004,911,0206,5,10
E5600056,P004,911,0212,0,00
E5600056,P006,911,0212,3,10
E5600056,P007,911,0212,0,00
E5600056,P008,911,0212,6,10
E5600056,P009,911,0212,2,10
E5600056,P016,911,0212,5,10
E5600056,P017,911,0212,2,10
E5600056,P018,911,0212,3,10
E5600056,P021,911,0212,2,10
E5600056,P022,911,0212,3,10
E5600056,P023,911,0212,1,10
E5600056,P024,911,0212,4,10
E4900744,P001,923,0200,0,00
E4900744,P023,923,0200,0,00
E4900744,P001,936,0200,0,00
E4900744,P023,936,0200,0,00
E5600896,P004,222,0100,0,00
E5600896,P004,223,0100,0,00
E5600896,P004,236,0100,0,00
E5600896,P004,248,0100,0,00
E5600896,P004,259,0100,0,00
E5600896,P005,222,0100,0,00
E5600896,P005,223,0100,0,00
E5600896,P005,236,0100,0,00
E5600896,P005,248,0100,0,00
E5600896,P005,259,0100,0,00
E5600896,P007,222,0100,0,10
E5600896,P007,223,0100,70,11
E5600896,P007,236,0100,5,10
E5600896,P007,248,0100,1478730,10
E5600896,P007,259,0100,157,10
E5600896,P008,222,0100,0,10
E5600896,P008,223,0100,64,10
E5600896,P008,236,0100,2,10
E5600896,P008,248,0100,1890711,10
E5600896,P008,259,0100,133,10
E5600896,P004,922,0145,0,00
E5600896,P004,923,0145,0,00
E5600896,P004,936,0145,0,00
E5600896,P005,922,0145,0,00
E5600896,P005,923,0145,0,00
E5600896,P005,936,0145,0,00
E5600896,P007,922,0145,0,10
E5600896,P007,923,0145,70,10
E5600896,P007,936,0145,5,10
E5600896,P008,922,0145,0,10
E5600896,P008,923,0145,64,10
E5600896,P008,936,0145,2,10
E5600896,P004,911,0154,0,00
E5600896,P005,911,0154,0,00
E5600896,P007,911,0154,6,10
E5600896,P008,911,0154,7,10
E5400878,P001,223,0100,21,10
E5400878,P001,236,0100,15,10
E5400878,P001,248,0100,769914,10
E5400878,P001,259,0100,116,10
E5400878,P002,223,0100,20,10
E5400878,P002,236,0100,15,10
E5400878,P002,248,0100,1706301,10
E5400878,P002,259,0100,115,10
E5400878,P003,223,0100,17,10
E5400878,P003,236,0100,15,10
E5400878,P003,248,0100,1544963,10
E5400878,P003,259,0100,114,10
E5400878,P010,223,0100,18,10
E5400878,P010,236,0100,13,10
E5400878,P010,248,0100,1405740,10
E5400878,P010,259,0100,99,10
E5400878,P001,923,0145,21,10
E5400878,P001,936,0145,15,10
E5400878,P002,923,0145,19,10
E5400878,P002,936,0145,15,10
E5400878,P003,923,0145,17,10
E5400878,P003,936,0145,15,10
E5400878,P010,923,0145,18,10
E5400878,P010,936,0145,13,10
E5400878,P010,911,0154,1,10
E5600850,PC01,911,0206,0,00
E5600789,P001,911,0206,3,10
E5002890,P001,911,0206,5,10
E5002890,P002,911,0206,5,10
E5002890,P003,911,0206,0,00
E5600869,P001,911,0206,4,10
S2100223,P015,911,0212,0,10
S2300401,P011,911,0206,9,10
S2300429,P701,911,0206,0,00
S2300429,PF01,911,0206,8,10
S1900710,P015,911,0212,0,00
S1900710,P050,911,0212,5,10
S1900710,P056,911,0212,4,10
S1900710,P060,911,0212,2,10
S1900710,P070,911,0212,6,10
S1900685,P002,911,0206,12,10
S1900685,P421,911,0206,10,10
S1900685,P411,911,0206,4,10
S2202553,P001,911,0206,1,10
S2202553,P002,911,0206,1,10
S2202553,P003,911,0206,1,10
S1602755,P101,922,0200,1,10
S1602755,P201,922,0200,1,10
S1602755,P301,922,0200,2,10
S1602755,P101,923,0200,54,10
S1602755,P201,923,0200,55,10
S1602755,P301,923,0200,70,10
S1602755,P101,924,0200,50,10
S1602755,P201,924,0200,46,10
S1602755,P301,924,0200,9,10
S1602755,P101,926,0200,2,10
S1602755,P201,926,0200,9,10
S1602755,P301,926,0200,8,10
S1602755,P101,936,0200,8,10
S1602755,P201,936,0200,7,10
S1602755,P301,936,0200,11,10
E5600841,P001,911,0206,5,10
E5600841,P002,911,0206,6,10
E5600841,P003,911,0206,9,10
E5600841,P004,911,0206,6,10
E5600841,P005,911,0206,8,10
E5600841,P006,911,0206,11,10
E5600841,P007,911,0206,13,10
E5600841,P008,911,0206,7,10
E5600841,P009,911,0206,9,10
E5600841,P010,911,0206,6,10
E5600841,PC23,911,0206,10,10
E5600841,PC83,911,0206,13,10
E5600841,PPB1,911,0206,8,10
E5600841,PPC1,911,0206,5,10
E5600841,PR54,911,0206,3,10
E5600841,PR61,911,0206,7,10
E5600841,PR62,911,0206,4,10
E5600841,PS11,911,0206,11,10
E5600841,PS12,911,0206,8,10
E5600841,PS31,911,0206,7,10
E5600841,PS32,911,0206,4,10
E5600841,PS51,911,0206,11,10
E5600841,PS52,911,0206,8,10
E5600841,PS71,911,0206,10,10
E5600841,PS72,911,0206,9,10
E5600850,PC01,923,0200,0,00
E5600850,PC01,924,0200,0,00
E5600850,PC01,936,0200,0,00
E5600850,PC01,926,0200,0,00
E5600850,PC01,223,0100,0,00
E5600850,PC01,224,0100,0,00
E5600850,PC01,236,0100,0,00
E5600850,PC01,226,0100,0,00
E5600850,PC01,248,0100,0,00
E5600850,PC01,259,0100,0,00
S2300438,P001,922,0200,0,10
S2300438,P001,923,0200,32,10
S2300438,P001,936,0200,7,10
S2300438,P001,222,0100,0,10
S2300438,P001,223,0100,30,10
S2300438,P001,236,0100,7,10
S2300438,P001,248,0100,45194,10
S2300438,P001,259,0100,129,10
S2201109,P711,911,0206,15,10
S2201109,P731,911,0206,18,10
S2201109,P741,911,0206,15,10
S2201109,P751,911,0206,15,10
E4900333,P001,911,0206,9,10
E4900333,P002,911,0206,0,00
E4900333,P003,911,0206,0,32
E4900333,P103,911,0206,0,32
E4900333,P021,911,0206,6,10
E4900333,P105,911,0206,9,10
E4900744,P001,911,0212,0,00
E4900744,P002,911,0212,0,00
E4900744,P023,911,0212,0,00
S2300429,P701,911,0200,0,00
S2300429,P701,922,0200,0,00
S2300429,P701,923,0200,0,00
S2300429,P701,936,0200,0,00
S2300429,PF01,911,0200,9,10
S2300429,PF01,922,0200,26,10
S2300429,PF01,923,0200,28,10
S2300429,PF01,936,0200,6,10
S2300429,P701,222,0100,0,00
S2300429,P701,223,0100,0,00
S2300429,P701,236,0100,0,00
S2300429,P701,248,0100,0,00
S2300429,P701,259,0100,0,00
S2300429,PF01,222,0100,25,10
S2300429,PF01,223,0100,27,10
S2300429,PF01,236,0100,6,10
S2300429,PF01,248,0100,276734,10
S2300429,PF01,259,0100,57,10
S1901066,P004,922,0200,229,10
S1901066,P004,923,0200,186,10
S1901066,P004,924,0200,1,10
S1901066,P004,936,0200,4,10
S1901066,P004,937,0200,11,10
S1901066,P004,222,0100,229,10
S1901066,P004,223,0100,185,10
S1901066,P004,224,0100,1,10
S1901066,P004,236,0100,4,10
S1901066,P004,237,0100,11,10
S1901066,P004,248,0100,116790,10
S1901066,P004,259,0100,235,10
E5002890,P001,922,0200,0,10
E5002890,P002,922,0200,1,10
E5002890,P003,922,0200,0,00
E5002890,P001,923,0200,110,10
E5002890,P002,923,0200,101,10
E5002890,P003,923,0200,0,00
E5002890,P001,924,0200,3,10
E5002890,P002,924,0200,3,10
E5002890,P003,924,0200,0,00
E5002890,P001,926,0200,16,10
E5002890,P002,926,0200,10,10
E5002890,P003,926,0200,0,00
E5002890,P001,936,0200,11,10
E5002890,P002,936,0200,12,10
E5002890,P003,936,0200,0,00
E5600869,P001,922,0200,133,10
E5600869,P001,923,0200,127,10
E5600869,P001,936,0200,7,10
E2000554,P003,923,0215,30,10
E2000554,P003,922,0215,13,10
E2000554,P003,936,0215,5,10
S1900710,P070,923,0215,21,10
S1900710,P070,936,0215,8,10
S1900710,P070,922,0215,17,10
S1900710,P015,923,0215,0,00
S1900710,P015,936,0215,0,00
S1900710,P015,922,0215,0,00
S1900710,P050,923,0215,99,10
S1900710,P050,936,0215,5,10
S1900710,P050,922,0215,56,10
S1900710,P056,923,0215,43,10
S1900710,P056,936,0215,4,10
S1900710,P056,922,0215,23,10
S1900710,P060,923,0215,22,10
S1900710,P060,936,0215,5,10
S1900710,P060,922,0215,24,10
S1900685,P421,922,0200,18,10
S1900685,P421,923,0200,64,10
S1900685,P421,936,0200,6,10
S1900685,P411,922,0200,31,10
S1900685,P411,923,0200,64,10
S1900685,P411,936,0200,12,10
S2202553,P001,922,0200,6,10
S2202553,P002,922,0200,15,10
S2202553,P003,922,0200,8,10
S2202553,P001,923,0200,83,10
S2202553,P002,923,0200,85,10
S2202553,P003,923,0200,83,10
S2202553,P001,924,0200,2,10
S2202553,P002,924,0200,1,10
S2202553,P003,924,0200,8,10
S2202553,P001,926,0200,7,10
S2202553,P002,926,0200,24,10
S2202553,P003,926,0200,29,10
S2202553,P001,936,0200,10,10
S2202553,P002,936,0200,10,10
S2202553,P003,936,0200,9,10
E5600850,PC01,911,0212,0,00
S2300438,P001,911,0212,5,10
E5601197,P002,911,0212,5,10
E5601197,P003,911,0212,5,10
S1602755,P101,911,0212,4,10
S1602755,P201,911,0212,5,10
S1602755,P301,911,0212,5,10
E5600841,P001,923,0200,16,10
E5600841,P001,936,0200,4,10
E5600841,P001,922,0200,24,10
E5600841,P002,923,0200,18,10
E5600841,P002,936,0200,4,10
E5600841,P002,922,0200,17,10
E5600841,P003,923,0200,14,10
E5600841,P003,936,0200,5,10
E5600841,P003,922,0200,21,10
E5600841,P004,923,0200,22,10
E5600841,P004,936,0200,4,10
E5600841,P004,922,0200,20,10
E5600841,P005,923,0200,18,10
E5600841,P005,936,0200,4,10
E5600841,P005,922,0200,18,10
E5600841,P006,923,0200,34,10
E5600841,P006,936,0200,6,10
E5600841,P006,922,0200,35,10
E5600841,P007,923,0200,59,10
E5600841,P007,936,0200,6,10
E5600841,P007,922,0200,42,10
E5600841,P008,923,0200,34,10
E5600841,P008,936,0200,9,10
E5600841,P008,922,0200,5,10
E5600841,P009,923,0200,13,10
E5600841,P009,936,0200,6,10
E5600841,P009,922,0200,21,10
E5600841,P010,923,0200,12,10
E5600841,P010,936,0200,7,10
E5600841,P010,922,0200,15,10
E5600841,PC23,923,0200,66,10
E5600841,PC23,936,0200,8,10
E5600841,PC23,922,0200,29,10
E5600841,PC83,923,0200,58,10
E5600841,PC83,936,0200,7,10
E5600841,PC83,922,0200,18,10
E5600841,PPB1,923,0200,9,10
E5600841,PPB1,936,0200,8,10
E5600841,PPB1,922,0200,17,10
E5600841,PPC1,923,0200,14,10
E5600841,PPC1,936,0200,3,10
E5600841,PPC1,922,0200,21,10
E5600841,PR54,923,0200,51,10
E5600841,PR54,936,0200,5,10
E5600841,PR54,922,0200,46,10
E5600841,PR61,923,0200,73,10
E5600841,PR61,936,0200,4,10
E5600841,PR61,922,0200,53,10
E5600841,PR62,923,0200,49,10
E5600841,PR62,936,0200,4,10
E5600841,PR62,922,0200,24,10
E5600841,PS11,923,0200,34,10
E5600841,PS11,936,0200,11,10
E5600841,PS11,922,0200,62,10
E5600841,PS31,923,0200,115,10
E5600841,PS31,936,0200,13,10
E5600841,PS31,922,0200,83,10
E5600841,PS51,923,0200,43,10
E5600841,PS51,936,0200,12,10
E5600841,PS51,922,0200,18,10
E5600841,PS71,923,0200,48,10
E5600841,PS71,936,0200,12,10
E5600841,PS71,922,0200,69,10
E5600332,P001,911,0212,4,10
E5600332,P002,911,0212,4,10
E5600332,P003,911,0212,4,10
S1901066,P004,911,0212,5,10
S2202553,P001,911,0212,1,10
S2202553,P002,911,0212,1,10
S2202553,P003,911,0212,1,10
E5600896,P004,911,0200,0,00
E5600896,P005,911,0200,0,00
E5600896,P007,911,0200,5,10
E5600896,P008,911,0200,7,10
E5400878,P010,911,0200,1,10
E5600056,P004,922,0215,0,00
E5600056,P004,923,0215,0,00
E5600056,P004,924,0215,0,00
E5600056,P004,936,0215,0,00
E5600056,P006,922,0215,24,10
E5600056,P006,923,0215,72,10
E5600056,P006,924,0215,0,10
E5600056,P006,936,0215,4,10
E5600056,P007,922,0215,0,00
E5600056,P007,923,0215,0,00
E5600056,P007,924,0215,0,00
E5600056,P007,936,0215,0,00
E5600056,P008,922,0215,44,10
E5600056,P008,923,0215,67,10
E5600056,P008,924,0215,20,10
E5600056,P008,936,0215,5,10
E5600056,P016,922,0215,0,10
E5600056,P016,923,0215,34,10
E5600056,P016,936,0215,12,10
E5600056,P017,922,0215,2,10
E5600056,P017,923,0215,23,10
E5600056,P017,924,0215,0,10
E5600056,P017,936,0215,3,10
E5600056,P018,922,0215,0,10
E5600056,P018,923,0215,17,10
E5600056,P018,924,0215,0,10
E5600056,P018,936,0215,4,10
E5600056,P021,922,0215,0,10
E5600056,P021,923,0215,45,10
E5600056,P021,924,0215,0,10
E5600056,P021,936,0215,4,10
E5600056,P024,922,0215,3,10
E5600056,P024,923,0215,32,10
E5600056,P024,924,0215,2,10
E5600056,P024,936,0215,6,10
E5600056,P034,922,0215,6,10
E5600056,P034,923,0215,55,10
E5600056,P034,936,0215,1,10
E5600789,P001,911,0212,3,10
E5600056,P004,911,0218,0,00
E5600056,P006,911,0218,3,10
E5600056,P007,911,0218,0,00
E5600056,P008,911,0218,5,10
E5600056,P009,911,0218,2,10
E5600056,P016,911,0218,4,10
E5600056,P017,911,0218,2,10
E5600056,P018,911,0218,3,10
E5600056,P021,911,0218,2,10
E5600056,P022,911,0218,3,10
E5600056,P023,911,0218,1,10
E5600056,P024,911,0218,4,10
E5002890,P001,911,0212,5,10
E5002890,P002,911,0212,5,10
E5002890,P003,911,0212,0,00
E5600869,P001,911,0212,4,10
S2100223,P015,911,0218,0,10
S2300401,P011,911,0212,9,10
S2300429,P701,911,0212,0,00
S2300429,PF01,911,0212,8,10
E4900333,P001,922,0200,1,10
E4900333,P002,922,0200,0,00
E4900333,P003,922,0200,0,32
E4900333,P103,922,0200,0,32
E4900333,P021,922,0200,0,10
E4900333,P105,922,0200,48,10
E4900333,P001,923,0200,83,10
E4900333,P002,923,0200,0,00
E4900333,P003,923,0200,0,32
E4900333,P103,923,0200,0,32
E4900333,P021,923,0200,38,10
E4900333,P105,923,0200,69,10
E4900333,P001,936,0200,13,10
E4900333,P002,936,0200,0,00
E4900333,P003,936,0200,0,32
E4900333,P103,936,0200,0,32
E4900333,P021,936,0200,8,10
E4900333,P105,936,0200,10,10
S1900710,P070,911,0218,6,10
S1900710,P015,911,0218,0,00
S1900710,P050,911,0218,4,10
S1900710,P056,911,0218,4,10
S1900710,P060,911,0218,3,10
S1900685,P002,911,0212,12,10
S1900685,P421,911,0212,10,10
S1900685,P411,911,0212,4,10
E5600841,P001,911,0212,5,10
E5600841,P002,911,0212,6,10
E5600841,P003,911,0212,9,10
E5600841,P004,911,0212,6,10
E5600841,P005,911,0212,8,10
E5600841,P006,911,0212,11,10
E5600841,P007,911,0212,13,10
E5600841,P008,911,0212,7,10
E5600841,P009,911,0212,9,10
E5600841,P010,911,0212,6,10
E5600841,PC23,911,0212,10,10
E5600841,PC83,911,0212,13,10
E5600841,PPB1,911,0212,8,10
E5600841,PPC1,911,0212,5,10
E5600841,PR54,911,0212,3,10
E5600841,PR61,911,0212,7,10
E5600841,PR62,911,0212,4,10
E5600841,PS11,911,0212,11,10
E5600841,PS12,911,0212,8,10
E5600841,PS31,911,0212,8,10
E5600841,PS32,911,0212,4,10
E5600841,PS51,911,0212,11,10
E5600841,PS52,911,0212,8,10
E5600841,PS71,911,0212,9,10
E5600841,PS72,911,0212,8,10
S2201109,P711,911,0100,15,10
S2201109,P731,911,0100,18,10
S2201109,P741,911,0100,15,10
S2201109,P751,911,0100,15,10
S2201109,P711,923,0100,23,10
S2201109,P711,936,0100,6,10
S2201109,P711,922,0100,6,10
S2201109,P731,923,0100,43,10
S2201109,P731,936,0100,7,10
S2201109,P731,922,0100,12,10
S2201109,P741,923,0100,51,10
S2201109,P741,936,0100,6,10
S2201109,P741,922,0100,23,10
S2201109,P751,923,0100,50,10
S2201109,P751,936,0100,7,10
S2201109,P751,922,0100,24,10
S2201109,P711,248,0100,7190,10
S2201109,P711,223,0100,23,10
S2201109,P711,236,0100,6,10
S2201109,P711,222,0100,7,10
S2201109,P711,259,0100,53,10
S2201109,P731,248,0100,4173,10
S2201109,P731,223,0100,43,10
S2201109,P731,236,0100,7,10
S2201109,P731,222,0100,11,10
S2201109,P731,259,0100,53,10
S2201109,P741,248,0100,4718,10
S2201109,P741,223,0100,53,10
S2201109,P741,236,0100,6,10
S2201109,P741,222,0100,23,10
S2201109,P741,259,0100,52,10
S2201109,P751,248,0100,4498,10
S2201109,P751,223,0100,50,10
S2201109,P751,236,0100,7,10
S2201109,P751,222,0100,24,10
S2201109,P751,259,0100,49,10
S2201109,P711,911,0212,15,10
S2201109,P731,911,0212,18,10
S2201109,P741,911,0212,15,10
S2201109,P751,911,0212,15,10
E4900744,P001,911,0218,0,00
E4900744,P002,911,0218,0,00
E4900744,P023,911,0218,0,00
E4900333,P001,911,0212,9,10
E4900333,P002,911,0212,0,00
E4900333,P003,911,0212,0,32
E4900333,P103,911,0212,0,32
E4900333,P021,911,0212,6,10
E4900333,P105,911,0212,9,10
E5600850,PC01,911,0218,0,00
S2300438,P001,911,0218,5,10
E5601197,P002,911,0218,4,10
E5601197,P003,911,0218,4,10
S1602755,P101,911,0218,5,10
S1602755,P201,911,0218,5,10
S1602755,P301,911,0218,5,10
S1901066,P004,911,0218,5,10
S1900710,P015,911,0224,0,00
S1900710,P050,911,0224,4,10
S1900710,P056,911,0224,4,10
S1900710,P060,911,0224,4,10
S1900710,P070,911,0224,6,10
S2202553,P001,911,0218,1,10
S2202553,P002,911,0218,1,10
S2202553,P003,911,0218,1,10
E5600896,P004,911,0206,0,00
E5600896,P005,911,0206,0,00
E5600896,P007,911,0206,5,10
E5600896,P008,911,0206,7,10
E5400878,P010,911,0206,1,10
E5600332,P001,911,0218,4,10
E5600332,P002,911,0218,4,10
E5600332,P003,911,0218,4,10
E5600789,P001,911,0218,3,10
E5600056,P004,911,0224,0,00
E5600056,P006,911,0224,3,10
E5600056,P007,911,0224,0,00
E5600056,P008,911,0224,5,10
E5600056,P009,911,0224,2,10
E5600056,P016,911,0224,5,10
E5600056,P017,911,0224,2,10
E5600056,P018,911,0224,3,10
E5600056,P021,911,0224,2,10
E5600056,P022,911,0224,3,10
E5600056,P023,911,0224,1,10
E5600056,P024,911,0224,4,10
E5002890,P001,911,0218,5,10
E5002890,P002,911,0218,6,10
E5002890,P003,911,0218,0,00
E5600869,P001,911,0218,4,10
S2100223,P015,911,0224,0,10
S2100223,P015,922,0215,0,10
S2100223,P015,923,0215,0,10
S2100223,P015,924,0215,0,10
S2100223,P015,936,0215,0,10
S2300401,P011,911,0218,9,10
S2300429,P701,911,0218,0,00
S2300429,PF01,911,0218,8,10
S1900685,P002,911,0218,13,10
S1900685,P421,911,0218,10,10
S1900685,P411,911,0218,4,10
E5600841,P001,911,0218,5,10
E5600841,P002,911,0218,6,10
E5600841,P003,911,0218,9,10
E5600841,P004,911,0218,6,10
E5600841,P005,911,0218,8,10
E5600841,P006,911,0218,11,10
E5600841,P007,911,0218,13,10
E5600841,P008,911,0218,7,10
E5600841,P009,911,0218,9,10
E5600841,P010,911,0218,6,10
E5600841,PC23,911,0218,9,10
E5600841,PC83,911,0218,13,10
E5600841,PPB1,911,0218,8,10
E5600841,PPC1,911,0218,5,10
E5600841,PR54,911,0218,3,10
E5600841,PR61,911,0218,7,10
E5600841,PR62,911,0218,4,10
E5600841,PS11,911,0218,11,10
E5600841,PS12,911,0218,9,10
E5600841,PS31,911,0218,8,10
E5600841,PS32,911,0218,4,10
E5600841,PS51,911,0218,11,10
E5600841,PS52,911,0218,8,10
E5600841,PS71,911,0218,9,10
E5600841,PS72,911,0218,9,10
S2201109,P711,911,0218,15,10
S2201109,P731,911,0218,19,10
S2201109,P741,911,0218,15,10
S2201109,P751,911,0218,15,10
E4900744,P001,911,0224,0,00
E4900744,P002,911,0224,0,00
E4900744,P023,911,0224,0,00
E4900744,P001,923,0215,0,00
E4900744,P023,923,0215,0,00
E4900744,P001,936,0215,0,00
E4900744,P023,936,0215,0,00
E5600896,P004,922,0200,0,00
E5600896,P004,923,0200,0,00
E5600896,P004,936,0200,0,00
E5600896,P005,922,0200,0,00
E5600896,P005,923,0200,0,00
E5600896,P005,936,0200,0,00
E5600896,P007,922,0200,0,10
E5600896,P007,923,0200,70,10
E5600896,P007,936,0200,5,10
E5600896,P008,922,0200,0,10
E5600896,P008,923,0200,64,10
E5600896,P008,936,0200,2,10
E5400878,P001,923,0200,21,10
E5400878,P001,936,0200,15,10
E5400878,P002,923,0200,19,10
E5400878,P002,936,0200,15,10
E5400878,P003,923,0200,17,10
E5400878,P003,936,0200,15,10
E5400878,P010,923,0200,18,10
E5400878,P010,936,0200,13,10
E4900333,P001,911,0218,9,10
E4900333,P002,911,0218,0,00
E4900333,P003,911,0218,0,32
E4900333,P103,911,0218,0,32
E4900333,P021,911,0218,6,10
E4900333,P105,911,0218,9,10
E5600850,PC01,923,0215,0,00
E5600850,PC01,924,0215,0,00
E5600850,PC01,936,0215,0,00
E5600850,PC01,926,0215,0,00
S2300438,P001,922,0215,0,10
S2300438,P001,923,0215,33,10
S2300438,P001,936,0215,7,10
S2300438,P001,911,0224,5,10
E5601197,P002,911,0224,4,10
E5601197,P003,911,0224,3,10
S1602755,P101,911,0224,5,10
S1602755,P201,911,0224,5,10
S1602755,P301,911,0224,5,10
S1602755,P101,922,0215,2,10
S1602755,P201,922,0215,1,10
S1602755,P301,922,0215,2,10
S1602755,P101,923,0215,54,10
S1602755,P201,923,0215,57,10
S1602755,P301,923,0215,75,10
S1602755,P101,924,0215,59,10
S1602755,P201,924,0215,17,10
S1602755,P301,924,0215,3,10
S1602755,P101,926,0215,2,10
S1602755,P201,926,0215,10,10
S1602755,P301,926,0215,9,10
S1602755,P101,936,0215,9,10
S1602755,P201,936,0215,8,10
S1602755,P301,936,0215,10,10
S1901066,P004,922,0215,229,10
S1901066,P004,923,0215,187,10
S1901066,P004,924,0215,1,10
S1901066,P004,936,0215,4,10
S1901066,P004,937,0215,11,10
E5600850,PC01,911,0224,0,00
S1901066,P004,911,0224,5,10
E5600896,P004,911,0212,0,00
E5600896,P005,911,0212,0,00
E5600896,P007,911,0212,5,10
E5600896,P008,911,0212,7,10
E5400878,P010,911,0212,1,10
E5600332,P001,911,0224,4,10
E5600332,P002,911,0224,4,10
E5600332,P003,911,0224,4,10
E5600789,P001,911,0224,3,10
E5600056,P004,911,0230,0,00
E5600056,P006,911,0230,3,10
E5600056,P007,911,0230,0,00
E5600056,P008,911,0230,6,10
E5600056,P009,911,0230,3,10
E5600056,P016,911,0230,4,10
E5600056,P017,911,0230,2,10
E5600056,P018,911,0230,3,10
E5600056,P021,911,0230,2,10
E5600056,P022,911,0230,3,10
E5600056,P023,911,0230,1,10
E5600056,P024,911,0230,4,10
E5600056,P004,922,0230,0,00
E5600056,P004,923,0230,0,00
E5600056,P004,924,0230,0,00
E5600056,P004,936,0230,0,00
E5600056,P006,922,0230,23,10
E5600056,P006,923,0230,66,10
E5600056,P006,924,0230,0,10
E5600056,P006,936,0230,5,10
E5600056,P007,922,0230,0,00
E5600056,P007,923,0230,0,00
E5600056,P007,924,0230,0,00
E5600056,P007,936,0230,0,00
E5600056,P008,922,0230,44,10
E5600056,P008,923,0230,67,10
E5600056,P008,924,0230,21,10
E5600056,P008,936,0230,5,10
E5600056,P016,922,0230,0,10
E5600056,P016,923,0230,34,10
E5600056,P016,936,0230,12,10
E5600056,P017,922,0230,2,10
E5600056,P017,923,0230,23,10
E5600056,P017,924,0230,0,10
E5600056,P017,936,0230,3,10
E5600056,P018,922,0230,0,10
E5600056,P018,923,0230,16,10
E5600056,P018,936,0230,4,10
E5600056,P021,922,0230,0,10
E5600056,P021,923,0230,45,10
E5600056,P021,936,0230,4,10
E5600056,P024,922,0230,3,10
E5600056,P024,923,0230,32,10
E5600056,P024,924,0230,2,10
E5600056,P024,936,0230,6,10
E5600056,P034,923,0230,56,10
E5600056,P034,936,0230,1,10
E5002890,P001,911,0224,5,10
E5002890,P002,911,0224,5,10
E5002890,P003,911,0224,0,00
E5002890,P001,922,0215,0,10
E5002890,P002,922,0215,1,10
E5002890,P003,922,0215,0,00
E5002890,P001,923,0215,94,10
E5002890,P002,923,0215,94,10
E5002890,P003,923,0215,0,00
E5002890,P001,924,0215,3,10
E5002890,P002,924,0215,3,10
E5002890,P003,924,0215,0,00
E5002890,P001,926,0215,18,10
E5002890,P002,926,0215,13,10
E5002890,P003,926,0215,0,00
E5002890,P001,936,0215,12,10
E5002890,P002,936,0215,12,10
E5002890,P003,936,0215,0,00
E5600869,P001,911,0224,4,10
E5600869,P001,922,0215,142,10
E5600869,P001,923,0215,129,10
E5600869,P001,936,0215,6,10
S2202553,P001,911,0224,1,10
S2202553,P002,911,0224,1,10
S2202553,P003,911,0224,1,10
S2202553,P001,922,0215,10,10
S2202553,P002,922,0215,14,10
S2202553,P003,922,0215,5,10
S2202553,P001,923,0215,101,10
S2202553,P002,923,0215,85,10
S2202553,P003,923,0215,77,10
S2202553,P001,924,0215,2,10
S2202553,P002,924,0215,1,10
S2202553,P003,924,0215,6,10
S2202553,P001,926,0215,15,10
S2202553,P002,926,0215,29,10
S2202553,P003,926,0215,16,10
S2202553,P001,936,0215,10,10
S2202553,P002,936,0215,10,10
S2202553,P003,936,0215,8,10
S2100223,P015,911,0230,0,10
S2300401,P011,923,0215,60,10
S2300401,P011,936,0215,7,10
S2300401,P011,922,0215,41,10
S2300429,P701,922,0215,0,00
S2300429,P701,923,0215,0,00
S2300429,P701,936,0215,0,00
S2300429,PF01,922,0215,26,10
S2300429,PF01,923,0215,26,10
S2300429,PF01,936,0215,6,10
S2300401,P011,911,0224,9,10
S2300429,P701,911,0224,0,00
S2300429,PF01,911,0224,9,10
S1900710,P015,911,0230,0,00
S1900710,P050,911,0230,4,10
S1900710,P056,911,0230,6,10
S1900710,P060,911,0230,4,10
S1900710,P070,911,0230,6,10
S1900710,P015,923,0230,0,00
S1900710,P015,936,0230,0,00
S1900710,P015,922,0230,0,00
S1900710,P050,923,0230,99,10
S1900710,P050,936,0230,5,10
S1900710,P050,922,0230,56,10
S1900710,P056,923,0230,45,10
S1900710,P056,936,0230,4,10
S1900710,P056,922,0230,21,10
S1900710,P060,923,0230,23,10
S1900710,P060,936,0230,5,10
S1900710,P060,922,0230,24,10
S1900710,P070,923,0230,21,10
S1900710,P070,936,0230,8,10
S1900710,P070,922,0230,16,10
S1900685,P002,911,0224,12,10
S1900685,P421,911,0224,10,10
S1900685,P421,922,0215,20,10
S1900685,P421,923,0215,65,10
S1900685,P421,936,0215,6,10
S1900685,P411,911,0224,4,10
S1900685,P411,922,0215,31,10
S1900685,P411,923,0215,65,10
S1900685,P411,936,0215,12,10
E5600841,P001,923,0215,16,10
E5600841,P001,936,0215,4,10
E5600841,P001,911,0224,5,10
E5600841,P001,922,0215,24,10
E5600841,P002,923,0215,18,10
E5600841,P002,936,0215,4,10
E5600841,P002,911,0224,6,10
E5600841,P002,922,0215,17,10
E5600841,P003,923,0215,12,10
E5600841,P003,936,0215,5,10
E5600841,P003,911,0224,9,10
E5600841,P003,922,0215,21,10
E5600841,P004,923,0215,22,10
E5600841,P004,936,0215,4,10
E5600841,P004,911,0224,6,10
E5600841,P004,922,0215,20,10
E5600841,P005,923,0215,17,10
E5600841,P005,936,0215,4,10
E5600841,P005,911,0224,8,10
E5600841,P005,922,0215,18,10
E5600841,P006,923,0215,40,10
E5600841,P006,936,0215,6,10
E5600841,P006,911,0224,11,10
E5600841,P006,922,0215,39,10
E5600841,P007,923,0215,46,10
E5600841,P007,936,0215,6,10
E5600841,P007,911,0224,13,10
E5600841,P007,922,0215,41,10
E5600841,P008,923,0215,35,10
E5600841,P008,936,0215,9,10
E5600841,P008,911,0224,7,10
E5600841,P008,922,0215,5,10
E5600841,P009,923,0215,11,10
E5600841,P009,936,0215,6,10
E5600841,P009,911,0224,9,10
E5600841,P009,922,0215,23,10
E5600841,P010,923,0215,10,10
E5600841,P010,936,0215,6,10
E5600841,P010,911,0224,6,10
E5600841,P010,922,0215,16,10
E5600841,PC23,923,0215,69,10
E5600841,PC23,936,0215,8,10
E5600841,PC23,911,0224,10,10
E5600841,PC23,922,0215,32,10
E5600841,PC83,923,0215,52,10
E5600841,PC83,936,0215,6,10
E5600841,PC83,911,0224,13,10
E5600841,PC83,922,0215,20,10
E5600841,PPB1,923,0215,8,10
E5600841,PPB1,936,0215,9,10
E5600841,PPB1,911,0224,8,10
E5600841,PPB1,922,0215,22,10
E5600841,PPC1,923,0215,15,10
E5600841,PPC1,936,0215,2,10
E5600841,PPC1,911,0224,5,10
E5600841,PPC1,922,0215,22,10
E5600841,PR54,923,0215,48,10
E5600841,PR54,936,0215,4,10
E5600841,PR54,911,0224,3,10
E5600841,PR54,922,0215,49,10
E5600841,PR61,923,0215,74,10
E5600841,PR61,936,0215,4,10
E5600841,PR61,911,0224,7,10
E5600841,PR61,922,0215,56,10
E5600841,PR62,923,0215,50,10
E5600841,PR62,936,0215,4,10
E5600841,PR62,911,0224,4,10
E5600841,PR62,922,0215,26,10
E5600841,PS11,923,0215,34,10
E5600841,PS11,936,0215,11,10
E5600841,PS11,911,0224,11,10
E5600841,PS11,922,0215,64,10
E5600841,PS12,911,0224,10,10
E5600841,PS31,923,0215,116,10
E5600841,PS31,936,0215,12,10
E5600841,PS31,911,0224,7,10
E5600841,PS31,922,0215,85,10
E5600841,PS32,911,0224,4,10
E5600841,PS51,923,0215,43,10
E5600841,PS51,936,0215,12,10
E5600841,PS51,911,0224,11,10
E5600841,PS51,922,0215,16,10
E5600841,PS52,911,0224,8,10
E5600841,PS71,923,0215,47,10
E5600841,PS71,936,0215,12,10
E5600841,PS71,911,0224,9,10
E5600841,PS71,922,0215,47,10
E5600841,PS72,911,0224,9,10
S2201109,P711,923,0215,22,10
S2201109,P711,936,0215,6,10
S2201109,P711,922,0215,6,10
S2201109,P731,923,0215,46,10
S2201109,P731,936,0215,7,10
S2201109,P731,922,0215,11,10
S2201109,P741,923,0215,58,10
S2201109,P741,936,0215,6,10
S2201109,P741,922,0215,23,10
S2201109,P751,923,0215,48,10
S2201109,P751,936,0215,7,10
S2201109,P751,922,0215,24,10
S2201109,P711,911,0224,15,10
S2201109,P731,911,0224,18,10
S2201109,P741,911,0224,15,10
S2201109,P751,911,0224,15,10
E4900744,P001,911,0230,0,00
E4900744,P002,911,0230,0,00
E4900744,P023,911,0230,0,00
E4900333,P001,911,0224,9,10
E4900333,P002,911,0224,0,00
E4900333,P003,911,0224,0,32
E4900333,P103,911,0224,0,32
E4900333,P021,911,0224,6,10
E4900333,P105,911,0224,9,10
E4900333,P001,922,0215,1,10
E4900333,P002,922,0215,0,00
E4900333,P003,922,0215,0,32
E4900333,P103,922,0215,0,32
E4900333,P021,922,0215,0,10
E4900333,P105,922,0215,47,10
E4900333,P001,923,0215,83,10
E4900333,P002,923,0215,0,00
E4900333,P003,923,0215,0,32
E4900333,P103,923,0215,0,32
E4900333,P021,923,0215,36,10
E4900333,P105,923,0215,69,10
E4900333,P001,936,0215,13,10
E4900333,P002,936,0215,0,00
E4900333,P003,936,0215,0,32
E4900333,P103,936,0215,0,32
E4900333,P021,936,0215,8,10
E4900333,P105,936,0215,10,10
S2300438,P001,911,0230,5,10
E5601197,P002,911,0230,3,10
E5601197,P003,911,0230,3,10
S1602755,P101,911,0230,5,10
S1602755,P201,911,0230,5,10
S1602755,P301,911,0230,5,10
E5600850,PC01,911,0230,0,00
S1901066,P004,911,0230,5,10
S1900710,P015,911,0236,0,00
S1900710,P050,911,0236,4,10
S1900710,P056,911,0236,4,10
S1900710,P060,911,0236,4,10
S1900710,P070,911,0236,6,10
E5600896,P004,911,0218,0,00
E5600896,P005,911,0218,0,00
E5600896,P007,911,0218,5,10
E5600896,P008,911,0218,8,10
E5400878,P010,911,0218,2,10
E5600332,P001,911,0230,4,10
E5600332,P002,911,0230,4,10
E5600332,P003,911,0230,4,10
E5600789,P001,911,0230,3,10
E5600056,P004,911,0236,0,00
E5600056,P006,911,0236,3,10
E5600056,P007,911,0236,0,00
E5600056,P008,911,0236,5,10
E5600056,P009,911,0236,2,10
E5600056,P016,911,0236,5,10
E5600056,P017,911,0236,2,10
E5600056,P018,911,0236,3,10
E5600056,P021,911,0236,2,10
E5600056,P022,911,0236,3,10
E5600056,P023,911,0236,1,10
E5600056,P024,911,0236,4,10
E5002890,P001,911,0230,5,10
E5002890,P002,911,0230,5,10
E5002890,P003,911,0230,0,00
E5600869,P001,911,0230,4,10
S2202553,P001,911,0230,1,10
S2202553,P002,911,0230,1,10
S2202553,P003,911,0230,1,10
S2100223,P015,911,0236,0,10
S1900685,P002,911,0230,12,10
S1900685,P421,911,0230,11,10
S1900685,P411,911,0230,4,10
E5600841,P001,911,0230,5,10
E5600841,P002,911,0230,6,10
E5600841,P003,911,0230,9,10
E5600841,P004,911,0230,6,10
E5600841,P005,911,0230,8,10
E5600841,P006,911,0230,11,10
E5600841,P007,911,0230,13,10
E5600841,P008,911,0230,7,10
E5600841,P009,911,0230,9,10
E5600841,P010,911,0230,6,10
E5600841,PC23,911,0230,10,10
E5600841,PC83,911,0230,13,10
E5600841,PPB1,911,0230,8,10
E5600841,PPC1,911,0230,5,10
E5600841,PR54,911,0230,3,10
E5600841,PR61,911,0230,7,10
E5600841,PR62,911,0230,4,10
E5600841,PS11,911,0230,11,10
E5600841,PS12,911,0230,9,10
E5600841,PS31,911,0230,7,10
E5600841,PS32,911,0230,4,10
E5600841,PS51,911,0230,12,10
E5600841,PS52,911,0230,8,10
E5600841,PS71,911,0230,9,10
E5600841,PS72,911,0230,9,10
E4900744,P001,911,0236,0,00
E4900744,P002,911,0236,0,00
E4900744,P023,911,0236,0,00
E4900333,P001,911,0230,9,10
E4900333,P002,911,0230,0,00
E4900333,P003,911,0230,0,32
E4900333,P103,911,0230,0,32
E4900333,P021,911,0230,6,10
E4900333,P105,911,0230,9,10
S2100223,P015,922,0230,0,10
S2100223,P015,923,0230,0,10
S2100223,P015,924,0230,0,10
S2100223,P015,936,0230,0,10
S2300438,P001,911,0236,5,10
E5601197,P002,911,0236,3,10
E5601197,P003,911,0236,3,10
S1602755,P101,911,0236,5,10
S1602755,P201,911,0236,5,10
S1602755,P301,911,0236,5,10
E5600850,PC01,911,0236,0,00
S1901066,P004,911,0236,5,10
E5600869,P001,911,0236,4,10
S1900710,P015,911,0242,0,00
S1900710,P050,911,0242,4,10
S1900710,P056,911,0242,3,10
S1900710,P060,911,0242,4,10
S1900710,P070,911,0242,6,10
E4900744,P001,923,0230,0,00
E4900744,P023,923,0230,0,00
E4900744,P001,936,0230,0,00
E4900744,P023,936,0230,0,00
E5600896,P004,922,0215,0,00
E5600896,P004,923,0215,0,00
E5600896,P004,936,0215,0,00
E5600896,P005,922,0215,0,00
E5600896,P005,923,0215,0,00
E5600896,P005,936,0215,0,00
E5600896,P007,922,0215,0,10
E5600896,P007,923,0215,70,10
E5600896,P007,936,0215,5,10
E5600896,P008,922,0215,0,10
E5600896,P008,923,0215,64,10
E5600896,P008,936,0215,2,10
E5600896,P004,911,0224,0,00
E5600896,P005,911,0224,0,00
E5600896,P007,911,0224,5,10
E5600896,P008,911,0224,7,10
E5400878,P001,923,0215,21,10
E5400878,P001,936,0215,15,10
E5400878,P002,923,0215,20,10
E5400878,P002,936,0215,15,10
E5400878,P003,923,0215,17,10
E5400878,P003,936,0215,15,10
E5400878,P010,923,0215,18,10
E5400878,P010,936,0215,13,10
E5400878,P010,911,0224,2,10
E5600332,P001,911,0236,4,10
E5600332,P002,911,0236,4,10
E5600332,P003,911,0236,4,10
E5600789,P001,911,0236,3,10
E5600056,P004,911,0242,0,00
E5600056,P006,911,0242,3,10
E5600056,P007,911,0242,0,00
E5600056,P008,911,0242,5,10
E5600056,P009,911,0242,2,10
E5600056,P016,911,0242,5,10
E5600056,P017,911,0242,2,10
E5600056,P018,911,0242,3,10
E5600056,P021,911,0242,2,10
E5600056,P022,911,0242,3,10
E5600056,P023,911,0242,1,10
E5600056,P024,911,0242,4,10
E5002890,P001,911,0236,5,10
E5002890,P002,911,0236,5,10
E5002890,P003,911,0236,0,00
S2202553,P001,911,0236,1,10
S2202553,P002,911,0236,1,10
S2202553,P003,911,0236,1,10
S2100223,P015,911,0242,0,10
S2300401,P011,911,0236,9,10
S2300429,P701,911,0236,0,00
S2300429,PF01,911,0236,10,10
S1900685,P002,911,0236,12,10
S1900685,P421,911,0236,11,10
S1900685,P411,911,0236,4,10
S1602755,P101,922,0230,2,10
S1602755,P201,922,0230,2,10
S1602755,P301,922,0230,2,10
S1602755,P101,923,0230,82,10
S1602755,P201,923,0230,54,10
S1602755,P301,923,0230,70,10
S1602755,P101,924,0230,21,10
S1602755,P201,924,0230,43,10
S1602755,P301,924,0230,2,10
S1602755,P101,926,0230,2,10
S1602755,P201,926,0230,13,10
S1602755,P301,926,0230,7,10
S1602755,P101,936,0230,9,10
S1602755,P201,936,0230,7,10
S1602755,P301,936,0230,9,10
E5600841,P001,911,0236,5,10
E5600841,P002,911,0236,6,10
E5600841,P003,911,0236,9,10
E5600841,P004,911,0236,6,10
E5600841,P005,911,0236,8,10
E5600841,P006,911,0236,11,10
E5600841,P007,911,0236,13,10
E5600841,P008,911,0236,7,10
E5600841,P009,911,0236,9,10
E5600841,P010,911,0236,6,10
E5600841,PC23,911,0236,9,10
E5600841,PC83,911,0236,13,10
E5600841,PPB1,911,0236,8,10
E5600841,PPC1,911,0236,5,10
E5600841,PR54,911,0236,3,10
E5600841,PR61,911,0236,7,10
E5600841,PR62,911,0236,4,10
E5600841,PS11,911,0236,11,10
E5600841,PS12,911,0236,8,10
E5600841,PS31,911,0236,7,10
E5600841,PS32,911,0236,4,10
E5600841,PS51,911,0236,11,10
E5600841,PS52,911,0236,9,10
E5600841,PS71,911,0236,9,10
E5600841,PS72,911,0236,8,10
S2300438,P001,922,0230,0,10
S2300438,P001,923,0230,31,10
S2300438,P001,936,0230,7,10
S2201109,P711,911,0236,15,10
S2201109,P731,911,0236,18,10
S2201109,P741,911,0236,15,10
S2201109,P751,911,0236,15,10
E5600869,P001,922,0230,141,10
E5600869,P001,923,0230,128,10
E5600869,P001,936,0230,6,10
E4900744,P001,911,0242,0,00
E4900744,P002,911,0242,0,00
E4900744,P023,911,0242,0,00
S2300401,P011,911,0230,9,10
S2300401,P011,923,0230,61,10
S2300401,P011,936,0230,7,10
S2300401,P011,922,0230,42,10
S2300429,P701,911,0230,0,00
S2300429,P701,922,0230,0,00
S2300429,P701,923,0230,0,00
S2300429,P701,936,0230,0,00
S2300429,PF01,911,0230,9,10
S2300429,PF01,922,0230,25,10
S2300429,PF01,923,0230,24,10
S2300429,PF01,936,0230,6,10
E5600850,PC01,923,0230,0,00
E5600850,PC01,924,0230,0,00
E5600850,PC01,936,0230,0,00
E5600850,PC01,926,0230,0,00
S1901066,P004,922,0230,229,10
S1901066,P004,923,0230,186,10
S1901066,P004,924,0230,1,10
S1901066,P004,936,0230,4,10
S1901066,P004,937,0230,11,10
E4900333,P001,911,0236,9,10
E4900333,P002,911,0236,0,00
E4900333,P003,911,0236,0,32
E4900333,P103,911,0236,0,32
E4900333,P021,911,0236,6,10
E4900333,P105,911,0236,9,10
E5002890,P001,922,0230,0,10
E5002890,P002,922,0230,0,10
E5002890,P003,922,0230,0,00
E5002890,P001,923,0230,82,10
E5002890,P002,923,0230,92,10
E5002890,P003,923,0230,0,00
E5002890,P001,924,0230,6,10
E5002890,P002,924,0230,3,10
E5002890,P003,924,0230,0,00
E5002890,P001,926,0230,13,10
E5002890,P002,926,0230,9,10
E5002890,P003,926,0230,0,00
E5002890,P001,936,0230,13,10
E5002890,P002,936,0230,12,10
E5002890,P003,936,0230,0,00
E2000554,P003,923,0245,33,10
E2000554,P003,922,0245,14,10
E2000554,P003,936,0245,5,10
S1900710,P070,923,0245,20,10
S1900710,P070,936,0245,8,10
S1900710,P070,922,0245,17,10
S1900710,P015,923,0245,0,00
S1900710,P015,936,0245,0,00
S1900710,P015,922,0245,0,00
S1900710,P050,923,0245,99,10
S1900710,P050,936,0245,5,10
S1900710,P050,922,0245,55,10
S1900710,P056,923,0245,45,10
S1900710,P056,936,0245,4,10
S1900710,P056,922,0245,22,10
S1900710,P060,923,0245,22,10
S1900710,P060,936,0245,5,10
S1900710,P060,922,0245,24,10
S1900685,P421,922,0230,15,10
S1900685,P421,923,0230,72,10
S1900685,P421,936,0230,6,10
S1900685,P411,922,0230,31,10
S1900685,P411,923,0230,66,10
S1900685,P411,936,0230,12,10
S1601990,P001,911,0242,4,10
S1601990,P004,911,0242,4,10
S1601990,P049,911,0242,1,10
S2300438,P001,911,0242,5,10
S2202553,P001,922,0230,13,10
S2202553,P002,922,0230,15,10
S2202553,P003,922,0230,7,10
S2202553,P001,923,0230,81,10
S2202553,P002,923,0230,89,10
S2202553,P003,923,0230,81,10
S2202553,P001,924,0230,3,10
S2202553,P002,924,0230,1,10
S2202553,P003,924,0230,5,10
S2202553,P001,926,0230,23,10
S2202553,P002,926,0230,27,10
S2202553,P003,926,0230,15,10
S2202553,P001,936,0230,10,10
S2202553,P002,936,0230,11,10
S2202553,P003,936,0230,8,10
E5601197,P002,911,0242,3,10
E5601197,P003,911,0242,3,10
S1602755,P101,911,0242,5,10
S1602755,P201,911,0242,5,10
S1602755,P301,911,0242,5,10
E5600841,P001,923,0230,14,10
E5600841,P001,936,0230,4,10
E5600841,P001,922,0230,24,10
E5600841,P002,923,0230,18,10
E5600841,P002,936,0230,4,10
E5600841,P002,922,0230,17,10
E5600841,P003,923,0230,12,10
E5600841,P003,936,0230,5,10
E5600841,P003,922,0230,21,10
E5600841,P004,923,0230,22,10
E5600841,P004,936,0230,3,10
E5600841,P004,922,0230,20,10
E5600841,P005,923,0230,17,10
E5600841,P005,936,0230,3,10
E5600841,P005,922,0230,18,10
E5600841,P006,923,0230,41,10
E5600841,P006,936,0230,6,10
E5600841,P006,922,0230,38,10
E5600841,P007,923,0230,30,10
E5600841,P007,936,0230,5,10
E5600841,P007,922,0230,35,10
E5600841,P008,923,0230,41,10
E5600841,P008,936,0230,9,10
E5600841,P008,922,0230,6,10
E5600841,P009,923,0230,13,10
E5600841,P009,936,0230,7,10
E5600841,P009,922,0230,21,10
E5600841,P010,923,0230,11,10
E5600841,P010,936,0230,6,10
E5600841,P010,922,0230,15,10
E5600841,PC23,923,0230,71,10
E5600841,PC23,936,0230,8,10
E5600841,PC23,922,0230,34,10
E5600841,PC83,923,0230,55,10
E5600841,PC83,936,0230,6,10
E5600841,PC83,922,0230,20,10
E5600841,PPB1,923,0230,9,10
E5600841,PPB1,936,0230,9,10
E5600841,PPB1,922,0230,20,10
E5600841,PPC1,923,0230,15,10
E5600841,PPC1,936,0230,2,10
E5600841,PPC1,922,0230,23,10
E5600841,PR54,923,0230,51,10
E5600841,PR54,936,0230,4,10
E5600841,PR54,922,0230,52,10
E5600841,PR61,923,0230,70,10
E5600841,PR61,936,0230,4,10
E5600841,PR61,922,0230,54,10
E5600841,PR62,923,0230,48,10
E5600841,PR62,936,0230,4,10
E5600841,PR62,922,0230,26,10
E5600841,PS11,923,0230,34,10
E5600841,PS11,936,0230,11,10
E5600841,PS11,922,0230,62,10
E5600841,PS31,923,0230,112,10
E5600841,PS31,936,0230,12,10
E5600841,PS31,922,0230,86,10
E5600841,PS51,923,0230,44,10
E5600841,PS51,936,0230,12,10
E5600841,PS51,922,0230,18,10
E5600841,PS71,923,0230,52,10
E5600841,PS71,936,0230,11,10
E5600841,PS71,922,0230,65,10
S2300429,P701,911,0242,0,00
S2300429,PF01,911,0242,9,10
E5600850,PC01,911,0242,0,00
E4900333,P001,922,0230,1,10
E4900333,P002,922,0230,0,00
E4900333,P003,922,0230,0,32
E4900333,P103,922,0230,0,32
E4900333,P021,922,0230,0,10
E4900333,P105,922,0230,47,10
E4900333,P001,923,0230,83,10
E4900333,P002,923,0230,0,00
E4900333,P003,923,0230,0,32
E4900333,P103,923,0230,0,32
E4900333,P021,923,0230,37,10
E4900333,P105,923,0230,69,10
E4900333,P001,936,0230,13,10
E4900333,P002,936,0230,0,00
E4900333,P003,936,0230,0,32
E4900333,P103,936,0230,0,32
E4900333,P021,936,0230,8,10
E4900333,P105,936,0230,10,10
E5600869,P001,911,0242,4,10
S1900710,P070,911,0248,6,10
S1900710,P015,911,0248,0,00
S1900710,P050,911,0248,4,10
S1900710,P056,911,0248,3,10
S1900710,P060,911,0248,4,10
E5600896,P004,911,0230,0,00
E5600896,P005,911,0230,0,00
E5600896,P007,911,0230,5,10
E5600896,P008,911,0230,7,10
E5400878,P010,911,0230,1,10
E5600332,P001,911,0242,4,10
E5600332,P002,911,0242,4,10
E5600332,P003,911,0242,4,10
S1901066,P004,911,0242,5,10
E5600056,P004,922,0245,0,00
E5600056,P004,923,0245,0,00
E5600056,P004,924,0245,0,00
E5600056,P004,936,0245,0,00
E5600056,P006,922,0245,26,10
E5600056,P006,923,0245,70,10
E5600056,P006,924,0245,0,10
E5600056,P006,936,0245,5,10
E5600056,P007,922,0245,0,00
E5600056,P007,923,0245,0,00
E5600056,P007,924,0245,0,00
E5600056,P007,936,0245,0,00
E5600056,P008,922,0245,44,10
E5600056,P008,923,0245,67,10
E5600056,P008,924,0245,27,10
E5600056,P008,936,0245,5,10
E5600056,P016,922,0245,0,10
E5600056,P016,923,0245,35,10
E5600056,P016,936,0245,12,10
E5600056,P017,922,0245,2,10
E5600056,P017,923,0245,23,10
E5600056,P017,924,0245,0,10
E5600056,P017,936,0245,3,10
E5600056,P018,922,0245,0,10
E5600056,P018,923,0245,16,10
E5600056,P018,924,0245,0,10
E5600056,P018,936,0245,4,10
E5600056,P021,922,0245,0,10
E5600056,P021,923,0245,47,10
E5600056,P021,924,0245,0,10
E5600056,P021,936,0245,4,10
E5600056,P024,922,0245,3,10
E5600056,P024,923,0245,33,10
E5600056,P024,924,0245,2,10
E5600056,P024,936,0245,6,10
E5600056,P034,922,0245,5,10
E5600056,P034,923,0245,57,10
E5600056,P034,936,0245,1,10
E5600789,P001,911,0242,3,10
E5600056,P004,911,0248,0,00
E5600056,P006,911,0248,3,10
E5600056,P007,911,0248,0,00
E5600056,P008,911,0248,6,10
E5600056,P009,911,0248,2,10
E5600056,P016,911,0248,5,10
E5600056,P017,911,0248,2,10
E5600056,P018,911,0248,3,10
E5600056,P021,911,0248,2,10
E5600056,P022,911,0248,3,10
E5600056,P023,911,0248,1,10
E5600056,P024,911,0248,4,10
E5002890,P001,911,0242,5,10
E5002890,P002,911,0242,5,10
E5002890,P003,911,0242,0,00
S2202553,P001,911,0242,1,10
S2202553,P002,911,0242,1,10
S2202553,P003,911,0242,1,10
S2100223,P015,911,0248,0,10
S2300401,P011,911,0242,9,10
S1900685,P002,911,0242,13,10
S1900685,P421,911,0242,10,10
S1900685,P411,911,0242,4,10
S2001314,P004,911,0248,0,00
E5600841,P001,911,0242,5,10
E5600841,P002,911,0242,6,10
E5600841,P003,911,0242,9,10
E5600841,P004,911,0242,6,10
E5600841,P005,911,0242,8,10
E5600841,P006,911,0242,11,10
E5600841,P007,911,0242,13,10
E5600841,P008,911,0242,7,10
E5600841,P009,911,0242,9,10
E5600841,P010,911,0242,6,10
E5600841,PC23,911,0242,10,10
E5600841,PC83,911,0242,13,10
E5600841,PPB1,911,0242,8,10
E5600841,PPC1,911,0242,5,10
E5600841,PR54,911,0242,3,10
E5600841,PR61,911,0242,7,10
E5600841,PR62,911,0242,4,10
E5600841,PS11,911,0242,11,10
E5600841,PS12,911,0242,9,10
E5600841,PS31,911,0242,7,10
E5600841,PS32,911,0242,4,10
E5600841,PS51,911,0242,11,10
E5600841,PS52,911,0242,9,10
E5600841,PS71,911,0242,11,10
E5600841,PS72,911,0242,8,10
E4900744,P001,911,0248,0,00
E4900744,P002,911,0248,0,00
E4900744,P023,911,0248,0,00
S2201109,P711,911,0230,15,10
S2201109,P731,911,0230,18,10
S2201109,P741,911,0230,15,10
S2201109,P751,911,0230,15,10
S2201109,P711,923,0230,21,10
S2201109,P711,936,0230,6,10
S2201109,P711,922,0230,7,10
S2201109,P731,923,0230,44,10
S2201109,P731,936,0230,7,10
S2201109,P731,922,0230,11,10
S2201109,P741,923,0230,56,10
S2201109,P741,936,0230,6,10
S2201109,P741,922,0230,22,10
S2201109,P751,923,0230,48,10
S2201109,P751,936,0230,7,10
S2201109,P751,922,0230,23,10
S2201109,P711,911,0242,15,10
S2201109,P731,911,0242,18,10
S2201109,P741,911,0242,15,10
S2201109,P751,911,0242,15,10
E4900333,P001,911,0242,9,10
E4900333,P002,911,0242,0,00
E4900333,P003,911,0242,0,32
E4900333,P103,911,0242,0,32
E4900333,P021,911,0242,6,10
E4900333,P105,911,0242,9,10
S2300438,P001,911,0248,5,10
E5601197,P002,911,0248,3,10
E5601197,P003,911,0248,3,10
S1602755,P101,911,0248,5,10
S1602755,P201,911,0248,5,10
S1602755,P301,911,0248,5,10
S2300401,P011,911,0248,9,10
S2300429,P701,911,0248,0,00
S2300429,PF01,911,0248,9,10
E5600850,PC01,911,0248,0,00
E5600869,P001,911,0248,4,10
S1900710,P015,911,0254,0,00
S1900710,P050,911,0254,4,10
S1900710,P056,911,0254,3,10
S1900710,P060,911,0254,6,10
S1900710,P070,911,0254,6,10
S1900685,P002,911,0248,12,10
S1900685,P421,911,0248,10,10
S1900685,P411,911,0248,4,10
E5600896,P004,911,0236,0,00
E5600896,P005,911,0236,0,00
E5600896,P007,911,0236,5,10
E5600896,P008,911,0236,7,10
E5400878,P010,911,0236,2,10
E5600332,P001,911,0248,4,10
E5600332,P002,911,0248,4,10
E5600332,P003,911,0248,4,10
S1901066,P004,911,0248,5,10
E5600789,P001,911,0248,3,10
E5600056,P004,911,0254,0,00
E5600056,P006,911,0254,3,10
E5600056,P007,911,0254,0,00
E5600056,P008,911,0254,5,10
E5600056,P009,911,0254,2,10
E5600056,P016,911,0254,5,10
E5600056,P017,911,0254,2,10
E5600056,P018,911,0254,3,10
E5600056,P021,911,0254,2,10
E5600056,P022,911,0254,3,10
E5600056,P023,911,0254,1,10
E5600056,P024,911,0254,4,10
E5002890,P001,911,0248,5,10
E5002890,P002,911,0248,5,10
E5002890,P003,911,0248,0,00
S2202553,P001,911,0248,1,10
S2202553,P002,911,0248,1,10
S2202553,P003,911,0248,1,10
S2100223,P015,911,0254,0,10
S2100223,P015,922,0245,0,10
S2100223,P015,923,0245,0,10
S2100223,P015,924,0245,0,10
S2100223,P015,936,0245,0,10
S2100223,P015,222,0200,0,
S2100223,P015,223,0200,0,
S2100223,P015,224,0200,0,
S2100223,P015,236,0200,0,
S2100223,P015,248,0200,0,
S2100223,P015,259,0200,0,
S2201109,P711,911,0248,15,10
S2201109,P731,911,0248,19,10
S2201109,P741,911,0248,15,10
S2201109,P751,911,0248,15,10
E5600841,P001,911,0248,5,10
E5600841,P002,911,0248,6,10
E5600841,P003,911,0248,9,10
E5600841,P004,911,0248,6,10
E5600841,P005,911,0248,8,10
E5600841,P006,911,0248,11,10
E5600841,P007,911,0248,13,10
E5600841,P008,911,0248,7,10
E5600841,P009,911,0248,9,10
E5600841,P010,911,0248,6,10
E5600841,PC23,911,0248,11,10
E5600841,PC83,911,0248,13,10
E5600841,PPB1,911,0248,8,10
E5600841,PPC1,911,0248,5,10
E5600841,PR54,911,0248,3,10
E5600841,PR61,911,0248,7,10
E5600841,PR62,911,0248,4,10
E5600841,PS11,911,0248,11,10
E5600841,PS12,911,0248,9,10
E5600841,PS31,911,0248,7,10
E5600841,PS32,911,0248,4,10
E5600841,PS51,911,0248,13,10
E5600841,PS52,911,0248,9,10
E5600841,PS71,911,0248,10,10
E5600841,PS72,911,0248,8,10
E4900744,P001,911,0254,0,00
E4900744,P002,911,0254,0,00
E4900744,P023,911,0254,0,00
E4900744,P001,923,0245,0,00
E4900744,P023,923,0245,0,00
E4900744,P001,936,0245,0,00
E4900744,P023,936,0245,0,00
E4900744,P001,223,0200,0,00
E4900744,P023,223,0200,0,00
E4900744,P001,236,0200,0,00
E4900744,P023,236,0200,0,00
E4900744,P001,248,0200,0,00
E4900744,P023,248,0200,0,00
E4900744,P001,259,0200,0,00
E4900744,P023,259,0200,0,00
E5600896,P004,922,0230,0,00
E5600896,P004,923,0230,0,00
E5600896,P004,936,0230,0,00
E5600896,P005,922,0230,0,00
E5600896,P005,923,0230,0,00
E5600896,P005,936,0230,0,00
E5600896,P007,922,0230,0,10
E5600896,P007,923,0230,71,11
E5600896,P007,936,0230,5,10
E5600896,P008,922,0230,0,10
E5600896,P008,923,0230,65,10
E5600896,P008,936,0230,2,10
E5400878,P001,923,0230,21,10
E5400878,P001,936,0230,15,10
E5400878,P002,923,0230,20,10
E5400878,P002,936,0230,15,10
E5400878,P003,923,0230,17,10
E5400878,P003,936,0230,15,10
E5400878,P010,923,0230,18,10
E5400878,P010,936,0230,13,10
E4900333,P001,911,0248,9,10
E4900333,P002,911,0248,0,00
E4900333,P003,911,0248,0,32
E4900333,P103,911,0248,0,32
E4900333,P021,911,0248,6,10
E4900333,P105,911,0248,9,10
S2300438,P001,922,0245,0,10
S2300438,P001,923,0245,32,10
S2300438,P001,936,0245,5,10
S2300438,P001,911,0254,5,10
E5601197,P002,911,0254,3,10
E5601197,P003,911,0254,3,10
S1602755,P101,911,0254,5,10
S1602755,P201,911,0254,5,10
S1602755,P301,911,0254,5,10
S1602755,P101,922,0245,2,10
S1602755,P201,922,0245,1,10
S1602755,P301,922,0245,2,10
S1602755,P101,923,0245,78,10
S1602755,P201,923,0245,54,10
S1602755,P301,923,0245,58,10
S1602755,P101,924,0245,44,10
S1602755,P201,924,0245,34,10
S1602755,P301,924,0245,6,10
S1602755,P101,926,0245,2,10
S1602755,P201,926,0245,15,10
S1602755,P301,926,0245,7,10
S1602755,P101,936,0245,9,10
S1602755,P201,936,0245,8,10
S1602755,P301,936,0245,9,10
S1602755,P101,222,0200,2,10
S1602755,P201,222,0200,1,10
S1602755,P301,222,0200,2,10
S1602755,P101,223,0200,67,10
S1602755,P201,223,0200,55,10
S1602755,P301,223,0200,68,10
S1602755,P101,224,0200,44,10
S1602755,P201,224,0200,35,10
S1602755,P301,224,0200,5,10
S1602755,P101,226,0200,2,10
S1602755,P201,226,0200,12,10
S1602755,P301,226,0200,8,10
S1602755,P101,236,0200,9,10
S1602755,P201,236,0200,7,10
S1602755,P301,236,0200,10,10
S1602755,P101,248,0200,101192,10
S1602755,P201,248,0200,94662,10
S1602755,P301,248,0200,92181,10
S1602755,P101,259,0200,138,10
S1602755,P201,259,0200,134,10
S1602755,P301,259,0200,136,10
S2300401,P011,911,0200,9,10
S2300401,P011,923,0200,60,10
S2300401,P011,936,0200,7,10
S2300401,P011,922,0200,40,10
S2300401,P011,248,0200,169056,10
S2300401,P011,223,0200,60,10
S2300401,P011,236,0200,7,10
S2300401,P011,222,0200,42,10
S2300401,P011,259,0200,52,10
S2300401,P011,923,0245,61,10
S2300401,P011,936,0245,7,10
S2300401,P011,922,0245,43,10
S2300429,P701,922,0245,0,00
S2300429,P701,923,0245,0,00
S2300429,P701,936,0245,0,00
S2300429,PF01,922,0245,26,10
S2300429,PF01,923,0245,25,10
S2300429,PF01,936,0245,6,10
E5600850,PC01,923,0245,0,00
E5600850,PC01,924,0245,0,00
E5600850,PC01,936,0245,0,00
E5600850,PC01,926,0245,0,00
S1901066,P004,922,0245,229,10
S1901066,P004,923,0245,187,10
S1901066,P004,924,0245,1,10
S1901066,P004,936,0245,4,10
S1901066,P004,937,0245,11,10
S2300401,P011,911,0254,9,10
S2300429,P701,911,0254,0,00
S2300429,PF01,911,0254,9,10
E5600850,PC01,911,0254,0,00
E5600789,P001,911,0254,3,10
E5600869,P001,911,0254,4,10
E5600869,P001,922,0245,137,10
E5600869,P001,923,0245,128,10
E5600869,P001,936,0245,7,10
E5600869,P001,222,0200,138,10
E5600869,P001,223,0200,128,10
E5600869,P001,236,0200,7,10
E5600869,P001,248,0200,57826,10
E5600869,P001,259,0200,107,10
S1900710,P015,911,0300,0,00
S1900710,P050,911,0300,4,10
S1900710,P056,911,0300,3,10
S1900710,P060,911,0300,4,10
S1900710,P070,911,0300,6,10
S1900710,P015,923,0300,0,00
S1900710,P015,936,0300,0,00
S1900710,P015,922,0300,0,00
S1900710,P050,923,0300,98,10
S1900710,P050,936,0300,6,10
S1900710,P050,922,0300,55,10
S1900710,P056,923,0300,46,10
S1900710,P056,936,0300,4,10
S1900710,P056,922,0300,22,10
S1900710,P060,923,0300,22,10
S1900710,P060,936,0300,5,10
S1900710,P060,922,0300,24,10
S1900710,P070,923,0300,18,10
S1900710,P070,936,0300,8,10
S1900710,P070,922,0300,17,10
S1900710,P015,248,0300,0,00
S1900710,P015,223,0300,0,00
S1900710,P015,236,0300,0,00
S1900710,P015,222,0300,0,00
S1900710,P015,259,0300,0,00
S1900710,P050,248,0300,67464,10
S1900710,P050,223,0300,99,10
S1900710,P050,236,0300,5,10
S1900710,P050,222,0300,56,10
S1900710,P050,259,0300,136,10
S1900710,P056,248,0300,172800,10
S1900710,P056,223,0300,45,10
S1900710,P056,236,0300,4,10
S1900710,P056,222,0300,22,10
S1900710,P056,259,0300,126,10
S1900710,P060,248,0300,159732,10
S1900710,P060,223,0300,22,10
S1900710,P060,236,0300,5,10
S1900710,P060,222,0300,24,10
S1900710,P060,259,0300,123,10
S1900710,P070,248,0300,164592,10
S1900710,P070,223,0300,20,10
S1900710,P070,236,0300,8,10
S1900710,P070,222,0300,17,10
S1900710,P070,259,0300,85,10
S1900685,P002,911,0254,12,10
S1900685,P421,911,0254,12,10
S1900685,P421,922,0245,13,10
S1900685,P421,923,0245,74,10
S1900685,P421,936,0245,6,10
S1900685,P421,222,0200,17,10
S1900685,P421,223,0200,69,10
S1900685,P421,236,0200,6,10
S1900685,P421,248,0200,303681,10
S1900685,P421,259,0200,51,10
S1900685,P411,911,0254,4,10
S1900685,P411,222,0200,31,10
S1900685,P411,922,0245,32,10
S1900685,P411,223,0200,65,10
S1900685,P411,923,0245,66,10
S1900685,P411,236,0200,12,10
S1900685,P411,936,0245,12,10
S1900685,P411,248,0200,17820,10
S1900685,P411,259,0200,128,10
S1601990,P001,911,0254,4,10
S1601990,P004,911,0254,5,10
S1601990,P049,911,0254,1,10
E5600896,P004,911,0242,0,00
E5600896,P005,911,0242,0,00
E5600896,P007,911,0242,5,10
E5600896,P008,911,0242,7,10
E5400878,P010,911,0242,2,10
E5600332,P001,911,0254,4,10
E5600332,P002,911,0254,4,10
E5600332,P003,911,0254,4,10
S1901066,P004,911,0254,5,10
E5600056,P004,911,0300,0,00
E5600056,P006,911,0300,3,10
E5600056,P007,911,0300,0,00
E5600056,P008,911,0300,5,10
E5600056,P009,911,0300,2,10
E5600056,P016,911,0300,5,10
E5600056,P017,911,0300,2,10
E5600056,P018,911,0300,3,10
E5600056,P021,911,0300,2,10
E5600056,P022,911,0300,3,10
E5600056,P023,911,0300,1,10
E5600056,P024,911,0300,4,10
E5600056,P004,922,0300,0,00
E5600056,P004,923,0300,0,00
E5600056,P004,924,0300,0,00
E5600056,P004,936,0300,0,00
E5600056,P006,922,0300,25,10
E5600056,P006,923,0300,69,10
E5600056,P006,924,0300,0,10
E5600056,P006,936,0300,5,10
E5600056,P007,922,0300,0,00
E5600056,P007,923,0300,0,00
E5600056,P007,924,0300,0,00
E5600056,P007,936,0300,0,00
E5600056,P008,922,0300,43,10
E5600056,P008,923,0300,67,10
E5600056,P008,924,0300,25,10
E5600056,P008,936,0300,5,10
E5600056,P016,922,0300,0,10
E5600056,P016,923,0300,36,10
E5600056,P016,936,0300,12,10
E5600056,P017,922,0300,2,10
E5600056,P017,923,0300,23,10
E5600056,P017,924,0300,0,10
E5600056,P017,936,0300,3,10
E5600056,P018,922,0300,0,10
E5600056,P018,923,0300,16,10
E5600056,P018,936,0300,4,10
E5600056,P021,922,0300,0,10
E5600056,P021,923,0300,47,10
E5600056,P021,936,0300,4,10
E5600056,P024,922,0300,3,10
E5600056,P024,923,0300,31,10
E5600056,P024,924,0300,2,10
E5600056,P024,936,0300,6,10
E5600056,P034,923,0300,58,10
E5600056,P034,936,0300,1,10
E5600056,P004,222,0300,0,00
E5600056,P004,223,0300,0,00
E5600056,P004,224,0300,0,00
E5600056,P004,236,0300,0,00
E5600056,P004,248,0300,0,00
E5600056,P004,259,0300,0,00
E5600056,P006,222,0300,24,10
E5600056,P006,223,0300,69,10
E5600056,P006,224,0300,0,10
E5600056,P006,236,0300,5,10
E5002890,P001,911,0254,5,10
E5002890,P002,911,0254,6,10
E5002890,P003,911,0254,0,00
E5002890,P001,922,0245,0,10
E5002890,P002,922,0245,0,10
E5002890,P003,922,0245,0,00
E5002890,P001,923,0245,109,10
E5002890,P002,923,0245,93,10
E5002890,P003,923,0245,0,00
E5002890,P001,924,0245,11,10
E5002890,P002,924,0245,3,10
E5002890,P003,924,0245,0,00
E5002890,P001,926,0245,10,10
E5002890,P002,926,0245,5,10
E5002890,P003,926,0245,0,00
E5002890,P001,936,0245,13,10
E5002890,P002,936,0245,11,10
E5002890,P003,936,0245,0,00
E5002890,P001,222,0200,0,10
E5002890,P002,222,0200,0,10
E5002890,P003,222,0200,0,00
E5002890,P001,223,0200,99,10
E5002890,P002,223,0200,95,10
E5002890,P003,223,0200,0,00
E5002890,P001,224,0200,6,10
E5002890,P002,224,0200,3,10
E5002890,P003,224,0200,0,00
E5002890,P001,226,0200,14,10
E5002890,P002,226,0200,9,10
E5002890,P003,226,0200,0,00
E5002890,P001,236,0200,13,10
E5002890,P002,236,0200,12,10
E5002890,P003,236,0200,0,00
E5002890,P001,248,0200,53477,10
E5002890,P002,248,0200,67750,10
E5002890,P003,248,0200,0,00
E5002890,P001,259,0200,167,10
E5002890,P002,259,0200,160,10
E5002890,P003,259,0200,0,00
S2202553,P001,911,0254,1,10
S2202553,P002,911,0254,1,10
S2202553,P003,911,0254,1,10
S2202553,P001,922,0245,19,10
S2202553,P002,922,0245,10,10
S2202553,P003,922,0245,8,10
S2202553,P001,923,0245,86,10
S2202553,P002,923,0245,86,10
S2202553,P003,923,0245,85,10
S2202553,P001,924,0245,4,10
S2202553,P002,924,0245,1,10
S2202553,P003,924,0245,7,10
S2202553,P001,926,0245,38,11
S2202553,P002,926,0245,17,10
S2202553,P003,926,0245,14,10
S2202553,P001,936,0245,10,10
S2202553,P002,936,0245,10,10
S2202553,P003,936,0245,7,10
S2202553,P001,222,0200,12,10
S2202553,P002,222,0200,14,10
S2202553,P003,222,0200,7,10
S2202553,P001,223,0200,88,10
S2202553,P002,223,0200,86,10
S2202553,P003,223,0200,82,10
S2202553,P001,224,0200,3,10
S2202553,P002,224,0200,1,10
S2202553,P003,224,0200,7,10
S2202553,P001,226,0200,20,10
S2202553,P002,226,0200,24,10
S2202553,P003,226,0200,18,10
S2202553,P001,236,0200,10,10
S2202553,P002,236,0200,10,10
S2202553,P003,236,0200,8,10
S2202553,P001,248,0200,113664,10
S2202553,P002,248,0200,113623,10
S2202553,P003,248,0200,118487,10
S2202553,P001,259,0200,140,10
S2202553,P002,259,0200,136,10
S2202553,P003,259,0200,149,10
S2100223,P015,911,0300,0,10
S2201109,P711,923,0245,21,10
S2201109,P711,936,0245,6,10
S2201109,P711,922,0245,8,10
S2201109,P731,923,0245,44,10
S2201109,P731,936,0245,7,10
S2201109,P731,922,0245,11,10
S2201109,P741,923,0245,52,10
S2201109,P741,936,0245,6,10
S2201109,P741,922,0245,21,10
S2201109,P751,923,0245,48,10
S2201109,P751,936,0245,7,10
S2201109,P751,922,0245,24,10
S2201109,P711,911,0254,15,10
S2201109,P731,911,0254,18,10
S2201109,P741,911,0254,15,10
S2201109,P751,911,0254,15,10
E4900744,P001,911,0300,0,00
E4900744,P002,911,0300,0,00
E4900744,P023,911,0300,0,00
E4900333,P001,911,0254,9,10
E4900333,P002,911,0254,0,00
E4900333,P003,911,0254,0,32
E4900333,P103,911,0254,0,32
E4900333,P021,911,0254,6,10
E4900333,P105,911,0254,9,10
E4900333,P001,922,0245,1,10
E4900333,P002,922,0245,0,00
E4900333,P003,922,0245,0,32
E4900333,P103,922,0245,0,32
E4900333,P021,922,0245,0,10
E4900333,P105,922,0245,46,10
E4900333,P001,923,0245,82,10
E4900333,P002,923,0245,0,00
E4900333,P003,923,0245,0,32
E4900333,P103,923,0245,0,32
E4900333,P021,923,0245,36,10
E4900333,P105,923,0245,67,10
E4900333,P001,936,0245,13,10
E4900333,P002,936,0245,0,00
E4900333,P003,936,0245,0,32
E4900333,P103,936,0245,0,32
E4900333,P021,936,0245,8,10
E4900333,P105,936,0245,10,10
E4900333,P001,259,0200,87,10
E4900333,P002,259,0200,0,00
E4900333,P003,259,0200,0,32
E4900333,P103,259,0200,0,32
E4900333,P021,259,0200,126,10
E4900333,P105,259,0200,167,10
E4900333,P001,222,0200,1,10
E4900333,P002,222,0200,0,00
E4900333,P003,222,0200,0,32
E4900333,P103,222,0200,0,32
E4900333,P021,222,0200,0,10
E4900333,P105,222,0200,47,10
E4900333,P001,223,0200,82,10
E4900333,P002,223,0200,0,00
E4900333,P003,223,0200,0,32
E4900333,P103,223,0200,0,32
E4900333,P021,223,0200,36,10
E4900333,P105,223,0200,69,10
E4900333,P001,236,0200,13,10
E4900333,P002,236,0200,0,00
E4900333,P003,236,0200,0,32
E4900333,P103,236,0200,0,32
E4900333,P021,236,0200,8,10
E4900333,P105,236,0200,10,10
E4900333,P001,248,0200,41404,10
E4900333,P002,248,0200,0,00
E4900333,P003,248,0200,0,32
E4900333,P103,248,0200,0,32
E4900333,P021,248,0200,101930,10
E4900333,P105,248,0200,169591,10
E5600332,P001,911,0300,4,10
E5600332,P002,911,0300,4,10
E5600332,P003,911,0300,4,10
S2300438,P001,911,0300,5,10
E5601197,P002,911,0300,3,10
E5601197,P003,911,0300,3,10
S1602755,P101,911,0300,5,10
S1602755,P201,911,0300,5,10
S1602755,P301,911,0300,5,10
E5600841,P001,248,0200,208110,10
E5600841,P001,923,0245,15,10
E5600841,P001,223,0200,15,10
E5600841,P001,936,0245,5,10
E5600841,P001,236,0200,4,10
E5600841,P001,911,0254,5,10
E5600841,P001,922,0245,25,10
E5600841,P001,222,0200,24,10
E5600841,P001,259,0200,173,10
E5600841,P002,248,0200,232485,10
E5600841,P002,923,0245,18,10
E5600841,P002,223,0200,18,10
E5600841,P002,936,0245,4,10
E5600841,P002,236,0200,4,10
E5600841,P002,911,0254,6,10
E5600841,P002,922,0245,18,10
E5600841,P002,222,0200,17,10
E5600841,P002,259,0200,172,10
E5600841,P003,248,0200,192756,10
E5600841,P003,923,0245,13,10
E5600841,P003,223,0200,13,10
E5600841,P003,936,0245,5,10
E5600841,P003,236,0200,5,10
E5600841,P003,911,0254,9,10
E5600841,P003,922,0245,22,10
E5600841,P003,222,0200,22,10
E5600841,P003,259,0200,170,10
E5600841,P004,248,0200,173472,10
E5600841,P004,923,0245,23,10
E5600841,P004,223,0200,22,10
E5600841,P004,936,0245,4,10
E5600841,P004,236,0200,4,10
E5600841,P004,911,0254,6,10
E5600841,P004,922,0245,21,10
E5600841,P004,222,0200,20,10
E5600841,P004,259,0200,185,10
E5600841,P005,248,0200,193791,10
E5600841,P005,923,0245,17,10
E5600841,P005,223,0200,17,10
E5600841,P005,936,0245,4,10
E5600841,P005,236,0200,4,10
E5600841,P005,911,0254,8,10
E5600841,P005,922,0245,20,10
E5600841,P005,222,0200,19,10
E5600841,P005,259,0200,193,10
E5600841,P006,248,0200,171474,10
E5600841,P006,923,0245,42,10
E5600841,P006,223,0200,39,10
E5600841,P006,936,0245,6,10
E5600841,P006,236,0200,6,10
E5600841,P006,911,0254,11,10
E5600841,P006,922,0245,38,10
E5600841,P006,222,0200,37,10
E5600841,P006,259,0200,119,10
E5600841,P007,248,0200,189757,10
E5600841,P007,923,0245,31,10
E5600841,P007,223,0200,42,10
E5600841,P007,936,0245,6,10
E5600841,P007,236,0200,6,10
E5600841,P007,911,0254,13,10
E5600841,P007,922,0245,34,10
E5600841,P007,222,0200,38,10
E5600841,P007,259,0200,138,10
E5600841,P008,248,0200,158968,10
E5600841,P008,923,0245,54,10
E5600841,P008,223,0200,41,10
E5600841,P008,936,0245,9,10
E5600841,P008,236,0200,9,10
E5600841,P008,911,0254,7,10
E5600841,P008,922,0245,5,10
E5600841,P008,222,0200,5,10
E5600841,P008,259,0200,48,10
E5600841,P009,248,0200,265951,10
E5600841,P009,923,0245,11,10
E5600841,P009,223,0200,12,10
E5600841,P009,936,0245,6,10
E5600841,P009,236,0200,6,10
E5600841,P009,911,0254,9,10
E5600841,P009,922,0245,21,10
E5600841,P009,222,0200,22,10
E5600841,P009,259,0200,116,10
E5600841,P010,248,0200,323563,10
E5600841,P010,923,0245,10,10
E5600841,P010,223,0200,11,10
E5600841,P010,936,0245,6,10
E5600841,P010,236,0200,6,10
E5600841,P010,911,0254,6,10
E5600841,P010,922,0245,16,10
E5600841,P010,222,0200,16,10
E5600841,P010,259,0200,102,10
E5600841,PC23,248,0200,33642,10
E5600841,PC23,923,0245,59,10
E5600841,PC23,223,0200,66,10
E5600841,PC23,936,0245,8,10
E5600841,PC23,236,0200,8,10
E5600841,PC23,911,0254,9,10
E5600841,PC23,922,0245,31,10
E5600841,PC23,222,0200,31,10
E5600841,PC23,259,0200,156,10
E5600841,PC83,248,0200,199307,10
E5600841,PC83,923,0245,55,10
E5600841,PC83,223,0200,55,10
E5600841,PC83,936,0245,7,10
E5600841,PC83,236,0200,7,10
E5600841,PC83,911,0254,13,10
E5600841,PC83,922,0245,19,10
E5600841,PC83,222,0200,19,10
E5600841,PC83,259,0200,170,10
E5600841,PPB1,248,0200,197467,10
E5600841,PPB1,923,0245,7,10
E5600841,PPB1,223,0200,8,10
E5600841,PPB1,936,0245,7,10
E5600841,PPB1,236,0200,8,10
E5600841,PPB1,911,0254,8,10
E5600841,PPB1,922,0245,19,10
E5600841,PPB1,222,0200,20,10
E5600841,PPB1,259,0200,130,10
E5600841,PPC1,248,0200,648845,10
E5600841,PPC1,923,0245,17,10
E5600841,PPC1,223,0200,16,10
E5600841,PPC1,936,0245,2,10
E5600841,PPC1,236,0200,2,10
E5600841,PPC1,911,0254,5,10
E5600841,PPC1,922,0245,23,10
E5600841,PPC1,222,0200,22,10
E5600841,PPC1,259,0200,129,10
E5600841,PR54,248,0200,47053,10
E5600841,PR54,923,0245,49,10
E5600841,PR54,223,0200,50,10
E5600841,PR54,936,0245,3,10
E5600841,PR54,236,0200,4,10
E5600841,PR54,911,0254,3,10
E5600841,PR54,922,0245,59,10
E5600841,PR54,222,0200,51,10
E5600841,PR54,259,0200,213,10
E5600841,PR61,248,0200,138147,10
E5600841,PR61,923,0245,71,10
E5600841,PR61,223,0200,72,10
E5600841,PR61,936,0245,4,10
E5600841,PR61,236,0200,4,10
E5600841,PR61,911,0254,7,10
E5600841,PR61,922,0245,53,10
E5600841,PR61,222,0200,54,10
E5600841,PR61,259,0200,313,10
E5600841,PR62,248,0200,92229,10
E5600841,PR62,923,0245,50,10
E5600841,PR62,223,0200,49,10
E5600841,PR62,936,0245,4,10
E5600841,PR62,236,0200,4,10
E5600841,PR62,911,0254,4,10
E5600841,PR62,922,0245,23,10
E5600841,PR62,222,0200,25,10
E5600841,PR62,259,0200,305,10
E5600841,PS11,248,0200,815043,10
E5600841,PS11,923,0245,34,10
E5600841,PS11,223,0200,34,10
E5600841,PS11,936,0245,11,10
E5600841,PS11,236,0200,11,10
E5600841,PS11,911,0254,11,10
E5600841,PS11,922,0245,65,10
E5600841,PS11,222,0200,63,10
E5600841,PS11,259,0200,165,10
E5600841,PS12,911,0254,10,10
E5600841,PS31,248,0200,726928,10
E5600841,PS31,923,0245,111,10
E5600841,PS31,223,0200,114,10
E5600841,PS31,936,0245,12,10
E5600841,PS31,236,0200,12,10
E5600841,PS31,911,0254,7,10
E5600841,PS31,922,0245,83,10
E5600841,PS31,222,0200,84,10
E5600841,PS31,259,0200,123,10
E5600841,PS32,911,0254,4,10
E5600841,PS51,248,0200,876119,10
E5600841,PS51,923,0245,42,10
E5600841,PS51,223,0200,43,10
E5600841,PS51,936,0245,12,10
E5600841,PS51,236,0200,12,10
E5600841,PS51,911,0254,13,10
E5600841,PS51,922,0245,17,10
E5600841,PS51,222,0200,17,10
E5600841,PS51,259,0200,136,10
E5600841,PS52,911,0254,9,10
E5600841,PS71,248,0200,1398629,10
E5600841,PS71,923,0245,52,10
E5600841,PS71,223,0200,50,10
E5600841,PS71,936,0245,12,10
E5600841,PS71,236,0200,12,10
E5600841,PS71,911,0254,10,10
E5600841,PS71,922,0245,63,10
E5600841,PS71,222,0200,61,10
E5600841,PS71,259,0200,179,10
E5600841,PS72,911,0254,9,10
E5600850,PC01,911,0300,0,00
S1901066,P004,911,0300,5,10
E5600789,P001,911,0300,3,10
E5600869,P001,911,0300,4,10
S1900710,P015,911,0306,0,00
S1900710,P050,911,0306,4,10
S1900710,P056,911,0306,4,10
S1900710,P060,911,0306,6,10
S1900710,P070,911,0306,6,10
S1900685,P002,911,0300,12,10
S1900685,P421,911,0300,10,10
S1900685,P411,911,0300,4,10
E5600896,P004,911,0248,0,00
E5600896,P005,911,0248,0,00
E5600896,P007,911,0248,5,10
E5600896,P008,911,0248,7,10
E5400878,P010,911,0248,2,10
E5600056,P004,911,0306,0,00
E5600056,P006,911,0306,3,10
E5600056,P007,911,0306,0,00
E5600056,P008,911,0306,6,10
E5600056,P009,911,0306,3,10
E5600056,P016,911,0306,5,10
E5600056,P017,911,0306,2,10
E5600056,P018,911,0306,3,10
E5600056,P021,911,0306,3,10
E5600056,P022,911,0306,3,10
E5600056,P023,911,0306,1,10
E5600056,P024,911,0306,4,10
E5002890,P001,911,0300,5,10
E5002890,P002,911,0300,6,10
E5002890,P003,911,0300,0,00
S2202553,P001,911,0300,1,10
S2202553,P002,911,0300,1,10
S2202553,P003,911,0300,1,10
S2100223,P015,911,0306,0,10
E5600841,P001,911,0300,5,10
E5600841,P002,911,0300,6,10
E5600841,P003,911,0300,9,10
E5600841,P004,911,0300,6,10
E5600841,P005,911,0300,8,10
E5600841,P006,911,0300,11,10
E5600841,P007,911,0300,13,10
E5600841,P008,911,0300,7,10
E5600841,P009,911,0300,9,10
E5600841,P010,911,0300,6,10
E5600841,PC23,911,0300,10,10
E5600841,PC83,911,0300,13,10
E5600841,PPB1,911,0300,8,10
E5600841,PPC1,911,0300,5,10
E5600841,PR54,911,0300,3,10
E5600841,PR61,911,0300,7,10
E5600841,PR62,911,0300,4,10
E5600841,PS11,911,0300,11,10
E5600841,PS12,911,0300,9,10
E5600841,PS31,911,0300,7,10
E5600841,PS32,911,0300,4,10
E5600841,PS51,911,0300,13,10
E5600841,PS52,911,0300,9,10
E5600841,PS71,911,0300,9,10
E5600841,PS72,911,0300,9,10
E4900744,P001,911,0306,0,00
E4900744,P002,911,0306,0,00
E4900744,P023,911,0306,0,00
S2100223,P015,922,0300,0,10
S2100223,P015,923,0300,0,10
S2100223,P015,924,0300,0,10
S2100223,P015,936,0300,0,10
E4900333,P001,911,0300,9,10
E4900333,P002,911,0300,0,00
E4900333,P003,911,0300,0,32
E4900333,P103,911,0300,0,32
E4900333,P021,911,0300,6,10
E4900333,P105,911,0300,10,10
E5600332,P001,911,0306,4,10
E5600332,P002,911,0306,4,10
E5600332,P003,911,0306,4,10
S2300438,P001,911,0306,5,10
E5601197,P002,911,0306,3,10
E5601197,P003,911,0306,3,10
S1602755,P101,911,0306,5,10
S1602755,P201,911,0306,5,10
S1602755,P301,911,0306,5,10
S2300401,P011,911,0306,9,10
S2300429,P701,911,0306,0,00
S2300429,PF01,911,0306,9,10
S1901066,P004,911,0306,5,10
E5600789,P001,911,0306,3,10
E5600056,P004,911,0312,0,00
E5600056,P006,911,0312,3,10
E5600056,P007,911,0312,0,00
E5600056,P008,911,0312,5,10
E5600056,P009,911,0312,3,10
E5600056,P016,911,0312,4,10
E5600056,P017,911,0312,2,10
E5600056,P018,911,0312,3,10
E5600056,P021,911,0312,2,10
E5600056,P022,911,0312,3,10
E5600056,P023,911,0312,1,10
E5600056,P024,911,0312,4,10
E5600869,P001,911,0306,4,10
S1900710,P015,911,0312,0,00
S1900710,P050,911,0312,4,10
S1900710,P056,911,0312,5,10
S1900710,P060,911,0312,5,10
S1900710,P070,911,0312,6,10
S1900685,P002,911,0306,13,10
S1900685,P421,911,0306,10,10
S1900685,P411,911,0306,4,10
E4900744,P001,923,0300,0,00
E4900744,P023,923,0300,0,00
E4900744,P001,936,0300,0,00
E4900744,P023,936,0300,0,00
E5600896,P004,222,0200,0,00
E5600896,P004,223,0200,0,00
E5600896,P004,236,0200,0,00
E5600896,P004,248,0200,0,00
E5600896,P004,259,0200,0,00
E5600896,P005,222,0200,0,00
E5600896,P005,223,0200,0,00
E5600896,P005,236,0200,0,00
E5600896,P005,248,0200,0,00
E5600896,P005,259,0200,0,00
E5600896,P007,222,0200,0,10
E5600896,P007,223,0200,70,11
E5600896,P007,236,0200,5,10
E5600896,P007,248,0200,1475987,10
E5600896,P007,259,0200,157,10
E5600896,P008,222,0200,0,10
E5600896,P008,223,0200,64,10
E5600896,P008,236,0200,2,10
E5600896,P008,248,0200,1884613,10
E5600896,P008,259,0200,133,10
E5600841,P006,911,0342,11,10
E5600841,P007,911,0342,13,10
E5600841,P008,911,0342,7,10
E5600841,P009,911,0342,9,10
E5600841,P010,911,0342,6,10
E5600841,PC23,911,0342,9,10
E5600841,PC83,911,0342,13,10
E5600841,PPB1,911,0342,8,10
E5600841,PPC1,911,0342,5,10
E5600841,PR54,911,0342,3,10
E5600841,PR61,911,0342,7,10
E5600841,PR62,911,0342,4,10
E5600841,PS11,911,0342,11,10
E5600841,PS12,911,0342,7,10
E5600841,PS31,911,0342,8,10
E5600841,PS32,911,0342,4,10
E5600841,PS51,911,0342,11,10
E5600841,PS52,911,0342,8,10
E5600841,PS71,911,0342,10,10
E5600841,PS72,911,0342,9,10
E4900744,P001,911,0348,0,00
E4900744,P002,911,0348,0,00
E4900744,P023,911,0348,0,00
E4900333,P001,911,0342,9,10
E4900333,P002,911,0342,0,00
E4900333,P003,911,0342,0,32
E4900333,P103,911,0342,0,32
E4900333,P021,911,0342,6,10
E4900333,P105,911,0342,9,10
S1602755,P101,911,0348,5,10
S1602755,P201,911,0348,5,10
S1602755,P301,911,0348,5,10
E5601197,P002,911,0348,3,10
E5601197,P003,911,0348,3,10
E5400878,P010,911,0336,2,10
E5600332,P001,911,0348,4,10
E5600332,P002,911,0348,4,10
E5600332,P003,911,0348,4,10
S2300438,P001,911,0348,5,10
E5600789,P001,911,0348,3,10
E5002890,P001,911,0348,5,10
E5002890,P002,911,0348,5,10
E5002890,P003,911,0348,0,00
E5600869,P001,911,0348,4,10
S2202553,P001,911,0348,1,10
S2202553,P002,911,0348,1,10
S2202553,P003,911,0348,1,10
S2001314,P004,911,0354,0,00
S2100223,P015,911,0354,0,10
S2100223,P015,922,0345,0,10
S2100223,P015,923,0345,0,10
S2100223,P015,924,0345,0,10
S2100223,P015,936,0345,0,10
S2100223,P015,222,0300,0,
S2100223,P015,223,0300,0,
S2100223,P015,224,0300,0,
S2100223,P015,236,0300,0,
S2100223,P015,248,0300,0,
S2100223,P015,259,0300,0,
S2201109,P711,911,0348,15,10
S2201109,P731,911,0348,19,10
S2201109,P741,911,0348,15,10
S2201109,P751,911,0348,15,10
S2300401,P011,911,0348,9,10
S2300429,P701,911,0348,0,00
S2300429,PF01,911,0348,8,10
S1901066,P004,911,0348,5,10
E5600056,P004,911,0354,0,00
E5600056,P006,911,0354,3,10
E5600056,P007,911,0354,0,00
E5600056,P008,911,0354,6,10
E5600056,P009,911,0354,2,10
E5600056,P016,911,0354,4,10
E5600056,P017,911,0354,2,10
E5600056,P018,911,0354,3,10
E5600056,P021,911,0354,2,10
E5600056,P022,911,0354,3,10
E5600056,P023,911,0354,1,10
E5600056,P024,911,0354,4,10
S1900710,P015,911,0354,0,00
S1900710,P050,911,0354,4,10
S1900710,P056,911,0354,4,10
S1900710,P060,911,0354,4,10
S1900710,P070,911,0354,5,10
S1900685,P002,911,0348,12,10
S1900685,P421,911,0348,11,10
S1900685,P411,911,0348,4,10
E5600841,P001,911,0348,5,10
E5600841,P002,911,0348,6,10
E5600841,P003,911,0348,9,10
E5600841,P004,911,0348,6,10
E5600841,P005,911,0348,8,10
E5600841,P006,911,0348,11,10
E5600841,P007,911,0348,13,10
E5600841,P008,911,0348,7,10
E5600841,P009,911,0348,9,10
E5600841,P010,911,0348,6,10
E5600841,PC23,911,0348,10,10
E5600841,PC83,911,0348,13,10
E5600841,PPB1,911,0348,8,10
E5600841,PPC1,911,0348,5,10
E5600841,PR54,911,0348,3,10
E5600841,PR61,911,0348,7,10
E5600841,PR62,911,0348,4,10
E5600841,PS11,911,0348,11,10
E5600841,PS12,911,0348,8,10
E5600841,PS31,911,0348,7,10
E5600841,PS32,911,0348,4,10
E5600841,PS51,911,0348,11,10
E5600841,PS52,911,0348,9,10
E5600841,PS71,911,0348,10,10
E5600841,PS72,911,0348,9,10
E4900744,P001,911,0354,0,00
E4900744,P002,911,0354,0,00
E4900744,P023,911,0354,0,00
E4900744,P001,923,0345,0,00
E4900744,P023,923,0345,0,00
E4900744,P001,936,0345,0,00
E4900744,P023,936,0345,0,00
E4900744,P001,223,0300,0,00
E4900744,P023,223,0300,0,00
E4900744,P001,236,0300,0,00
E4900744,P023,236,0300,0,00
E4900744,P001,248,0300,0,00
E4900744,P023,248,0300,0,00
E4900744,P001,259,0300,0,00
E4900744,P023,259,0300,0,00
E5400878,P001,923,0330,21,10
E5400878,P001,936,0330,15,10
E5400878,P002,923,0330,19,10
E5400878,P002,936,0330,14,10
E5400878,P003,923,0330,17,10
E5400878,P003,936,0330,15,10
E5400878,P010,923,0330,18,10
E5400878,P010,936,0330,13,10
S2300438,P001,922,0345,0,10
S2300438,P001,923,0345,36,10
S2300438,P001,936,0345,6,10
E4900333,P001,911,0348,9,10
E4900333,P002,911,0348,0,00
E4900333,P003,911,0348,0,32
E4900333,P103,911,0348,0,32
E4900333,P021,911,0348,6,10
E4900333,P105,911,0348,9,10
S2300438,P001,911,0354,5,10
S1602755,P101,911,0354,5,10
S1602755,P201,911,0354,6,10
S1602755,P301,911,0354,5,10
S1602755,P101,922,0345,2,10
S1602755,P201,922,0345,2,10
S1602755,P301,922,0345,1,10
S1602755,P101,923,0345,65,10
S1602755,P201,923,0345,68,10
S1602755,P301,923,0345,51,10
S1602755,P101,924,0345,12,10
S1602755,P201,924,0345,6,10
S1602755,P301,924,0345,17,10
S1602755,P101,926,0345,5,10
S1602755,P201,926,0345,9,10
S1602755,P301,926,0345,9,10
S1602755,P101,936,0345,10,10
S1602755,P201,936,0345,9,10
S1602755,P301,936,0345,8,10
S1602755,P101,222,0300,2,10
S1602755,P201,222,0300,1,10
S1602755,P301,222,0300,2,10
S1602755,P101,223,0300,72,10
S1602755,P201,223,0300,58,10
S1602755,P301,223,0300,62,10
S1602755,P101,224,0300,17,10
S1602755,P201,224,0300,43,10
S1602755,P301,224,0300,9,10
S1602755,P101,226,0300,4,10
S1602755,P201,226,0300,14,10
S1602755,P301,226,0300,8,10
S1602755,P101,236,0300,9,10
S1602755,P201,236,0300,8,10
S1602755,P301,236,0300,9,10
S1602755,P101,248,0300,100240,10
S1602755,P201,248,0300,87665,10
S1602755,P301,248,0300,96862,10
S1602755,P101,259,0300,137,10
S1602755,P201,259,0300,135,10
S1602755,P301,259,0300,136,10
E5601197,P002,911,0354,3,10
E5601197,P003,911,0354,3,10
E5400878,P010,911,0342,2,10
E5600332,P001,911,0354,4,10
E5600332,P002,911,0354,4,10
E5600332,P003,911,0354,4,10
E5600789,P001,911,0354,3,10
E5002890,P001,911,0354,5,10
E5002890,P002,911,0354,5,10
E5002890,P003,911,0354,0,00
E5002890,P001,922,0345,0,10
E5002890,P002,922,0345,0,10
E5002890,P003,922,0345,0,00
E5002890,P001,923,0345,108,10
E5002890,P002,923,0345,114,10
E5002890,P003,923,0345,0,00
E5002890,P001,924,0345,3,10
E5002890,P002,924,0345,5,10
E5002890,P003,924,0345,0,00
E5002890,P001,926,0345,15,10
E5002890,P002,926,0345,6,10
E5002890,P003,926,0345,0,00
E5002890,P001,936,0345,12,10
E5002890,P002,936,0345,12,10
E5002890,P003,936,0345,0,00
E5002890,P001,222,0300,0,10
E5002890,P002,222,0300,1,10
E5002890,P003,222,0300,0,00
E5002890,P001,223,0300,103,10
E5002890,P002,223,0300,111,10
E5002890,P003,223,0300,0,00
E5002890,P001,224,0300,3,10
E5002890,P002,224,0300,3,10
E5002890,P003,224,0300,0,00
E5002890,P001,226,0300,16,10
E5002890,P002,226,0300,7,10
E5002890,P003,226,0300,0,00
E5002890,P001,236,0300,12,10
E5002890,P002,236,0300,11,10
E5002890,P003,236,0300,0,00
E5002890,P001,248,0300,57881,10
E5002890,P002,248,0300,73147,10
E5002890,P003,248,0300,0,00
E5002890,P001,259,0300,167,10
E5002890,P002,259,0300,157,10
E5002890,P003,259,0300,0,00
E5600869,P001,911,0354,4,10
E5600869,P001,922,0345,137,10
E5600869,P001,923,0345,128,10
E5600869,P001,936,0345,7,10
E5600869,P001,222,0300,139,10
E5600869,P001,223,0300,128,10
E5600869,P001,236,0300,7,10
E5600869,P001,248,0300,57454,10
E5600869,P001,259,0300,107,10
S2100223,P015,911,0400,0,10
S2300401,P011,911,0300,9,10
S2300401,P011,923,0300,62,10
S2300401,P011,936,0300,7,10
S2300401,P011,922,0300,44,10
S2300401,P011,248,0300,169596,10
S2300401,P011,223,0300,61,10
S2300401,P011,236,0300,7,10
S2300401,P011,222,0300,44,10
S2300401,P011,259,0300,52,10
S2300401,P011,923,0345,64,10
S2300401,P011,936,0345,7,10
S2300401,P011,922,0345,44,10
S2300429,P701,922,0345,0,00
S2300429,P701,923,0345,0,00
S2300429,P701,936,0345,0,00
S2300429,PF01,922,0345,18,10
S2300429,PF01,923,0345,27,10
S2300429,PF01,936,0345,6,10
S1901066,P004,922,0345,228,10
S1901066,P004,923,0345,184,10
S1901066,P004,924,0345,0,10
S1901066,P004,936,0345,4,10
S1901066,P004,937,0345,11,10
S2300401,P011,911,0354,9,10
S2300429,P701,911,0354,0,00
S2300429,PF01,911,0354,8,10
S1901066,P004,911,0354,5,10
E5600056,P004,911,0400,0,00
E5600056,P006,911,0400,3,10
E5600056,P007,911,0400,0,00
E5600056,P008,911,0400,5,10
E5600056,P009,911,0400,2,10
E5600056,P016,911,0400,4,10
E5600056,P017,911,0400,2,10
E5600056,P018,911,0400,3,10
E5600056,P021,911,0400,3,10
E5600056,P022,911,0400,3,10
E5600056,P023,911,0400,1,10
E5600056,P024,911,0400,4,10
E5600056,P004,922,0400,0,00
E5600056,P004,923,0400,0,00
E5600056,P004,924,0400,0,00
E5600056,P004,936,0400,0,00
E5600056,P006,922,0400,25,10
E5600056,P006,923,0400,71,10
E5600056,P006,924,0400,0,10
E5600056,P006,936,0400,4,10
E5600056,P007,922,0400,0,00
E5600056,P007,923,0400,0,00
E5600056,P007,924,0400,0,00
E5600056,P007,936,0400,0,00
E5600056,P008,922,0400,41,10
E5600056,P008,923,0400,65,10
E5600056,P008,924,0400,89,10
E5600056,P008,936,0400,5,10
E5600056,P016,922,0400,0,10
E5600056,P016,923,0400,37,10
E5600056,P016,936,0400,12,10
E5600056,P017,922,0400,2,10
E5600056,P017,923,0400,23,10
E5600056,P017,924,0400,0,10
E5600056,P017,936,0400,3,10
E5600056,P018,922,0400,0,10
E5600056,P018,923,0400,17,10
E5600056,P018,936,0400,4,10
E5600056,P021,922,0400,0,10
E5600056,P021,923,0400,48,10
E5600056,P021,936,0400,4,10
E5600056,P024,922,0400,3,10
E5600056,P024,923,0400,32,10
E5600056,P024,924,0400,2,10
E5600056,P024,936,0400,6,10
E5600056,P034,923,0400,58,10
E5600056,P034,936,0400,1,10
E5600056,P004,222,0400,0,00
E5600056,P004,223,0400,0,00
E5600056,P004,224,0400,0,00
E5600056,P004,236,0400,0,00
E5600056,P004,248,0400,0,00
E5600056,P004,259,0400,0,00
E5600056,P006,222,0400,23,10
E5600056,P006,223,0400,72,10
E5600056,P006,224,0400,0,10
E5600056,P006,236,0400,4,10
S1900710,P015,911,0400,0,00
S1900710,P050,911,0400,4,10
S1900710,P056,911,0400,4,10
S1900710,P060,911,0400,4,10
S1900710,P070,911,0400,5,10
S1900710,P015,923,0400,0,00
S1900710,P015,936,0400,0,00
S1900710,P015,922,0400,0,00
S1900710,P050,923,0400,101,10
S1900710,P050,936,0400,6,10
S1900710,P050,922,0400,55,10
S1900710,P056,923,0400,44,10
S1900710,P056,936,0400,4,10
S1900710,P056,922,0400,22,10
S1900710,P060,923,0400,24,10
S1900710,P060,936,0400,5,10
S1900710,P060,922,0400,24,10
S1900710,P070,923,0400,23,10
S1900710,P070,936,0400,8,10
S1900710,P070,922,0400,17,10
S1900710,P015,248,0400,0,00
S1900710,P015,223,0400,0,00
S1900710,P015,236,0400,0,00
S1900710,P015,222,0400,0,00
S1900710,P015,259,0400,0,00
S1900710,P050,248,0400,67536,10
S1900710,P050,223,0400,100,10
S1900710,P050,236,0400,6,10
S1900710,P050,222,0400,55,10
S1900710,P050,259,0400,136,10
S1900710,P056,248,0400,173700,10
S1900710,P056,223,0400,43,10
S1900710,P056,236,0400,4,10
S1900710,P056,222,0400,22,10
S1900710,P056,259,0400,126,10
S1900710,P060,248,0400,162360,10
S1900710,P060,223,0400,23,10
S1900710,P060,236,0400,5,10
S1900710,P060,222,0400,23,10
S1900710,P060,259,0400,122,10
S1900710,P070,248,0400,165780,10
S1900710,P070,223,0400,22,10
S1900710,P070,236,0400,8,10
S1900710,P070,222,0400,17,10
S1900710,P070,259,0400,85,10
S1900685,P002,911,0354,13,10
S1900685,P421,911,0354,11,10
S1900685,P421,922,0345,14,10
S1900685,P421,923,0345,69,10
S1900685,P421,936,0345,6,10
S1900685,P421,222,0300,14,10
S1900685,P421,223,0300,71,10
S1900685,P421,236,0300,6,10
S1900685,P421,248,0300,301115,10
S1900685,P421,259,0300,51,10
S1900685,P411,911,0354,4,10
S1900685,P411,222,0300,30,10
S1900685,P411,922,0345,30,10
S1900685,P411,223,0300,68,10
S1900685,P411,923,0345,66,10
S1900685,P411,236,0300,12,10
S1900685,P411,936,0345,12,10
S1900685,P411,248,0300,17982,10
S1900685,P411,259,0300,127,10
S2202553,P001,911,0354,1,10
S2202553,P002,911,0354,1,10
S2202553,P003,911,0354,1,10
S2202553,P001,922,0345,16,10
S2202553,P002,922,0345,7,10
S2202553,P003,922,0345,9,10
S2202553,P001,923,0345,84,10
S2202553,P002,923,0345,90,10
S2202553,P003,923,0345,79,10
S2202553,P001,924,0345,13,10
S2202553,P002,924,0345,1,10
S2202553,P003,924,0345,7,10
S2202553,P001,926,0345,21,10
S2202553,P002,926,0345,14,10
S2202553,P003,926,0345,26,10
S2202553,P001,936,0345,10,10
S2202553,P002,936,0345,11,10
S2202553,P003,936,0345,9,10
S2202553,P001,222,0300,14,10
S2202553,P002,222,0300,12,10
S2202553,P003,222,0300,11,10
S2202553,P001,223,0300,86,10
S2202553,P002,223,0300,86,10
S2202553,P003,223,0300,76,10
S2202553,P001,224,0300,5,10
S2202553,P002,224,0300,1,10
S2202553,P003,224,0300,10,10
S2202553,P001,226,0300,22,10
S2202553,P002,226,0300,18,10
S2202553,P003,226,0300,24,10
S2202553,P001,236,0300,10,10
S2202553,P002,236,0300,10,10
S2202553,P003,236,0300,8,10
S2202553,P001,248,0300,109489,10
S2202553,P002,248,0300,111297,10
S2202553,P003,248,0300,112155,10
S2202553,P001,259,0300,141,10
S2202553,P002,259,0300,136,10
S2202553,P003,259,0300,149,10
S2201109,P711,923,0345,21,10
S2201109,P711,936,0345,6,10
S2201109,P711,922,0345,7,10
S2201109,P731,923,0345,59,10
S2201109,P731,936,0345,6,10
S2201109,P731,922,0345,10,10
S2201109,P741,923,0345,51,10
S2201109,P741,936,0345,6,10
S2201109,P741,922,0345,21,10
S2201109,P751,923,0345,49,10
S2201109,P751,936,0345,7,10
S2201109,P751,922,0345,23,10
S2201109,P711,911,0354,15,10
S2201109,P731,911,0354,18,10
S2201109,P741,911,0354,15,10
S2201109,P751,911,0354,15,10
E4900744,P001,911,0400,0,00
E4900744,P002,911,0400,0,00
E4900744,P023,911,0400,0,00
E4900333,P001,911,0354,9,10
E4900333,P002,911,0354,0,00
E4900333,P003,911,0354,0,32
E4900333,P103,911,0354,0,32
E4900333,P021,911,0354,6,10
E4900333,P105,911,0354,9,10
E4900333,P001,922,0345,1,10
E4900333,P002,922,0345,0,00
E4900333,P003,922,0345,0,32
E4900333,P103,922,0345,0,32
E4900333,P021,922,0345,0,10
E4900333,P105,922,0345,53,10
E4900333,P001,923,0345,83,10
E4900333,P002,923,0345,0,00
E4900333,P003,923,0345,0,32
E4900333,P103,923,0345,0,32
E4900333,P021,923,0345,35,10
E4900333,P105,923,0345,73,10
E4900333,P001,936,0345,13,10
E4900333,P002,936,0345,0,00
E4900333,P003,936,0345,0,32
E4900333,P103,936,0345,0,32
E4900333,P021,936,0345,8,10
E4900333,P105,936,0345,10,10
E4900333,P001,259,0300,87,10
E4900333,P002,259,0300,0,00
E4900333,P003,259,0300,0,32
E4900333,P103,259,0300,0,32
E4900333,P021,259,0300,126,10
E4900333,P105,259,0300,167,10
E4900333,P001,222,0300,1,10
E4900333,P002,222,0300,0,00
E4900333,P003,222,0300,0,32
E4900333,P103,222,0300,0,32
E4900333,P021,222,0300,0,10
E4900333,P105,222,0300,52,10
E4900333,P001,223,0300,82,10
E4900333,P002,223,0300,0,00
E4900333,P003,223,0300,0,32
E4900333,P103,223,0300,0,32
E4900333,P021,223,0300,36,10
E4900333,P105,223,0300,71,10
E4900333,P001,236,0300,13,10
E4900333,P002,236,0300,0,00
E4900333,P003,236,0300,0,32
E4900333,P103,236,0300,0,32
E4900333,P021,236,0300,8,10
E4900333,P105,236,0300,10,10
E4900333,P001,248,0300,42268,10
E4900333,P002,248,0300,0,00
E4900333,P003,248,0300,0,32
E4900333,P103,248,0300,0,32
E4900333,P021,248,0300,102727,10
E4900333,P105,248,0300,174517,10
S2300438,P001,911,0400,5,10
E5601197,P002,911,0400,3,10
E5601197,P003,911,0400,3,10
S1602755,P101,911,0400,5,10
S1602755,P201,911,0400,5,10
S1602755,P301,911,0400,5,10
E5600841,P001,248,0300,210682,10
E5600841,P001,923,0345,15,10
E5600841,P001,223,0300,15,10
E5600841,P001,936,0345,4,10
E5600841,P001,236,0300,4,10
E5600841,P001,911,0354,5,10
E5600841,P001,922,0345,23,10
E5600841,P001,222,0300,23,10
E5600841,P001,259,0300,173,10
E5600841,P002,248,0300,232867,10
E5600841,P002,923,0345,18,10
E5600841,P002,223,0300,18,10
E5600841,P002,936,0345,4,10
E5600841,P002,236,0300,4,10
E5600841,P002,911,0354,6,10
E5600841,P002,922,0345,17,10
E5600841,P002,222,0300,17,10
E5600841,P002,259,0300,172,10
E5600841,P003,248,0300,192320,10
E5600841,P003,923,0345,12,10
E5600841,P003,223,0300,13,10
E5600841,P003,936,0345,5,10
E5600841,P003,236,0300,5,10
E5600841,P003,911,0354,9,10
E5600841,P003,922,0345,21,10
E5600841,P003,222,0300,21,10
E5600841,P003,259,0300,170,10
E5600841,P004,248,0300,180997,10
E5600841,P004,923,0345,21,10
E5600841,P004,223,0300,21,10
E5600841,P004,936,0345,3,10
E5600841,P004,236,0300,4,10
E5600841,P004,911,0354,6,10
E5600841,P004,922,0345,19,10
E5600841,P004,222,0300,20,10
E5600841,P004,259,0300,185,10
E5600841,P005,248,0300,194245,10
E5600841,P005,923,0345,16,10
E5600841,P005,223,0300,17,10
E5600841,P005,936,0345,3,10
E5600841,P005,236,0300,4,10
E5600841,P005,911,0354,8,10
E5600841,P005,922,0345,17,10
E5600841,P005,222,0300,18,10
E5600841,P005,259,0300,194,10
E5600841,P006,248,0300,175503,10
E5600841,P006,923,0345,40,10
E5600841,P006,223,0300,40,10
E5600841,P006,936,0345,6,10
E5600841,P006,236,0300,6,10
E5600841,P006,911,0354,11,10
E5600841,P006,922,0345,34,10
E5600841,P006,222,0300,35,10
E5600841,P006,259,0300,116,10
E5600841,P007,248,0300,189086,10
E5600841,P007,923,0345,29,10
E5600841,P007,223,0300,30,10
E5600841,P007,936,0345,5,10
E5600841,P007,236,0300,5,10
E5600841,P007,911,0354,13,10
E5600841,P007,922,0345,31,10
E5600841,P007,222,0300,32,10
E5600841,P007,259,0300,134,10
E5600841,P008,248,0300,162968,10
E5600841,P008,923,0345,33,10
E5600841,P008,223,0300,39,10
E5600841,P008,936,0345,9,10
E5600841,P008,236,0300,9,10
E5600841,P008,911,0354,7,10
E5600841,P008,922,0345,5,10
E5600841,P008,222,0300,5,10
E5600841,P008,259,0300,47,10
E5600841,P009,248,0300,248602,10
E5600841,P009,923,0345,12,10
E5600841,P009,223,0300,11,10
E5600841,P009,936,0345,7,10
E5600841,P009,236,0300,7,10
E5600841,P009,911,0354,9,10
E5600841,P009,922,0345,23,10
E5600841,P009,222,0300,23,10
E5600841,P009,259,0300,116,10
E5600841,P010,248,0300,316356,10
E5600841,P010,923,0345,10,10
E5600841,P010,223,0300,10,10
E5600841,P010,936,0345,6,10
E5600841,P010,236,0300,6,10
E5600841,P010,911,0354,6,10
E5600841,P010,922,0345,16,10
E5600841,P010,222,0300,16,10
E5600841,P010,259,0300,103,10
E5600841,PC23,248,0300,33886,10
E5600841,PC23,923,0345,78,10
E5600841,PC23,223,0300,71,10
E5600841,PC23,936,0345,7,10
E5600841,PC23,236,0300,7,10
E5600841,PC23,911,0354,10,10
E5600841,PC23,922,0345,30,10
E5600841,PC23,222,0300,31,10
E5600841,PC23,259,0300,157,10
E5600841,PC83,248,0300,209988,10
E5600841,PC83,923,0345,53,10
E5600841,PC83,223,0300,54,10
E5600841,PC83,936,0345,6,10
E5600841,PC83,236,0300,6,10
E5600841,PC83,911,0354,13,10
E5600841,PC83,922,0345,20,10
E5600841,PC83,222,0300,20,10
E5600841,PC83,259,0300,170,10
E5600841,PPB1,248,0300,173189,10
E5600841,PPB1,923,0345,9,10
E5600841,PPB1,223,0300,8,10
E5600841,PPB1,936,0345,9,10
E5600841,PPB1,236,0300,9,10
E5600841,PPB1,911,0354,8,10
E5600841,PPB1,922,0345,21,10
E5600841,PPB1,222,0300,21,10
E5600841,PPB1,259,0300,129,10
E5600841,PPC1,248,0300,599230,10
E5600841,PPC1,923,0345,12,10
E5600841,PPC1,223,0300,14,10
E5600841,PPC1,936,0345,2,10
E5600841,PPC1,236,0300,2,10
E5600841,PPC1,911,0354,5,10
E5600841,PPC1,922,0345,20,10
E5600841,PPC1,222,0300,21,10
E5600841,PPC1,259,0300,128,10
E5600841,PR54,248,0300,49445,10
E5600841,PR54,923,0345,52,10
E5600841,PR54,223,0300,49,10
E5600841,PR54,936,0345,3,10
E5600841,PR54,236,0300,4,10
E5600841,PR54,911,0354,3,10
E5600841,PR54,922,0345,48,10
E5600841,PR54,222,0300,49,10
E5600841,PR54,259,0300,210,10
E5600841,PR61,248,0300,127866,10
E5600841,PR61,923,0345,68,10
E5600841,PR61,223,0300,71,10
E5600841,PR61,936,0345,4,10
E5600841,PR61,236,0300,4,10
E5600841,PR61,911,0354,7,10
E5600841,PR61,922,0345,51,10
E5600841,PR61,222,0300,50,10
E5600841,PR61,259,0300,310,10
E5600841,PR62,248,0300,92431,10
E5600841,PR62,923,0345,45,10
E5600841,PR62,223,0300,48,10
E5600841,PR62,936,0345,4,10
E5600841,PR62,236,0300,4,10
E5600841,PR62,911,0354,4,10
E5600841,PR62,922,0345,24,10
E5600841,PR62,222,0300,23,10
E5600841,PR62,259,0300,303,10
E5600841,PS11,248,0300,820438,10
E5600841,PS11,923,0345,34,10
E5600841,PS11,223,0300,33,10
E5600841,PS11,936,0345,11,10
E5600841,PS11,236,0300,11,10
E5600841,PS11,911,0354,11,10
E5600841,PS11,922,0345,61,10
E5600841,PS11,222,0300,62,10
E5600841,PS11,259,0300,164,10
E5600841,PS12,911,0354,9,10
E5600841,PS31,248,0300,703677,10
E5600841,PS31,923,0345,107,10
E5600841,PS31,223,0300,110,10
E5600841,PS31,936,0345,13,10
E5600841,PS31,236,0300,12,10
E5600841,PS31,911,0354,7,10
E5600841,PS31,922,0345,95,10
E5600841,PS31,222,0300,92,10
E5600841,PS31,259,0300,122,10
E5600841,PS32,911,0354,4,10
E5600841,PS51,248,0300,889802,10
E5600841,PS51,923,0345,43,10
E5600841,PS51,223,0300,43,10
E5600841,PS51,936,0345,11,10
E5600841,PS51,236,0300,11,10
E5600841,PS51,911,0354,11,10
E5600841,PS51,922,0345,18,10
E5600841,PS51,222,0300,17,10
E5600841,PS51,259,0300,135,10
E5600841,PS52,911,0354,8,10
E5600841,PS71,248,0300,1260399,10
E5600841,PS71,923,0345,39,10
E5600841,PS71,223,0300,47,10
E5600841,PS71,936,0345,14,10
E5600841,PS71,236,0300,13,10
E5600841,PS71,911,0354,9,10
E5600841,PS71,922,0345,54,10
E5600841,PS71,222,0300,57,10
E5600841,PS71,259,0300,178,10
E5600841,PS72,911,0354,9,10
E5400878,P010,911,0348,2,10
E5600332,P001,911,0400,4,10
E5600332,P002,911,0400,4,10
E5600332,P003,911,0400,4,10
E5600789,P001,911,0400,3,10
E5002890,P001,911,0400,5,10
E5002890,P002,911,0400,5,10
E5002890,P003,911,0400,0,00
E5600869,P001,911,0400,4,10
S2100223,P015,911,0406,0,10
S1901066,P004,911,0400,5,10
E5600056,P004,911,0406,0,00
E5600056,P006,911,0406,3,10
E5600056,P007,911,0406,0,00
E5600056,P008,911,0406,6,10
E5600056,P009,911,0406,2,10
E5600056,P016,911,0406,4,10
E5600056,P017,911,0406,2,10
E5600056,P018,911,0406,3,10
E5600056,P021,911,0406,2,10
E5600056,P022,911,0406,3,10
E5600056,P023,911,0406,1,10
E5600056,P024,911,0406,3,10
S1900710,P015,911,0406,0,00
S1900710,P050,911,0406,4,10
S1900710,P056,911,0406,6,10
S1900710,P060,911,0406,2,10
S1900710,P070,911,0406,6,10
S1900685,P002,911,0400,13,10
S1900685,P421,911,0400,11,10
S1900685,P411,911,0400,4,10
S2202553,P001,911,0400,1,10
S2202553,P002,911,0400,1,10
S2202553,P003,911,0400,1,10
E5600841,P001,911,0400,5,10
E5600841,P002,911,0400,6,10
E5600841,P003,911,0400,9,10
E5600841,P004,911,0400,6,10
E5600841,P005,911,0400,8,10
E5600841,P006,911,0400,11,10
E5600841,P007,911,0400,13,10
E5600841,P008,911,0400,7,10
E5600841,P009,911,0400,9,10
E5600841,P010,911,0400,6,10
E5600841,PC23,911,0400,10,10
E5600841,PC83,911,0400,13,10
E5600841,PPB1,911,0400,8,10
E5600841,PPC1,911,0400,5,10
E5600841,PR54,911,0400,3,10
E5600841,PR61,911,0400,7,10
E5600841,PR62,911,0400,4,10
E5600841,PS11,911,0400,11,10
E5600841,PS12,911,0400,8,10
E5600841,PS31,911,0400,7,10
E5600841,PS32,911,0400,4,10
E5600841,PS51,911,0400,11,10
E5600841,PS52,911,0400,9,10
E5600841,PS71,911,0400,9,10
E5600841,PS72,911,0400,9,10
E4900744,P001,911,0406,0,00
E4900744,P002,911,0406,0,00
E4900744,P023,911,0406,0,00
S2100223,P015,922,0400,0,10
S2100223,P015,923,0400,0,10
S2100223,P015,924,0400,0,10
S2100223,P015,936,0400,0,10
E4900333,P001,911,0400,9,10
E4900333,P002,911,0400,0,00
E4900333,P003,911,0400,0,32
E4900333,P103,911,0400,0,32
E4900333,P021,911,0400,6,10
E4900333,P105,911,0400,9,10
S2300438,P001,911,0406,5,10
E5601197,P002,911,0406,3,10
E5601197,P003,911,0406,3,10
S1602755,P101,911,0406,5,10
S1602755,P201,911,0406,5,10
S1602755,P301,911,0406,5,10
E4900744,P001,923,0400,0,00
E4900744,P023,923,0400,0,00
E4900744,P001,936,0400,0,00
E4900744,P023,936,0400,0,00
E5400878,P001,223,0300,21,10
E5400878,P001,236,0300,15,10
E5400878,P001,248,0300,763824,10
E5400878,P001,259,0300,116,10
E5400878,P002,223,0300,19,10
E5400878,P002,236,0300,15,10
E5400878,P002,248,0300,1715445,10
E5400878,P002,259,0300,115,10
E5400878,P003,223,0300,17,10
E5400878,P003,236,0300,15,10
E5400878,P003,248,0300,1568505,10
E5400878,P003,259,0300,114,10
E5400878,P010,223,0300,18,10
E5400878,P010,236,0300,13,10
E5400878,P010,248,0300,1403791,10
E5400878,P010,259,0300,99,10
E5400878,P001,923,0345,21,10
E5400878,P001,936,0345,15,10
E5400878,P002,923,0345,19,10
E5400878,P002,936,0345,14,10
E5400878,P003,923,0345,17,10
E5400878,P003,936,0345,15,10
E5400878,P010,923,0345,18,10
E5400878,P010,936,0345,13,10
E5400878,P010,911,0354,2,10
E5600332,P001,911,0406,4,10
E5600332,P002,911,0406,4,10
E5600332,P003,911,0406,4,10
E5600789,P001,911,0406,3,10
E5002890,P001,911,0406,5,10
E5002890,P002,911,0406,5,10
E5002890,P003,911,0406,0,00
E5600869,P001,911,0406,4,10
S2100223,P015,911,0412,0,10
S2300401,P011,911,0406,9,10
S2300429,P701,911,0406,0,00
S2300429,PF01,911,0406,8,10
S1901066,P004,911,0406,5,10
E5600056,P004,911,0412,0,00
E5600056,P006,911,0412,3,10
E5600056,P007,911,0412,0,00
E5600056,P008,911,0412,6,10
E5600056,P009,911,0412,2,10
E5600056,P016,911,0412,4,10
E5600056,P017,911,0412,2,10
E5600056,P018,911,0412,3,10
E5600056,P021,911,0412,2,10
E5600056,P022,911,0412,3,10
E5600056,P023,911,0412,1,10
E5600056,P024,911,0412,3,10
S1900710,P015,911,0412,0,00
S1900710,P050,911,0412,4,10
S1900710,P056,911,0412,5,10
S1900710,P060,911,0412,2,10
S1900710,P070,911,0412,6,10
S1900685,P002,911,0406,13,10
S1900685,P421,911,0406,12,10
S1900685,P411,911,0406,4,10
S2202553,P001,911,0406,1,10
S2202553,P002,911,0406,1,10
S2202553,P003,911,0406,1,10
S1602755,P101,922,0400,2,10
S1602755,P201,922,0400,1,10
S1602755,P301,922,0400,2,10
S1602755,P101,923,0400,69,10
S1602755,P201,923,0400,68,10
S1602755,P301,923,0400,56,10
S1602755,P101,924,0400,5,10
S1602755,P201,924,0400,13,10
S1602755,P301,924,0400,3,10
S1602755,P101,926,0400,4,10
S1602755,P201,926,0400,7,10
S1602755,P301,926,0400,9,10
S1602755,P101,936,0400,10,10
S1602755,P201,936,0400,8,10
S1602755,P301,936,0400,8,10
E5600841,P001,911,0406,5,10
E5600841,P002,911,0406,6,10
E5600841,P003,911,0406,9,10
E5600841,P004,911,0406,6,10
E5600841,P005,911,0406,8,10
E5600841,P006,911,0406,11,10
E5600841,P007,911,0406,13,10
E5600841,P008,911,0406,7,10
E5600841,P009,911,0406,9,10
E5600841,P010,911,0406,6,10
E5600841,PC23,911,0406,11,10
E5600841,PC83,911,0406,14,10
E5600841,PPB1,911,0406,8,10
E5600841,PPC1,911,0406,5,10
E5600841,PR54,911,0406,3,10
E5600841,PR61,911,0406,7,10
E5600841,PR62,911,0406,4,10
E5600841,PS11,911,0406,11,10
E5600841,PS12,911,0406,7,10
E5600841,PS31,911,0406,7,10
E5600841,PS32,911,0406,4,10
E5600841,PS51,911,0406,12,10
E5600841,PS52,911,0406,8,10
E5600841,PS71,911,0406,9,10
E5600841,PS72,911,0406,9,10
S2300438,P001,922,0400,0,10
S2300438,P001,923,0400,33,10
S2300438,P001,936,0400,5,10
S2300438,P001,222,0300,0,10
S2300438,P001,223,0300,35,10
S2300438,P001,236,0300,6,10
S2300438,P001,248,0300,49335,10
S2300438,P001,259,0300,125,10
S2201109,P711,911,0406,15,10
S2201109,P731,911,0406,18,10
S2201109,P741,911,0406,15,10
S2201109,P751,911,0406,15,10
E4900744,P001,911,0412,0,00
E4900744,P002,911,0412,0,00
E4900744,P023,911,0412,0,00
S2300429,P701,911,0400,0,00
S2300429,P701,922,0400,0,00
S2300429,P701,923,0400,0,00
S2300429,P701,936,0400,0,00
S2300429,PF01,911,0400,8,10
S2300429,PF01,922,0400,16,10
S2300429,PF01,923,0400,31,10
S2300429,PF01,936,0400,6,10
S2300429,P701,222,0300,0,00
S2300429,P701,223,0300,0,00
S2300429,P701,236,0300,0,00
S2300429,P701,248,0300,0,00
S2300429,P701,259,0300,0,00
S2300429,PF01,222,0300,19,10
S2300429,PF01,223,0300,24,10
S2300429,PF01,236,0300,6,10
S2300429,PF01,248,0300,278150,10
S2300429,PF01,259,0300,58,10
S1901066,P004,922,0400,227,10
S1901066,P004,923,0400,185,10
S1901066,P004,924,0400,0,10
S1901066,P004,936,0400,4,10
S1901066,P004,937,0400,11,10
S1901066,P004,222,0300,227,10
S1901066,P004,223,0300,184,10
S1901066,P004,224,0300,1,10
S1901066,P004,236,0300,4,10
S1901066,P004,237,0300,11,10
S1901066,P004,248,0300,118468,10
S1901066,P004,259,0300,236,10
E5002890,P001,922,0400,0,10
E5002890,P002,922,0400,0,10
E5002890,P003,922,0400,0,00
E5002890,P001,923,0400,112,10
E5002890,P002,923,0400,118,10
E5002890,P003,923,0400,0,00
E5002890,P001,924,0400,3,10
E5002890,P002,924,0400,3,10
E5002890,P003,924,0400,0,00
E5002890,P001,926,0400,16,10
E5002890,P002,926,0400,7,10
E5002890,P003,926,0400,0,00
E5002890,P001,936,0400,12,10
E5002890,P002,936,0400,10,10
E5002890,P003,936,0400,0,00
E5600869,P001,922,0400,140,10
E5600869,P001,923,0400,129,10
E5600869,P001,936,0400,7,10
E2000554,P003,923,0415,28,10
E2000554,P003,922,0415,14,10
E2000554,P003,936,0415,5,10
S1900710,P070,923,0415,22,10
S1900710,P070,936,0415,8,10
S1900710,P070,922,0415,17,10
S1900710,P015,923,0415,0,00
S1900710,P015,936,0415,0,00
S1900710,P015,922,0415,0,00
S1900710,P050,923,0415,101,10
S1900710,P050,936,0415,6,10
S1900710,P050,922,0415,54,10
S1900710,P056,923,0415,40,10
S1900710,P056,936,0415,4,10
S1900710,P056,922,0415,23,10
S1900710,P060,923,0415,24,10
S1900710,P060,936,0415,5,10
S1900710,P060,922,0415,24,10
S1900685,P421,922,0400,14,10
S1900685,P421,923,0400,70,10
S1900685,P421,936,0400,6,10
E5600896,P004,922,0245,0,00
E5600896,P004,923,0245,0,00
E5600896,P004,936,0245,0,00
E5600896,P005,922,0245,0,00
E5600896,P005,923,0245,0,00
E5600896,P005,936,0245,0,00
E5600896,P007,922,0245,0,10
E5600896,P007,923,0245,71,11
E5600896,P007,936,0245,5,10
E5600896,P008,922,0245,0,10
E5600896,P008,923,0245,65,10
E5600896,P008,936,0245,2,10
E5600896,P004,911,0254,0,00
E5600896,P005,911,0254,0,00
E5600896,P007,911,0254,5,10
E5600896,P008,911,0254,7,10
E5400878,P001,223,0200,21,10
E5400878,P001,236,0200,15,10
E5400878,P001,248,0200,767034,10
E5400878,P001,259,0200,116,10
E5400878,P002,223,0200,20,10
E5400878,P002,236,0200,15,10
E5400878,P002,248,0200,1705154,10
E5400878,P002,259,0200,115,10
E5400878,P003,223,0200,17,10
E5400878,P003,236,0200,15,10
E5400878,P003,248,0200,1557587,10
E5400878,P003,259,0200,114,10
E5400878,P010,223,0200,18,10
E5400878,P010,236,0200,13,10
E5400878,P010,248,0200,1403680,10
E5400878,P010,259,0200,99,10
E5400878,P001,923,0245,21,10
E5400878,P001,936,0245,15,10
E5400878,P002,923,0245,20,10
E5400878,P002,936,0245,15,10
E5400878,P003,923,0245,17,10
E5400878,P003,936,0245,15,10
E5400878,P010,923,0245,18,10
E5400878,P010,936,0245,13,10
E5400878,P010,911,0254,2,10
S2300438,P001,922,0300,0,10
S2300438,P001,923,0300,34,10
S2300438,P001,936,0300,5,10
S2300438,P001,222,0200,0,10
S2300438,P001,223,0200,32,10
S2300438,P001,236,0200,7,10
S2300438,P001,248,0200,45559,10
S2300438,P001,259,0200,130,10
S1901066,P004,922,0300,227,10
S1901066,P004,923,0300,185,10
S1901066,P004,924,0300,1,10
S1901066,P004,936,0300,4,10
S1901066,P004,937,0300,11,10
S1901066,P004,222,0200,229,10
S1901066,P004,223,0200,186,10
S1901066,P004,224,0200,1,10
S1901066,P004,236,0200,4,10
S1901066,P004,237,0200,11,10
S1901066,P004,248,0200,117249,10
S1901066,P004,259,0200,235,10
S2201109,P711,911,0306,15,10
S2201109,P731,911,0306,18,10
S2201109,P741,911,0306,15,10
S2201109,P751,911,0306,15,10
E5600850,PC01,911,0306,0,00
E4900333,P001,911,0306,9,10
E4900333,P002,911,0306,0,00
E4900333,P003,911,0306,0,32
E4900333,P103,911,0306,0,32
E4900333,P021,911,0306,6,10
E4900333,P105,911,0306,9,10
E5002890,P001,911,0306,5,10
E5002890,P002,911,0306,5,10
E5002890,P003,911,0306,0,00
S2202553,P001,911,0306,1,10
S2202553,P002,911,0306,1,10
S2202553,P003,911,0306,1,10
E5002890,P001,922,0300,0,10
E5002890,P002,922,0300,0,10
E5002890,P003,922,0300,0,00
E5002890,P001,923,0300,111,10
E5002890,P002,923,0300,101,10
E5002890,P003,923,0300,0,00
E5002890,P001,924,0300,3,10
E5002890,P002,924,0300,3,10
E5002890,P003,924,0300,0,00
E5002890,P001,926,0300,14,10
E5002890,P002,926,0300,6,10
E5002890,P003,926,0300,0,00
E5002890,P001,936,0300,11,10
E5002890,P002,936,0300,11,10
E5002890,P003,936,0300,0,00
E5600869,P001,922,0300,140,10
E5600869,P001,923,0300,128,10
E5600869,P001,936,0300,6,10
S1602755,P101,922,0300,2,10
S1602755,P201,922,0300,1,10
S1602755,P301,922,0300,2,10
S1602755,P101,923,0300,60,10
S1602755,P201,923,0300,51,10
S1602755,P301,923,0300,69,10
S1602755,P101,924,0300,49,10
S1602755,P201,924,0300,121,11
S1602755,P301,924,0300,2,10
S1602755,P101,926,0300,2,10
S1602755,P201,926,0300,18,10
S1602755,P301,926,0300,9,10
S1602755,P101,936,0300,9,10
S1602755,P201,936,0300,8,10
S1602755,P301,936,0300,10,10
E4900744,P001,911,0312,0,00
E4900744,P002,911,0312,0,00
E4900744,P023,911,0312,0,00
E5601197,P002,911,0312,3,10
E5601197,P003,911,0312,3,10
S1602755,P101,911,0312,5,10
S1602755,P201,911,0312,5,10
S1602755,P301,911,0312,5,10
S2100223,P015,911,0312,0,10
E5600841,P001,911,0306,6,10
E5600841,P002,911,0306,6,10
E5600841,P003,911,0306,9,10
E5600841,P004,911,0306,6,10
E5600841,P005,911,0306,8,10
E5600841,P006,911,0306,11,10
E5600841,P007,911,0306,13,10
E5600841,P008,911,0306,7,10
E5600841,P009,911,0306,9,10
E5600841,P010,911,0306,6,10
E5600841,PC23,911,0306,10,10
E5600841,PC83,911,0306,13,10
E5600841,PPB1,911,0306,8,10
E5600841,PPC1,911,0306,5,10
E5600841,PR54,911,0306,3,10
E5600841,PR61,911,0306,7,10
E5600841,PR62,911,0306,4,10
E5600841,PS11,911,0306,11,10
E5600841,PS12,911,0306,8,10
E5600841,PS31,911,0306,7,10
E5600841,PS32,911,0306,4,10
E5600841,PS51,911,0306,13,10
E5600841,PS52,911,0306,9,10
E5600841,PS71,911,0306,9,10
E5600841,PS72,911,0306,9,10
E5600841,P001,923,0300,15,10
E5600841,P001,936,0300,4,10
E5600841,P001,922,0300,23,10
E5600841,P002,923,0300,18,10
E5600841,P002,936,0300,4,10
E5600841,P002,922,0300,17,10
E5600841,P003,923,0300,15,10
E5600841,P003,936,0300,5,10
E5600841,P003,922,0300,21,10
E5600841,P004,923,0300,22,10
E5600841,P004,936,0300,3,10
E5600841,P004,922,0300,20,10
E5600841,P005,923,0300,17,10
E5600841,P005,936,0300,3,10
E5600841,P005,922,0300,18,10
E5600841,P006,923,0300,41,10
E5600841,P006,936,0300,6,10
E5600841,P006,922,0300,36,10
E5600841,P007,923,0300,30,10
E5600841,P007,936,0300,5,10
E5600841,P007,922,0300,33,10
E5600841,P008,923,0300,45,10
E5600841,P008,936,0300,9,10
E5600841,P008,922,0300,5,10
E5600841,P009,923,0300,11,10
E5600841,P009,936,0300,7,10
E5600841,P009,922,0300,24,10
E5600841,P010,923,0300,10,10
E5600841,P010,936,0300,6,10
E5600841,P010,922,0300,17,10
E5600841,PC23,923,0300,86,10
E5600841,PC23,936,0300,7,10
E5600841,PC23,922,0300,33,10
E5600841,PC83,923,0300,53,10
E5600841,PC83,936,0300,6,10
E5600841,PC83,922,0300,21,10
E5600841,PPB1,923,0300,8,10
E5600841,PPB1,936,0300,9,10
E5600841,PPB1,922,0300,21,10
E5600841,PPC1,923,0300,18,10
E5600841,PPC1,936,0300,3,10
E5600841,PPC1,922,0300,21,10
E5600841,PR54,923,0300,48,10
E5600841,PR54,936,0300,4,10
E5600841,PR54,922,0300,56,10
E5600841,PR61,923,0300,72,10
E5600841,PR61,936,0300,4,10
E5600841,PR61,922,0300,50,10
E5600841,PR62,923,0300,47,10
E5600841,PR62,936,0300,4,10
E5600841,PR62,922,0300,24,10
E5600841,PS11,923,0300,34,10
E5600841,PS11,936,0300,11,10
E5600841,PS11,922,0300,63,10
E5600841,PS31,923,0300,110,10
E5600841,PS31,936,0300,12,10
E5600841,PS31,922,0300,89,10
E5600841,PS51,923,0300,42,10
E5600841,PS51,936,0300,11,10
E5600841,PS51,922,0300,16,10
E5600841,PS71,923,0300,51,10
E5600841,PS71,936,0300,12,10
E5600841,PS71,922,0300,48,10
S2300401,P011,911,0312,9,10
E5600332,P001,911,0312,4,10
E5600332,P002,911,0312,4,10
E5600332,P003,911,0312,4,10
S2300438,P001,911,0312,5,10
E5600056,P004,922,0315,0,00
E5600056,P004,923,0315,0,00
E5600056,P004,924,0315,0,00
E5600056,P004,936,0315,0,00
E5600056,P006,922,0315,29,10
E5600056,P006,923,0315,76,10
E5600056,P006,924,0315,0,10
E5600056,P006,936,0315,5,10
E5600056,P007,922,0315,0,00
E5600056,P007,923,0315,0,00
E5600056,P007,924,0315,0,00
E5600056,P007,936,0315,0,00
E5600056,P008,922,0315,43,10
E5600056,P008,923,0315,67,10
E5600056,P008,924,0315,17,10
E5600056,P008,936,0315,5,10
E5600056,P016,922,0315,0,10
E5600056,P016,923,0315,36,10
E5600056,P016,936,0315,12,10
E5600056,P017,922,0315,2,10
E5600056,P017,923,0315,23,10
E5600056,P017,924,0315,0,10
E5600056,P017,936,0315,3,10
E5600056,P018,922,0315,0,10
E5600056,P018,923,0315,19,10
E5600056,P018,924,0315,0,10
E5600056,P018,936,0315,4,10
E5600056,P021,922,0315,0,10
E5600056,P021,923,0315,47,10
E5600056,P021,924,0315,0,10
E5600056,P021,936,0315,4,10
E5600056,P024,922,0315,3,10
E5600056,P024,923,0315,32,10
E5600056,P024,924,0315,2,10
E5600056,P024,936,0315,6,10
E5600056,P034,922,0315,5,10
E5600056,P034,923,0315,58,10
E5600056,P034,936,0315,1,10
E2000554,P003,923,0315,30,10
E2000554,P003,922,0315,13,10
E2000554,P003,936,0315,5,10
S1900710,P070,923,0315,20,10
S1900710,P070,936,0315,8,10
S1900710,P070,922,0315,17,10
S1900710,P015,923,0315,0,00
S1900710,P015,936,0315,0,00
S1900710,P015,922,0315,0,00
S1900710,P050,923,0315,98,10
S1900710,P050,936,0315,5,10
S1900710,P050,922,0315,55,10
S1900710,P056,923,0315,45,10
S1900710,P056,936,0315,4,10
S1900710,P056,922,0315,22,10
S1900710,P060,923,0315,22,10
S1900710,P060,936,0315,5,10
S1900710,P060,922,0315,23,10
S2202553,P001,922,0300,11,10
S2202553,P002,922,0300,13,10
S2202553,P003,922,0300,11,10
S2202553,P001,923,0300,92,10
S2202553,P002,923,0300,85,10
S2202553,P003,923,0300,76,10
S2202553,P001,924,0300,3,10
S2202553,P002,924,0300,1,10
S2202553,P003,924,0300,5,10
S2202553,P001,926,0300,23,10
S2202553,P002,926,0300,18,10
S2202553,P003,926,0300,17,10
S2202553,P001,936,0300,10,10
S2202553,P002,936,0300,11,10
S2202553,P003,936,0300,8,10
S2001314,P004,923,0315,0,00
S2001314,P004,922,0315,0,00
S2001314,P004,936,0315,0,00
E5600789,P001,911,0312,3,10
E5600056,P004,911,0318,0,00
E5600056,P006,911,0318,3,10
E5600056,P007,911,0318,0,00
E5600056,P008,911,0318,5,10
E5600056,P009,911,0318,3,10
E5600056,P016,911,0318,4,10
E5600056,P017,911,0318,2,10
E5600056,P018,911,0318,3,10
E5600056,P021,911,0318,2,10
E5600056,P022,911,0318,3,10
E5600056,P023,911,0318,1,10
E5600056,P024,911,0318,3,10
E5002890,P001,911,0312,5,10
E5002890,P002,911,0312,5,10
E5002890,P003,911,0312,0,00
E5600869,P001,911,0312,4,10
S2202553,P001,911,0312,1,10
S2202553,P002,911,0312,1,10
S2202553,P003,911,0312,1,10
S2100223,P015,911,0318,0,10
S2300429,P701,911,0300,0,00
S2300429,P701,922,0300,0,00
S2300429,P701,923,0300,0,00
S2300429,P701,936,0300,0,00
S2300429,PF01,911,0300,9,10
S2300429,PF01,922,0300,20,10
S2300429,PF01,923,0300,24,10
S2300429,PF01,936,0300,6,10
S2300429,P701,222,0200,0,00
S2300429,P701,223,0200,0,00
S2300429,P701,236,0200,0,00
S2300429,P701,248,0200,0,00
S2300429,P701,259,0200,0,00
S2300429,PF01,222,0200,26,10
S2300429,PF01,223,0200,26,10
S2300429,PF01,236,0200,6,10
S2300429,PF01,248,0200,284173,10
S2300429,PF01,259,0200,59,10
E5400878,P010,911,0300,2,10
S2300429,P701,911,0312,0,00
S2300429,PF01,911,0312,9,10
S1901066,P004,911,0312,5,10
E4900333,P001,922,0300,1,10
E4900333,P002,922,0300,0,00
E4900333,P003,922,0300,0,32
E4900333,P103,922,0300,0,32
E4900333,P021,922,0300,0,10
E4900333,P105,922,0300,46,10
E4900333,P001,923,0300,81,10
E4900333,P002,923,0300,0,00
E4900333,P003,923,0300,0,32
E4900333,P103,923,0300,0,32
E4900333,P021,923,0300,36,10
E4900333,P105,923,0300,66,10
E4900333,P001,936,0300,13,10
E4900333,P002,936,0300,0,00
E4900333,P003,936,0300,0,32
E4900333,P103,936,0300,0,32
E4900333,P021,936,0300,8,10
E4900333,P105,936,0300,10,10
S1900685,P421,922,0300,14,10
S1900685,P421,923,0300,72,10
S1900685,P421,936,0300,6,10
S1900685,P411,922,0300,31,10
S1900685,P411,923,0300,67,10
S1900685,P411,936,0300,12,10
S1900710,P070,911,0318,6,10
S1900710,P015,911,0318,0,00
S1900710,P050,911,0318,4,10
S1900710,P056,911,0318,4,10
S1900710,P060,911,0318,4,10
S1900685,P002,911,0312,12,10
S1900685,P421,911,0312,10,10
S1900685,P411,911,0312,7,10
E5600841,P001,911,0312,5,10
E5600841,P002,911,0312,6,10
E5600841,P003,911,0312,9,10
E5600841,P004,911,0312,6,10
E5600841,P005,911,0312,8,10
E5600841,P006,911,0312,11,10
E5600841,P007,911,0312,13,10
E5600841,P008,911,0312,7,10
E5600841,P009,911,0312,9,10
E5600841,P010,911,0312,6,10
E5600841,PC23,911,0312,10,10
E5600841,PC83,911,0312,13,10
E5600841,PPB1,911,0312,8,10
E5600841,PPC1,911,0312,5,10
E5600841,PR54,911,0312,3,10
E5600841,PR61,911,0312,7,10
E5600841,PR62,911,0312,4,10
E5600841,PS11,911,0312,11,10
E5600841,PS12,911,0312,7,10
E5600841,PS31,911,0312,7,10
E5600841,PS32,911,0312,4,10
E5600841,PS51,911,0312,13,10
E5600841,PS52,911,0312,8,10
E5600841,PS71,911,0312,9,10
E5600841,PS72,911,0312,9,10
E2000554,P003,911,0318,12,10
S2001314,P004,911,0318,0,00
S2201109,P711,911,0200,15,10
S2201109,P731,911,0200,18,10
S2201109,P741,911,0200,15,10
S2201109,P751,911,0200,15,10
S2201109,P711,923,0200,23,10
S2201109,P711,936,0200,6,10
S2201109,P711,922,0200,7,10
S2201109,P731,923,0200,45,10
S2201109,P731,936,0200,7,10
S2201109,P731,922,0200,11,10
S2201109,P741,923,0200,56,10
S2201109,P741,936,0200,6,10
S2201109,P741,922,0200,22,10
S2201109,P751,923,0200,48,10
S2201109,P751,936,0200,7,10
S2201109,P751,922,0200,23,10
S2201109,P711,248,0200,7237,10
S2201109,P711,223,0200,22,10
S2201109,P711,236,0200,6,10
S2201109,P711,222,0200,7,10
S2201109,P711,259,0200,53,10
S2201109,P731,248,0200,4143,10
S2201109,P731,223,0200,45,10
S2201109,P731,236,0200,7,10
S2201109,P731,222,0200,11,10
S2201109,P731,259,0200,53,10
S2201109,P741,248,0200,4724,10
S2201109,P741,223,0200,55,10
S2201109,P741,236,0200,6,10
S2201109,P741,222,0200,22,10
S2201109,P741,259,0200,53,10
S2201109,P751,248,0200,4507,10
S2201109,P751,223,0200,48,10
S2201109,P751,236,0200,7,10
S2201109,P751,222,0200,23,10
S2201109,P751,259,0200,49,10
S2201109,P711,911,0312,15,10
S2201109,P731,911,0312,18,10
S2201109,P741,911,0312,15,10
S2201109,P751,911,0312,15,10
E4900333,P001,911,0312,9,10
E4900333,P002,911,0312,0,00
E4900333,P003,911,0312,0,32
E4900333,P103,911,0312,0,32
E4900333,P021,911,0312,6,10
E4900333,P105,911,0312,9,10
S1601990,P001,911,0312,4,10
S1601990,P004,911,0312,5,10
S1601990,P049,911,0312,2,10
E4900744,P001,911,0318,0,00
E4900744,P002,911,0318,0,00
E4900744,P023,911,0318,0,00
S1602755,P101,911,0318,5,10
S1602755,P201,911,0318,5,10
S1602755,P301,911,0318,5,10
E5600332,P001,911,0318,4,10
E5600332,P002,911,0318,4,10
E5600332,P003,911,0318,4,10
S2300438,P001,911,0318,5,10
E5601197,P002,911,0318,5,10
E5601197,P003,911,0318,5,10
S1601990,P001,911,0318,4,10
S1601990,P004,911,0318,5,10
S1601990,P049,911,0318,2,10
E5400878,P010,911,0306,2,10
S2300401,P011,911,0318,9,10
E5600789,P001,911,0318,3,10
E5600056,P004,911,0324,0,00
E5600056,P006,911,0324,3,10
E5600056,P007,911,0324,0,00
E5600056,P008,911,0324,6,10
E5600056,P009,911,0324,3,10
E5600056,P016,911,0324,4,10
E5600056,P017,911,0324,2,10
E5600056,P018,911,0324,3,10
E5600056,P021,911,0324,2,10
E5600056,P022,911,0324,3,10
E5600056,P023,911,0324,1,10
E5600056,P024,911,0324,4,10
E5002890,P001,911,0318,5,10
E5002890,P002,911,0318,5,10
E5002890,P003,911,0318,0,00
E5600869,P001,911,0318,4,10
S1900710,P015,911,0324,0,00
S1900710,P050,911,0324,4,10
S1900710,P056,911,0324,3,10
S1900710,P060,911,0324,4,10
S1900710,P070,911,0324,6,10
S2202553,P001,911,0318,1,10
S2202553,P002,911,0318,1,10
S2202553,P003,911,0318,1,10
S2100223,P015,911,0324,0,10
S2100223,P015,922,0315,0,10
S2100223,P015,923,0315,0,10
S2100223,P015,924,0315,0,10
S2100223,P015,936,0315,0,10
S2300429,P701,911,0318,0,00
S2300429,PF01,911,0318,8,10
S1901066,P004,911,0318,5,10
S1900685,P002,911,0318,12,10
S1900685,P421,911,0318,11,10
S1900685,P411,911,0318,12,10
E5600841,P001,911,0318,5,10
E5600841,P002,911,0318,6,10
E5600841,P003,911,0318,9,10
E5600841,P004,911,0318,6,10
E5600841,P005,911,0318,8,10
E5600841,P006,911,0318,11,10
E5600841,P007,911,0318,13,10
E5600841,P008,911,0318,7,10
E5600841,P009,911,0318,9,10
E5600841,P010,911,0318,6,10
E5600841,PC23,911,0318,10,10
E5600841,PC83,911,0318,13,10
E5600841,PPB1,911,0318,8,10
E5600841,PPC1,911,0318,5,10
E5600841,PR54,911,0318,3,10
E5600841,PR61,911,0318,7,10
E5600841,PR62,911,0318,4,10
E5600841,PS11,911,0318,12,10
E5600841,PS12,911,0318,8,10
E5600841,PS31,911,0318,7,10
E5600841,PS32,911,0318,4,10
E5600841,PS51,911,0318,12,10
E5600841,PS52,911,0318,8,10
E5600841,PS71,911,0318,10,10
E5600841,PS72,911,0318,9,10
E5400878,P001,923,0300,21,10
E5400878,P001,936,0300,15,10
E5400878,P002,923,0300,20,10
E5400878,P002,936,0300,15,10
E5400878,P003,923,0300,17,10
E5400878,P003,936,0300,15,10
E5400878,P010,923,0300,18,10
E5400878,P010,936,0300,13,10
S2201109,P711,911,0318,15,10
S2201109,P731,911,0318,19,10
S2201109,P741,911,0318,15,10
S2201109,P751,911,0318,15,10
E4900333,P001,911,0318,9,10
E4900333,P002,911,0318,0,00
E4900333,P003,911,0318,0,32
E4900333,P103,911,0318,0,32
E4900333,P021,911,0318,6,10
E4900333,P105,911,0318,11,10
E4900744,P001,911,0324,0,00
E4900744,P002,911,0324,0,00
E4900744,P023,911,0324,0,00
E4900744,P001,923,0315,0,00
E4900744,P023,923,0315,0,00
E4900744,P001,936,0315,0,00
E4900744,P023,936,0315,0,00
S1602755,P101,911,0324,5,10
S1602755,P201,911,0324,5,10
S1602755,P301,911,0324,5,10
S1602755,P101,922,0315,2,10
S1602755,P201,922,0315,1,10
S1602755,P301,922,0315,2,10
S1602755,P101,923,0315,77,10
S1602755,P201,923,0315,53,10
S1602755,P301,923,0315,73,10
S1602755,P101,924,0315,5,10
S1602755,P201,924,0315,23,10
S1602755,P301,924,0315,2,10
S1602755,P101,926,0315,3,10
S1602755,P201,926,0315,16,10
S1602755,P301,926,0315,8,10
S1602755,P101,936,0315,9,10
S1602755,P201,936,0315,8,10
S1602755,P301,936,0315,10,10
S2300438,P001,922,0315,0,10
S2300438,P001,923,0315,36,10
S2300438,P001,936,0315,6,10
E5600332,P001,911,0324,4,10
E5600332,P002,911,0324,4,10
E5600332,P003,911,0324,4,10
S2300438,P001,911,0324,5,10
E5601197,P002,911,0324,6,10
E5601197,P003,911,0324,6,10
S2300401,P011,923,0315,57,10
S2300401,P011,936,0315,7,10
S2300401,P011,922,0315,44,10
E5400878,P010,911,0312,2,10
S2300401,P011,911,0324,9,10
E5600789,P001,911,0324,3,10
E5600056,P004,911,0330,0,00
E5600056,P006,911,0330,3,10
E5600056,P007,911,0330,0,00
E5600056,P008,911,0330,5,10
E5600056,P009,911,0330,2,10
E5600056,P016,911,0330,4,10
E5600056,P017,911,0330,2,10
E5600056,P018,911,0330,3,10
E5600056,P021,911,0330,2,10
E5600056,P022,911,0330,3,10
E5600056,P023,911,0330,1,10
E5600056,P024,911,0330,4,10
E5600056,P004,922,0330,0,00
E5600056,P004,923,0330,0,00
E5600056,P004,924,0330,0,00
E5600056,P004,936,0330,0,00
E5600056,P006,922,0330,20,10
E5600056,P006,923,0330,71,10
E5600056,P006,924,0330,0,10
E5600056,P006,936,0330,4,10
E5600056,P007,922,0330,0,00
E5600056,P007,923,0330,0,00
E5600056,P007,924,0330,0,00
E5600056,P007,936,0330,0,00
E5600056,P008,922,0330,41,10
E5600056,P008,923,0330,66,10
E5600056,P008,924,0330,44,10
E5600056,P008,936,0330,5,10
E5600056,P016,922,0330,0,10
E5600056,P016,923,0330,36,10
E5600056,P016,936,0330,12,10
E5600056,P017,922,0330,2,10
E5600056,P017,923,0330,23,10
E5600056,P017,924,0330,0,10
E5600056,P017,936,0330,3,10
E5600056,P018,922,0330,0,10
E5600056,P018,923,0330,20,10
E5600056,P018,936,0330,4,10
E5600056,P021,922,0330,0,10
E5600056,P021,923,0330,49,10
E5600056,P021,936,0330,4,10
E5600056,P024,922,0330,3,10
E5600056,P024,923,0330,31,10
E5600056,P024,924,0330,2,10
E5600056,P024,936,0330,6,10
E5600056,P034,923,0330,58,10
E5600056,P034,936,0330,1,10
E5002890,P001,911,0324,5,10
E5002890,P002,911,0324,5,10
E5002890,P003,911,0324,0,00
E5002890,P001,922,0315,0,10
E5002890,P002,922,0315,4,10
E5002890,P003,922,0315,0,00
E5002890,P001,923,0315,96,10
E5002890,P002,923,0315,118,10
E5002890,P003,923,0315,0,00
E5002890,P001,924,0315,3,10
E5002890,P002,924,0315,3,10
E5002890,P003,924,0315,0,00
E5002890,P001,926,0315,17,10
E5002890,P002,926,0315,8,10
E5002890,P003,926,0315,0,00
E5002890,P001,936,0315,12,10
E5002890,P002,936,0315,9,10
E5002890,P003,936,0315,0,00
E5600869,P001,911,0324,4,10
E5600869,P001,922,0315,142,10
E5600869,P001,923,0315,130,10
E5600869,P001,936,0315,7,10
S2202553,P001,911,0324,1,10
S2202553,P002,911,0324,1,10
S2202553,P003,911,0324,1,10
S2202553,P001,922,0315,14,10
S2202553,P002,922,0315,11,10
S2202553,P003,922,0315,16,10
S2202553,P001,923,0315,87,10
S2202553,P002,923,0315,86,10
S2202553,P003,923,0315,77,10
S2202553,P001,924,0315,2,10
S2202553,P002,924,0315,1,10
S2202553,P003,924,0315,11,10
S2202553,P001,926,0315,24,10
S2202553,P002,926,0315,18,10
S2202553,P003,926,0315,29,10
S2202553,P001,936,0315,10,10
S2202553,P002,936,0315,10,10
S2202553,P003,936,0315,8,10
S2100223,P015,911,0330,0,10
S2300429,P701,922,0315,0,00
S2300429,P701,923,0315,0,00
S2300429,P701,936,0315,0,00
S2300429,PF01,922,0315,20,10
S2300429,PF01,923,0315,23,10
S2300429,PF01,936,0315,6,10
S1901066,P004,922,0315,227,10
S1901066,P004,923,0315,185,10
S1901066,P004,924,0315,0,10
S1901066,P004,936,0315,4,10
S1901066,P004,937,0315,11,10
S2300429,P701,911,0324,0,00
S2300429,PF01,911,0324,8,10
S1901066,P004,911,0324,5,10
S1900710,P015,911,0330,0,00
S1900710,P050,911,0330,4,10
S1900710,P056,911,0330,4,10
S1900710,P060,911,0330,3,10
S1900710,P070,911,0330,6,10
S1900710,P015,923,0330,0,00
S1900710,P015,936,0330,0,00
S1900710,P015,922,0330,0,00
S1900710,P050,923,0330,100,10
S1900710,P050,936,0330,6,10
S1900710,P050,922,0330,55,10
S1900710,P056,923,0330,43,10
S1900710,P056,936,0330,4,10
S1900710,P056,922,0330,22,10
S1900710,P060,923,0330,22,10
S1900710,P060,936,0330,5,10
S1900710,P060,922,0330,23,10
S1900710,P070,923,0330,22,10
S1900710,P070,936,0330,8,10
S1900710,P070,922,0330,17,10
S1900685,P002,911,0324,13,10
S1900685,P421,911,0324,10,10
S1900685,P421,922,0315,15,10
S1900685,P421,923,0315,73,10
S1900685,P421,936,0315,6,10
S1900685,P411,911,0324,7,10
S1900685,P411,922,0315,30,10
S1900685,P411,923,0315,72,10
S1900685,P411,936,0315,12,10
E5600841,P001,923,0315,15,10
E5600841,P001,936,0315,5,10
E5600841,P001,911,0324,5,10
E5600841,P001,922,0315,24,10
E5600841,P002,923,0315,18,10
E5600841,P002,936,0315,4,10
E5600841,P002,911,0324,6,10
E5600841,P002,922,0315,18,10
E5600841,P003,923,0315,12,10
E5600841,P003,936,0315,5,10
E5600841,P003,911,0324,9,10
E5600841,P003,922,0315,21,10
E5600841,P004,923,0315,22,10
E5600841,P004,936,0315,4,10
E5600841,P004,911,0324,6,10
E5600841,P004,922,0315,20,10
E5600841,P005,923,0315,17,10
E5600841,P005,936,0315,4,10
E5600841,P005,911,0324,8,10
E5600841,P005,922,0315,19,10
E5600841,P006,923,0315,40,10
E5600841,P006,936,0315,6,10
E5600841,P006,911,0324,11,10
E5600841,P006,922,0315,35,10
E5600841,P007,923,0315,30,10
E5600841,P007,936,0315,5,10
E5600841,P007,911,0324,13,10
E5600841,P007,922,0315,31,10
E5600841,P008,923,0315,39,10
E5600841,P008,936,0315,9,10
E5600841,P008,911,0324,7,10
E5600841,P008,922,0315,5,10
E5600841,P009,923,0315,11,10
E5600841,P009,936,0315,6,10
E5600841,P009,911,0324,9,10
E5600841,P009,922,0315,21,10
E5600841,P010,923,0315,10,10
E5600841,P010,936,0315,6,10
E5600841,P010,911,0324,6,10
E5600841,P010,922,0315,15,10
E5600841,PC23,923,0315,54,10
E5600841,PC23,936,0315,7,10
E5600841,PC23,911,0324,10,10
E5600841,PC23,922,0315,30,10
E5600841,PC83,923,0315,56,10
E5600841,PC83,936,0315,6,10
E5600841,PC83,911,0324,13,10
E5600841,PC83,922,0315,19,10
E5600841,PPB1,923,0315,9,10
E5600841,PPB1,936,0315,9,10
E5600841,PPB1,911,0324,8,10
E5600841,PPB1,922,0315,22,10
E5600841,PPC1,923,0315,13,10
E5600841,PPC1,936,0315,2,10
E5600841,PPC1,911,0324,5,10
E5600841,PPC1,922,0315,21,10
E5600841,PR54,923,0315,47,10
E5600841,PR54,936,0315,4,10
E5600841,PR54,911,0324,3,10
E5600841,PR54,922,0315,47,10
E5600841,PR61,923,0315,70,10
E5600841,PR61,936,0315,4,10
E5600841,PR61,911,0324,7,10
E5600841,PR61,922,0315,49,10
E5600841,PR62,923,0315,47,10
E5600841,PR62,936,0315,4,10
E5600841,PR62,911,0324,4,10
E5600841,PR62,922,0315,23,10
E5600841,PS11,923,0315,33,10
E5600841,PS11,936,0315,11,10
E5600841,PS11,911,0324,11,10
E5600841,PS11,922,0315,62,10
E5600841,PS12,911,0324,9,10
E5600841,PS31,923,0315,109,10
E5600841,PS31,936,0315,12,10
E5600841,PS31,911,0324,7,10
E5600841,PS31,922,0315,90,10
E5600841,PS32,911,0324,4,10
E5600841,PS51,923,0315,42,10
E5600841,PS51,936,0315,11,10
E5600841,PS51,911,0324,13,10
E5600841,PS51,922,0315,17,10
E5600841,PS52,911,0324,8,10
E5600841,PS71,923,0315,55,10
E5600841,PS71,936,0315,12,10
E5600841,PS71,911,0324,11,10
E5600841,PS71,922,0315,53,10
E5600841,PS72,911,0324,9,10
E4900744,P001,911,0330,0,00
E4900744,P002,911,0330,0,00
E4900744,P023,911,0330,0,00
S2201109,P711,923,0315,21,10
S2201109,P711,936,0315,6,10
S2201109,P711,922,0315,6,10
S2201109,P731,923,0315,44,10
S2201109,P731,936,0315,7,10
S2201109,P731,922,0315,11,10
S2201109,P741,923,0315,55,10
S2201109,P741,936,0315,6,10
S2201109,P741,922,0315,21,10
S2201109,P751,923,0315,48,10
S2201109,P751,936,0315,7,10
S2201109,P751,922,0315,22,10
S2201109,P711,911,0324,15,10
S2201109,P731,911,0324,18,10
S2201109,P741,911,0324,15,10
S2201109,P751,911,0324,15,10
E4900333,P001,911,0324,9,10
E4900333,P002,911,0324,0,00
E4900333,P003,911,0324,0,32
E4900333,P103,911,0324,0,32
E4900333,P021,911,0324,6,10
E4900333,P105,911,0324,9,10
E4900333,P001,922,0315,1,10
E4900333,P002,922,0315,0,00
E4900333,P003,922,0315,0,32
E4900333,P103,922,0315,0,32
E4900333,P021,922,0315,0,10
E4900333,P105,922,0315,57,10
E4900333,P001,923,0315,81,10
E4900333,P002,923,0315,0,00
E4900333,P003,923,0315,0,32
E4900333,P103,923,0315,0,32
E4900333,P021,923,0315,37,10
E4900333,P105,923,0315,68,10
E4900333,P001,936,0315,13,10
E4900333,P002,936,0315,0,00
E4900333,P003,936,0315,0,32
E4900333,P103,936,0315,0,32
E4900333,P021,936,0315,8,10
E4900333,P105,936,0315,10,10
S1602755,P101,911,0330,5,10
S1602755,P201,911,0330,5,10
S1602755,P301,911,0330,5,10
S2300438,P001,911,0330,5,10
E5601197,P002,911,0330,4,10
E5601197,P003,911,0330,4,10
E5400878,P010,911,0318,1,10
E5600332,P001,911,0330,4,10
E5600332,P002,911,0330,4,10
E5600332,P003,911,0330,4,10
E5600789,P001,911,0330,3,10
E5600056,P004,911,0336,0,00
E5600056,P006,911,0336,3,10
E5600056,P007,911,0336,0,00
E5600056,P008,911,0336,6,10
E5600056,P009,911,0336,2,10
E5600056,P016,911,0336,4,10
E5600056,P017,911,0336,2,10
E5600056,P018,911,0336,3,10
E5600056,P021,911,0336,2,10
E5600056,P022,911,0336,3,10
E5600056,P023,911,0336,1,10
E5600056,P024,911,0336,4,10
E5002890,P001,911,0330,5,10
E5002890,P002,911,0330,6,10
E5002890,P003,911,0330,0,00
E5600869,P001,911,0330,4,10
S2202553,P001,911,0330,1,10
S2202553,P002,911,0330,1,10
S2202553,P003,911,0330,1,10
S2100223,P015,911,0336,0,10
S1901066,P004,911,0330,5,10
S1900710,P015,911,0336,0,00
S1900710,P050,911,0336,4,10
S1900710,P056,911,0336,4,10
S1900710,P060,911,0336,3,10
S1900710,P070,911,0336,6,10
S1900685,P002,911,0330,13,10
S1900685,P421,911,0330,10,10
S1900685,P411,911,0330,4,10
E5600841,P001,911,0330,5,10
E5600841,P002,911,0330,6,10
E5600841,P003,911,0330,9,10
E5600841,P004,911,0330,6,10
E5600841,P005,911,0330,8,10
E5600841,P006,911,0330,11,10
E5600841,P007,911,0330,13,10
E5600841,P008,911,0330,7,10
E5600841,P009,911,0330,9,10
E5600841,P010,911,0330,6,10
E5600841,PC23,911,0330,10,10
E5600841,PC83,911,0330,13,10
E5600841,PPB1,911,0330,8,10
E5600841,PPC1,911,0330,5,10
E5600841,PR54,911,0330,3,10
E5600841,PR61,911,0330,7,10
E5600841,PR62,911,0330,4,10
E5600841,PS11,911,0330,11,10
E5600841,PS12,911,0330,8,10
E5600841,PS31,911,0330,8,10
E5600841,PS32,911,0330,4,10
E5600841,PS51,911,0330,12,10
E5600841,PS52,911,0330,9,10
E5600841,PS71,911,0330,11,10
E5600841,PS72,911,0330,9,10
E4900744,P001,911,0336,0,00
E4900744,P002,911,0336,0,00
E4900744,P023,911,0336,0,00
S2100223,P015,922,0330,0,10
S2100223,P015,923,0330,0,10
S2100223,P015,924,0330,0,10
S2100223,P015,936,0330,0,10
E4900333,P001,911,0330,9,10
E4900333,P002,911,0330,0,00
E4900333,P003,911,0330,0,32
E4900333,P103,911,0330,0,32
E4900333,P021,911,0330,6,10
E4900333,P105,911,0330,9,10
S1602755,P101,911,0336,5,10
S1602755,P201,911,0336,5,10
S1602755,P301,911,0336,5,10
S2300438,P001,911,0336,5,10
E5601197,P002,911,0336,4,10
E5601197,P003,911,0336,3,10
E4900744,P001,923,0330,0,00
E4900744,P023,923,0330,0,00
E4900744,P001,936,0330,0,00
E4900744,P023,936,0330,0,00
E5400878,P001,923,0315,21,10
E5400878,P001,936,0315,15,10
E5400878,P002,923,0315,20,10
E5400878,P002,936,0315,15,10
E5400878,P003,923,0315,16,10
E5400878,P003,936,0315,15,10
E5400878,P010,923,0315,18,10
E5400878,P010,936,0315,13,10
E5400878,P010,911,0324,2,10
E5600332,P001,911,0336,4,10
E5600332,P002,911,0336,4,10
E5600332,P003,911,0336,4,10
E5600789,P001,911,0336,3,10
E5600056,P004,911,0342,0,00
E5600056,P006,911,0342,3,10
E5600056,P007,911,0342,0,00
E5600056,P008,911,0342,6,10
E5600056,P009,911,0342,2,10
E5600056,P016,911,0342,4,10
E5600056,P017,911,0342,2,10
E5600056,P018,911,0342,3,10
E5600056,P021,911,0342,2,10
E5600056,P022,911,0342,3,10
E5600056,P023,911,0342,1,10
E5600056,P024,911,0342,4,10
E5002890,P001,911,0336,5,10
E5002890,P002,911,0336,5,10
E5002890,P003,911,0336,0,00
E5600869,P001,911,0336,4,10
S2202553,P001,911,0336,1,10
S2202553,P002,911,0336,1,10
S2202553,P003,911,0336,1,10
S2100223,P015,911,0342,0,10
S2300438,P001,922,0330,0,10
S2300438,P001,923,0330,34,10
S2300438,P001,936,0330,6,10
S2201109,P711,911,0336,15,10
S2201109,P731,911,0336,18,10
S2201109,P741,911,0336,15,10
S2201109,P751,911,0336,15,10
S2300401,P011,911,0336,9,10
S2300429,P701,911,0336,0,00
S2300429,PF01,911,0336,8,10
S1901066,P004,911,0336,5,10
S1900710,P015,911,0342,0,00
S1900710,P050,911,0342,4,10
S1900710,P056,911,0342,4,10
S1900710,P060,911,0342,5,10
S1900710,P070,911,0342,5,10
S1900685,P002,911,0336,13,10
S1900685,P421,911,0336,11,10
S1900685,P411,911,0336,4,10
S1602755,P101,922,0330,2,10
S1602755,P201,922,0330,2,10
S1602755,P301,922,0330,1,10
S1602755,P101,923,0330,88,10
S1602755,P201,923,0330,59,10
S1602755,P301,923,0330,53,10
S1602755,P101,924,0330,4,10
S1602755,P201,924,0330,24,10
S1602755,P301,924,0330,16,10
S1602755,P101,926,0330,5,10
S1602755,P201,926,0330,13,10
S1602755,P301,926,0330,7,10
S1602755,P101,936,0330,10,10
S1602755,P201,936,0330,8,10
S1602755,P301,936,0330,8,10
E5600841,P001,911,0336,5,10
E5600841,P002,911,0336,6,10
E5600841,P003,911,0336,9,10
E5600841,P004,911,0336,6,10
E5600841,P005,911,0336,8,10
E5600841,P006,911,0336,11,10
E5600841,P007,911,0336,13,10
E5600841,P008,911,0336,7,10
E5600841,P009,911,0336,9,10
E5600841,P010,911,0336,6,10
E5600841,PC23,911,0336,9,10
E5600841,PC83,911,0336,13,10
E5600841,PPB1,911,0336,8,10
E5600841,PPC1,911,0336,5,10
E5600841,PR54,911,0336,3,10
E5600841,PR61,911,0336,7,10
E5600841,PR62,911,0336,4,10
E5600841,PS11,911,0336,11,10
E5600841,PS12,911,0336,8,10
E5600841,PS31,911,0336,7,10
E5600841,PS32,911,0336,4,10
E5600841,PS51,911,0336,12,10
E5600841,PS52,911,0336,9,10
E5600841,PS71,911,0336,10,10
E5600841,PS72,911,0336,9,10
E4900744,P001,911,0342,0,00
E4900744,P002,911,0342,0,00
E4900744,P023,911,0342,0,00
S2300401,P011,911,0330,9,10
S2300401,P011,923,0330,62,10
S2300401,P011,936,0330,7,10
S2300401,P011,922,0330,43,10
S2300429,P701,911,0330,0,00
S2300429,P701,922,0330,0,00
S2300429,P701,923,0330,0,00
S2300429,P701,936,0330,0,00
S2300429,PF01,911,0330,8,10
S2300429,PF01,922,0330,18,10
S2300429,PF01,923,0330,23,10
S2300429,PF01,936,0330,6,10
S1901066,P004,922,0330,227,10
S1901066,P004,923,0330,184,10
S1901066,P004,924,0330,0,10
S1901066,P004,936,0330,4,10
S1901066,P004,937,0330,11,10
E5002890,P001,922,0330,0,10
E5002890,P002,922,0330,0,10
E5002890,P003,922,0330,0,00
E5002890,P001,923,0330,97,10
E5002890,P002,923,0330,112,10
E5002890,P003,923,0330,0,00
E5002890,P001,924,0330,4,10
E5002890,P002,924,0330,2,10
E5002890,P003,924,0330,0,00
E5002890,P001,926,0330,17,10
E5002890,P002,926,0330,8,10
E5002890,P003,926,0330,0,00
E5002890,P001,936,0330,13,10
E5002890,P002,936,0330,11,10
E5002890,P003,936,0330,0,00
E5600869,P001,922,0330,139,10
E5600869,P001,923,0330,127,10
E5600869,P001,936,0330,7,10
S1900685,P421,922,0330,14,10
S1900685,P421,923,0330,72,10
S1900685,P421,936,0330,6,10
S1900685,P411,922,0330,30,10
S1900685,P411,923,0330,69,10
S1900685,P411,936,0330,12,10
E4900333,P001,911,0336,9,10
E4900333,P002,911,0336,0,00
E4900333,P003,911,0336,0,32
E4900333,P103,911,0336,0,32
E4900333,P021,911,0336,6,10
E4900333,P105,911,0336,9,10
S2202553,P001,922,0330,13,10
S2202553,P002,922,0330,16,10
S2202553,P003,922,0330,8,10
S2202553,P001,923,0330,82,10
S2202553,P002,923,0330,84,10
S2202553,P003,923,0330,74,10
S2202553,P001,924,0330,2,10
S2202553,P002,924,0330,1,10
S2202553,P003,924,0330,17,10
S2202553,P001,926,0330,18,10
S2202553,P002,926,0330,24,10
S2202553,P003,926,0330,25,10
S2202553,P001,936,0330,10,10
S2202553,P002,936,0330,11,10
S2202553,P003,936,0330,9,10
S1602755,P101,911,0342,5,10
S1602755,P201,911,0342,5,10
S1602755,P301,911,0342,5,10
E5600841,P001,923,0330,14,10
E5600841,P001,936,0330,5,10
E5600841,P001,922,0330,24,10
E5600841,P002,923,0330,18,10
E5600841,P002,936,0330,4,10
E5600841,P002,922,0330,18,10
E5600841,P003,923,0330,12,10
E5600841,P003,936,0330,5,10
E5600841,P003,922,0330,21,10
E5600841,P004,923,0330,21,10
E5600841,P004,936,0330,4,10
E5600841,P004,922,0330,19,10
E5600841,P005,923,0330,16,10
E5600841,P005,936,0330,4,10
E5600841,P005,922,0330,18,10
E5600841,P006,923,0330,41,10
E5600841,P006,936,0330,6,10
E5600841,P006,922,0330,35,10
E5600841,P007,923,0330,30,10
E5600841,P007,936,0330,6,10
E5600841,P007,922,0330,32,10
E5600841,P008,923,0330,37,10
E5600841,P008,936,0330,9,10
E5600841,P008,922,0330,6,10
E5600841,P009,923,0330,11,10
E5600841,P009,936,0330,6,10
E5600841,P009,922,0330,24,10
E5600841,P010,923,0330,9,10
E5600841,P010,936,0330,6,10
E5600841,P010,922,0330,17,10
E5600841,PC23,923,0330,63,10
E5600841,PC23,936,0330,8,10
E5600841,PC23,922,0330,30,10
E5600841,PC83,923,0330,54,10
E5600841,PC83,936,0330,7,10
E5600841,PC83,922,0330,20,10
E5600841,PPB1,923,0330,8,10
E5600841,PPB1,936,0330,8,10
E5600841,PPB1,922,0330,21,10
E5600841,PPC1,923,0330,12,10
E5600841,PPC1,936,0330,2,10
E5600841,PPC1,922,0330,22,10
E5600841,PR54,923,0330,48,10
E5600841,PR54,936,0330,4,10
E5600841,PR54,922,0330,47,10
E5600841,PR61,923,0330,72,10
E5600841,PR61,936,0330,4,10
E5600841,PR61,922,0330,48,10
E5600841,PR62,923,0330,51,10
E5600841,PR62,936,0330,4,10
E5600841,PR62,922,0330,23,10
E5600841,PS11,923,0330,33,10
E5600841,PS11,936,0330,11,10
E5600841,PS11,922,0330,64,10
E5600841,PS31,923,0330,111,10
E5600841,PS31,936,0330,13,10
E5600841,PS31,922,0330,95,10
E5600841,PS51,923,0330,44,10
E5600841,PS51,936,0330,11,10
E5600841,PS51,922,0330,17,10
E5600841,PS71,923,0330,43,10
E5600841,PS71,936,0330,14,10
E5600841,PS71,922,0330,73,10
E5400878,P010,911,0330,2,10
E5600332,P001,911,0342,4,10
E5600332,P002,911,0342,4,10
E5600332,P003,911,0342,4,10
S2300438,P001,911,0342,5,10
E4900333,P001,922,0330,1,10
E4900333,P002,922,0330,0,00
E4900333,P003,922,0330,0,32
E4900333,P103,922,0330,0,32
E4900333,P021,922,0330,0,10
E4900333,P105,922,0330,53,10
E4900333,P001,923,0330,83,10
E4900333,P002,923,0330,0,00
E4900333,P003,923,0330,0,32
E4900333,P103,923,0330,0,32
E4900333,P021,923,0330,36,10
E4900333,P105,923,0330,76,10
E4900333,P001,936,0330,13,10
E4900333,P002,936,0330,0,00
E4900333,P003,936,0330,0,32
E4900333,P103,936,0330,0,32
E4900333,P021,936,0330,8,10
E4900333,P105,936,0330,10,10
E5600056,P004,922,0345,0,00
E5600056,P004,923,0345,0,00
E5600056,P004,924,0345,0,00
E5600056,P004,936,0345,0,00
E5600056,P006,922,0345,18,10
E5600056,P006,923,0345,71,10
E5600056,P006,924,0345,0,10
E5600056,P006,936,0345,4,10
E5600056,P007,922,0345,0,00
E5600056,P007,923,0345,0,00
E5600056,P007,924,0345,0,00
E5600056,P007,936,0345,0,00
E5600056,P008,922,0345,40,10
E5600056,P008,923,0345,65,10
E5600056,P008,924,0345,90,10
E5600056,P008,936,0345,5,10
E5600056,P016,922,0345,0,10
E5600056,P016,923,0345,36,10
E5600056,P016,936,0345,12,10
E5600056,P017,922,0345,2,10
E5600056,P017,923,0345,23,10
E5600056,P017,924,0345,0,10
E5600056,P017,936,0345,3,10
E5600056,P018,922,0345,0,10
E5600056,P018,923,0345,18,10
E5600056,P018,924,0345,0,10
E5600056,P018,936,0345,4,10
E5600056,P021,922,0345,0,10
E5600056,P021,923,0345,49,10
E5600056,P021,924,0345,0,10
E5600056,P021,936,0345,4,10
E5600056,P024,922,0345,3,10
E5600056,P024,923,0345,31,10
E5600056,P024,924,0345,2,10
E5600056,P024,936,0345,6,10
E5600056,P034,922,0345,5,10
E5600056,P034,923,0345,58,10
E5600056,P034,936,0345,1,10
S1900710,P070,923,0345,22,10
S1900710,P070,936,0345,8,10
S1900710,P070,922,0345,17,10
S1900710,P015,923,0345,0,00
S1900710,P015,936,0345,0,00
S1900710,P015,922,0345,0,00
S1900710,P050,923,0345,101,10
S1900710,P050,936,0345,6,10
S1900710,P050,922,0345,55,10
S1900710,P056,923,0345,39,10
S1900710,P056,936,0345,4,10
S1900710,P056,922,0345,22,10
S1900710,P060,923,0345,23,10
S1900710,P060,936,0345,5,10
S1900710,P060,922,0345,24,10
E5600789,P001,911,0342,3,10
E5601197,P002,911,0342,4,10
E5601197,P003,911,0342,3,10
E5600056,P004,911,0348,0,00
E5600056,P006,911,0348,3,10
E5600056,P007,911,0348,0,00
E5600056,P008,911,0348,6,10
E5600056,P009,911,0348,2,10
E5600056,P016,911,0348,4,10
E5600056,P017,911,0348,2,10
E5600056,P018,911,0348,3,10
E5600056,P021,911,0348,2,10
E5600056,P022,911,0348,3,10
E5600056,P023,911,0348,1,10
E5600056,P024,911,0348,4,10
E5002890,P001,911,0342,5,10
E5002890,P002,911,0342,5,10
E5002890,P003,911,0342,0,00
E5600869,P001,911,0342,4,10
E2000554,P003,911,0348,11,10
S1601990,P001,911,0342,4,10
S1601990,P004,911,0342,5,10
S1601990,P049,911,0342,2,10
S2202553,P001,911,0342,1,10
S2202553,P002,911,0342,1,10
S2202553,P003,911,0342,1,10
S2001314,P004,911,0348,0,00
S2100223,P015,911,0348,0,10
S2201109,P711,911,0330,15,10
S2201109,P731,911,0330,18,10
S2201109,P741,911,0330,15,10
S2201109,P751,911,0330,15,10
S2201109,P711,923,0330,21,10
S2201109,P711,936,0330,6,10
S2201109,P711,922,0330,6,10
S2201109,P731,923,0330,56,10
S2201109,P731,936,0330,6,10
S2201109,P731,922,0330,9,10
S2201109,P741,923,0330,53,10
S2201109,P741,936,0330,6,10
S2201109,P741,922,0330,21,10
S2201109,P751,923,0330,51,10
S2201109,P751,936,0330,7,10
S2201109,P751,922,0330,23,10
S2201109,P711,911,0342,15,10
S2201109,P731,911,0342,18,10
S2201109,P741,911,0342,15,10
S2201109,P751,911,0342,15,10
S2300401,P011,911,0342,9,10
S2300429,P701,911,0342,0,00
S2300429,PF01,911,0342,9,10
S1901066,P004,911,0342,5,10
S1900710,P070,911,0348,6,10
S1900710,P015,911,0348,0,00
S1900710,P050,911,0348,4,10
S1900710,P056,911,0348,4,10
S1900710,P060,911,0348,4,10
S1900685,P002,911,0342,13,10
S1900685,P421,911,0342,12,10
S1900685,P411,911,0342,4,10
E5600841,P001,911,0342,5,10
E5600841,P002,911,0342,6,10
E5600841,P003,911,0342,9,10
E5600841,P004,911,0342,6,10
E5600841,P005,911,0342,8,10
S1900685,P411,922,0400,29,10
S1900685,P411,923,0400,67,10
S1900685,P411,936,0400,12,10
S2202553,P001,922,0400,16,10
S2202553,P002,922,0400,12,10
S2202553,P003,922,0400,8,10
S2202553,P001,923,0400,86,10
S2202553,P002,923,0400,95,10
S2202553,P003,923,0400,87,10
S2202553,P001,924,0400,5,10
S2202553,P002,924,0400,1,10
S2202553,P003,924,0400,6,10
S2202553,P001,926,0400,25,10
S2202553,P002,926,0400,18,10
S2202553,P003,926,0400,26,10
S2202553,P001,936,0400,10,10
S2202553,P002,936,0400,11,10
S2202553,P003,936,0400,9,10
S2001314,P004,923,0415,0,00
S2001314,P004,922,0415,0,00
S2001314,P004,936,0415,0,00
E4900333,P001,911,0406,9,10
E4900333,P002,911,0406,0,00
E4900333,P003,911,0406,0,32
E4900333,P103,911,0406,0,32
E4900333,P021,911,0406,6,10
E4900333,P105,911,0406,9,10
S2300438,P001,911,0412,5,10
E5601197,P002,911,0412,3,10
E5601197,P003,911,0412,3,10
S1602755,P101,911,0412,5,10
S1602755,P201,911,0412,5,10
S1602755,P301,911,0412,5,10
E5600841,P001,923,0400,14,10
E5600841,P001,936,0400,4,10
E5600841,P001,922,0400,23,10
E5600841,P002,923,0400,18,10
E5600841,P002,936,0400,4,10
E5600841,P002,922,0400,17,10
E5600841,P003,923,0400,11,10
E5600841,P003,936,0400,5,10
E5600841,P003,922,0400,20,10
E5600841,P004,923,0400,18,10
E5600841,P004,936,0400,4,10
E5600841,P004,922,0400,20,10
E5600841,P005,923,0400,16,10
E5600841,P005,936,0400,4,10
E5600841,P005,922,0400,18,10
E5600841,P006,923,0400,40,10
E5600841,P006,936,0400,6,10
E5600841,P006,922,0400,33,10
E5600841,P007,923,0400,37,10
E5600841,P007,936,0400,6,10
E5600841,P007,922,0400,32,10
E5600841,P008,923,0400,29,10
E5600841,P008,936,0400,9,10
E5600841,P008,922,0400,5,10
E5600841,P009,923,0400,11,10
E5600841,P009,936,0400,6,10
E5600841,P009,922,0400,23,10
E5600841,P010,923,0400,11,10
E5600841,P010,936,0400,7,10
E5600841,P010,922,0400,16,10
E5600841,PC23,923,0400,58,10
E5600841,PC23,936,0400,8,10
E5600841,PC23,922,0400,28,10
E5600841,PC83,923,0400,55,10
E5600841,PC83,936,0400,7,10
E5600841,PC83,922,0400,20,10
E5600841,PPB1,923,0400,8,10
E5600841,PPB1,936,0400,8,10
E5600841,PPB1,922,0400,19,10
E5600841,PPC1,923,0400,13,10
E5600841,PPC1,936,0400,3,10
E5600841,PPC1,922,0400,20,10
E5600841,PR54,923,0400,49,10
E5600841,PR54,936,0400,3,10
E5600841,PR54,922,0400,48,10
E5600841,PR61,923,0400,66,10
E5600841,PR61,936,0400,4,10
E5600841,PR61,922,0400,46,10
E5600841,PR62,923,0400,46,10
E5600841,PR62,936,0400,4,10
E5600841,PR62,922,0400,22,10
E5600841,PS11,923,0400,33,10
E5600841,PS11,936,0400,11,10
E5600841,PS11,922,0400,65,10
E5600841,PS31,923,0400,108,10
E5600841,PS31,936,0400,12,10
E5600841,PS31,922,0400,69,10
E5600841,PS51,923,0400,43,10
E5600841,PS51,936,0400,11,10
E5600841,PS51,922,0400,19,10
E5600841,PS71,923,0400,42,10
E5600841,PS71,936,0400,14,10
E5600841,PS71,922,0400,61,10
E5400878,P010,911,0400,2,10
E5600332,P001,911,0412,4,10
E5600332,P002,911,0412,4,10
E5600332,P003,911,0412,4,10
E4900333,P001,922,0400,1,10
E4900333,P002,922,0400,0,00
E4900333,P003,922,0400,0,32
E4900333,P103,922,0400,0,32
E4900333,P021,922,0400,0,10
E4900333,P105,922,0400,54,10
E4900333,P001,923,0400,86,10
E4900333,P002,923,0400,0,00
E4900333,P003,923,0400,0,32
E4900333,P103,923,0400,0,32
E4900333,P021,923,0400,37,10
E4900333,P105,923,0400,71,10
E4900333,P001,936,0400,13,10
E4900333,P002,936,0400,0,00
E4900333,P003,936,0400,0,32
E4900333,P103,936,0400,0,32
E4900333,P021,936,0400,8,10
E4900333,P105,936,0400,10,10
E5600789,P001,911,0412,3,10
E5002890,P001,911,0412,5,10
E5002890,P002,911,0412,5,10
E5002890,P003,911,0412,0,00
E5600869,P001,911,0412,4,10
S2100223,P015,911,0418,0,10
S2300401,P011,911,0412,9,10
S2300429,P701,911,0412,0,00
S2300429,PF01,911,0412,8,10
S1901066,P004,911,0412,5,10
E5600056,P004,922,0415,0,00
E5600056,P004,923,0415,0,00
E5600056,P004,924,0415,0,00
E5600056,P004,936,0415,0,00
E5600056,P006,922,0415,22,10
E5600056,P006,923,0415,72,10
E5600056,P006,924,0415,0,10
E5600056,P006,936,0415,4,10
E5600056,P007,922,0415,0,00
E5600056,P007,923,0415,0,00
E5600056,P007,924,0415,0,00
E5600056,P007,936,0415,0,00
E5600056,P008,922,0415,42,10
E5600056,P008,923,0415,66,10
E5600056,P008,924,0415,54,10
E5600056,P008,936,0415,5,10
E5600056,P016,922,0415,0,10
E5600056,P016,923,0415,36,10
E5600056,P016,936,0415,12,10
E5600056,P017,922,0415,2,10
E5600056,P017,923,0415,23,10
E5600056,P017,924,0415,0,10
E5600056,P017,936,0415,3,10
E5600056,P018,922,0415,0,10
E5600056,P018,923,0415,17,10
E5600056,P018,924,0415,0,10
E5600056,P018,936,0415,4,10
E5600056,P021,922,0415,0,10
E5600056,P021,923,0415,46,10
E5600056,P021,924,0415,0,10
E5600056,P021,936,0415,4,10
E5600056,P024,922,0415,3,10
E5600056,P024,923,0415,31,10
E5600056,P024,924,0415,2,10
E5600056,P024,936,0415,6,10
E5600056,P034,922,0415,6,10
E5600056,P034,923,0415,52,10
E5600056,P034,936,0415,1,10
E5600056,P004,911,0418,0,00
E5600056,P006,911,0418,3,10
E5600056,P007,911,0418,0,00
E5600056,P008,911,0418,6,10
E5600056,P009,911,0418,2,10
E5600056,P016,911,0418,4,10
E5600056,P017,911,0418,2,10
E5600056,P018,911,0418,3,10
E5600056,P021,911,0418,2,10
E5600056,P022,911,0418,3,10
E5600056,P023,911,0418,1,10
E5600056,P024,911,0418,4,10
S1900710,P070,911,0418,6,10
S1900710,P015,911,0418,0,00
S1900710,P050,911,0418,4,10
S1900710,P056,911,0418,5,10
S1900710,P060,911,0418,2,10
S1900685,P002,911,0412,13,10
S1900685,P421,911,0412,11,10
S1900685,P411,911,0412,4,10
S2202553,P001,911,0412,1,10
S2202553,P002,911,0412,1,10
S2202553,P003,911,0412,1,10
E5600841,P001,911,0412,5,10
E5600841,P002,911,0412,6,10
E5600841,P003,911,0412,9,10
E5600841,P004,911,0412,6,10
E5600841,P005,911,0412,8,10
E5600841,P006,911,0412,11,10
E5600841,P007,911,0412,13,10
E5600841,P008,911,0412,8,10
E5600841,P009,911,0412,9,10
E5600841,P010,911,0412,6,10
E5600841,PC23,911,0412,10,10
E5600841,PC83,911,0412,13,10
E5600841,PPB1,911,0412,8,10
E5600841,PPC1,911,0412,5,10
E5600841,PR54,911,0412,3,10
E5600841,PR61,911,0412,7,10
E5600841,PR62,911,0412,4,10
E5600841,PS11,911,0412,11,10
E5600841,PS12,911,0412,7,10
E5600841,PS31,911,0412,7,10
E5600841,PS32,911,0412,4,10
E5600841,PS51,911,0412,12,10
E5600841,PS52,911,0412,8,10
E5600841,PS71,911,0412,21,11
E5600841,PS72,911,0412,9,10
S2201109,P711,911,0300,15,10
S2201109,P731,911,0300,19,10
S2201109,P741,911,0300,15,10
S2201109,P751,911,0300,15,10
S2201109,P711,923,0300,21,10
S2201109,P711,936,0300,6,10
S2201109,P711,922,0300,6,10
S2201109,P731,923,0300,45,10
S2201109,P731,936,0300,7,10
S2201109,P731,922,0300,11,10
S2201109,P741,923,0300,54,10
S2201109,P741,936,0300,6,10
S2201109,P741,922,0300,22,10
S2201109,P751,923,0300,48,10
S2201109,P751,936,0300,7,10
S2201109,P751,922,0300,23,10
S2201109,P711,248,0300,7292,10
S2201109,P711,223,0300,21,10
S2201109,P711,236,0300,6,10
S2201109,P711,222,0300,6,10
S2201109,P711,259,0300,53,10
S2201109,P731,248,0300,4143,10
S2201109,P731,223,0300,51,10
S2201109,P731,236,0300,7,10
S2201109,P731,222,0300,10,10
S2201109,P731,259,0300,53,10
S2201109,P741,248,0300,4721,10
S2201109,P741,223,0300,53,10
S2201109,P741,236,0300,6,10
S2201109,P741,222,0300,21,10
S2201109,P741,259,0300,52,10
S2201109,P751,248,0300,4497,10
S2201109,P751,223,0300,49,10
S2201109,P751,236,0300,7,10
S2201109,P751,222,0300,23,10
S2201109,P751,259,0300,50,10
S2201109,P711,911,0412,15,10
S2201109,P731,911,0412,18,10
S2201109,P741,911,0412,15,10
S2201109,P751,911,0412,15,10
E4900333,P001,911,0412,9,10
E4900333,P002,911,0412,0,00
E4900333,P003,911,0412,0,32
E4900333,P103,911,0412,0,32
E4900333,P021,911,0412,6,10
E4900333,P105,911,0412,9,10
E4900744,P001,911,0418,0,00
E4900744,P002,911,0418,0,00
E4900744,P023,911,0418,0,00
S2300438,P001,911,0418,5,10
E5601197,P002,911,0418,3,10
E5601197,P003,911,0418,3,10
S1602755,P101,911,0418,5,10
S1602755,P201,911,0418,5,10
S1602755,P301,911,0418,5,10
E5600056,P004,911,0424,0,00
E5600056,P006,911,0424,3,10
E5600056,P007,911,0424,0,00
E5600056,P008,911,0424,5,10
E5600056,P009,911,0424,2,10
E5600056,P016,911,0424,4,10
E5600056,P017,911,0424,2,10
E5600056,P018,911,0424,3,10
E5600056,P021,911,0424,2,10
E5600056,P022,911,0424,3,10
E5600056,P023,911,0424,1,10
E5600056,P024,911,0424,4,10
E5400878,P010,911,0406,2,10
E5600332,P001,911,0418,4,10
E5600332,P002,911,0418,4,10
E5600332,P003,911,0418,4,10
E5600789,P001,911,0418,3,10
E5002890,P001,911,0418,5,10
E5002890,P002,911,0418,5,10
E5002890,P003,911,0418,0,00
E5600869,P001,911,0418,4,10
S2100223,P015,911,0424,0,10
S2100223,P015,922,0415,0,10
S2100223,P015,923,0415,0,10
S2100223,P015,924,0415,0,10
S2100223,P015,936,0415,0,10
S2300401,P011,911,0418,9,10
S2300429,P701,911,0418,0,00
S2300429,PF01,911,0418,9,10
S1901066,P004,911,0418,5,10
S1900710,P015,911,0424,0,00
S1900710,P050,911,0424,4,10
S1900710,P056,911,0424,6,10
S1900710,P060,911,0424,3,10
S1900710,P070,911,0424,6,10
S1900685,P002,911,0418,13,10
S1900685,P421,911,0418,12,10
S1900685,P411,911,0418,4,10
S2202553,P001,911,0418,1,10
S2202553,P002,911,0418,1,10
S2202553,P003,911,0418,1,10
E5600841,P001,911,0418,5,10
E5600841,P002,911,0418,6,10
E5600841,P003,911,0418,9,10
E5600841,P004,911,0418,6,10
E5600841,P005,911,0418,8,10
E5600841,P006,911,0418,11,10
E5600841,P007,911,0418,13,10
E5600841,P008,911,0418,7,10
E5600841,P009,911,0418,9,10
E5600841,P010,911,0418,6,10
E5600841,PC23,911,0418,9,10
E5600841,PC83,911,0418,13,10
E5600841,PPB1,911,0418,8,10
E5600841,PPC1,911,0418,5,10
E5600841,PR54,911,0418,3,10
E5600841,PR61,911,0418,7,10
E5600841,PR62,911,0418,4,10
E5600841,PS11,911,0418,11,10
E5600841,PS12,911,0418,7,10
E5600841,PS31,911,0418,7,10
E5600841,PS32,911,0418,4,10
E5600841,PS51,911,0418,12,10
E5600841,PS52,911,0418,9,10
E5600841,PS71,911,0418,0,00
E5600841,PS72,911,0418,0,00
S2201109,P711,911,0418,15,10
S2201109,P731,911,0418,19,10
S2201109,P741,911,0418,15,10
S2201109,P751,911,0418,15,10
E4900333,P001,911,0418,9,10
E4900333,P002,911,0418,0,00
E4900333,P003,911,0418,0,32
E4900333,P103,911,0418,0,32
E4900333,P021,911,0418,6,10
E4900333,P105,911,0418,10,10
E4900744,P001,911,0424,0,00
E4900744,P002,911,0424,0,00
E4900744,P023,911,0424,0,00
E4900744,P001,923,0415,0,00
E4900744,P023,923,0415,0,00
E4900744,P001,936,0415,0,00
E4900744,P023,936,0415,0,00
E5400878,P001,923,0400,21,10
E5400878,P001,936,0400,15,10
E5400878,P002,923,0400,19,10
E5400878,P002,936,0400,14,10
E5400878,P003,923,0400,17,10
E5400878,P003,936,0400,15,10
E5400878,P010,923,0400,18,10
E5400878,P010,936,0400,13,10
S2300438,P001,922,0415,0,10
S2300438,P001,923,0415,32,10
S2300438,P001,936,0415,5,10
S2300438,P001,911,0424,5,10
E5601197,P002,911,0424,3,10
E5601197,P003,911,0424,3,10
S1602755,P101,911,0424,5,10
S1602755,P201,911,0424,5,10
S1602755,P301,911,0424,5,10
S1602755,P101,922,0415,2,10
S1602755,P201,922,0415,5,10
S1602755,P301,922,0415,2,10
S1602755,P101,923,0415,89,10
S1602755,P201,923,0415,36,10
S1602755,P301,923,0415,57,10
S1602755,P101,924,0415,2,10
S1602755,P201,924,0415,174,11
S1602755,P301,924,0415,3,10
S1602755,P101,926,0415,5,10
S1602755,P201,926,0415,7,10
S1602755,P301,926,0415,10,10
S1602755,P101,936,0415,10,10
S1602755,P201,936,0415,6,10
S1602755,P301,936,0415,9,10
S2300401,P011,923,0415,58,10
S2300401,P011,936,0415,6,10
S2300401,P011,922,0415,38,10
S2300401,P011,911,0424,9,10
E5600056,P004,911,0430,0,00
E5600056,P006,911,0430,3,10
E5600056,P007,911,0430,0,00
E5600056,P008,911,0430,6,10
E5600056,P009,911,0430,2,10
E5600056,P016,911,0430,5,10
E5600056,P017,911,0430,2,10
E5600056,P018,911,0430,3,10
E5600056,P021,911,0430,3,10
E5600056,P022,911,0430,3,10
E5600056,P023,911,0430,1,10
E5600056,P024,911,0430,4,10
E5600056,P004,922,0430,0,00
E5600056,P004,923,0430,0,00
E5600056,P004,924,0430,0,00
E5600056,P004,936,0430,0,00
E5600056,P006,922,0430,25,10
E5600056,P006,923,0430,75,10
E5600056,P006,924,0430,0,10
E5600056,P006,936,0430,4,10
E5600056,P007,922,0430,0,00
E5600056,P007,923,0430,0,00
E5600056,P007,924,0430,0,00
E5600056,P007,936,0430,0,00
E5600056,P008,922,0430,45,10
E5600056,P008,923,0430,66,10
E5600056,P008,924,0430,61,10
E5600056,P008,936,0430,5,10
E5600056,P016,922,0430,0,10
E5600056,P016,923,0430,35,10
E5600056,P016,936,0430,12,10
E5600056,P017,922,0430,2,10
E5600056,P017,923,0430,24,10
E5600056,P017,924,0430,0,10
E5600056,P017,936,0430,3,10
E5600056,P018,922,0430,0,10
E5600056,P018,923,0430,17,10
E5600056,P018,936,0430,4,10
E5600056,P021,922,0430,0,10
E5600056,P021,923,0430,47,10
E5600056,P021,936,0430,4,10
E5600056,P024,922,0430,3,10
E5600056,P024,923,0430,31,10
E5600056,P024,924,0430,2,10
E5600056,P024,936,0430,6,10
E5600056,P034,923,0430,52,10
E5600056,P034,936,0430,1,10
S1900685,P002,911,0424,13,10
S1900685,P421,911,0424,12,10
S1900685,P421,922,0415,14,10
S1900685,P421,923,0415,68,10
S1900685,P421,936,0415,6,10
S1900685,P411,911,0424,4,10
S1900685,P411,922,0415,30,10
S1900685,P411,923,0415,65,10
S1900685,P411,936,0415,12,10
E5400878,P010,911,0412,2,10
E5600332,P001,911,0424,4,10
E5600332,P002,911,0424,4,10
E5600332,P003,911,0424,4,10
E5600789,P001,911,0424,3,10
E5002890,P001,911,0424,5,10
E5002890,P002,911,0424,6,10
E5002890,P003,911,0424,0,00
E5002890,P001,922,0415,0,10
E5002890,P002,922,0415,0,10
E5002890,P003,922,0415,0,00
E5002890,P001,923,0415,103,10
E5002890,P002,923,0415,118,10
E5002890,P003,923,0415,0,00
E5002890,P001,924,0415,6,10
E5002890,P002,924,0415,3,10
E5002890,P003,924,0415,0,00
E5002890,P001,926,0415,13,10
E5002890,P002,926,0415,8,10
E5002890,P003,926,0415,0,00
E5002890,P001,936,0415,13,10
E5002890,P002,936,0415,11,10
E5002890,P003,936,0415,0,00
E5600869,P001,911,0424,4,10
E5600869,P001,922,0415,135,10
E5600869,P001,923,0415,128,10
E5600869,P001,936,0415,7,10
S2100223,P015,911,0430,0,10
S2300429,P701,922,0415,0,00
S2300429,P701,923,0415,0,00
S2300429,P701,936,0415,0,00
S2300429,PF01,922,0415,14,10
S2300429,PF01,923,0415,33,10
S2300429,PF01,936,0415,6,10
S1901066,P004,922,0415,228,10
S1901066,P004,923,0415,184,10
S1901066,P004,924,0415,0,10
S1901066,P004,936,0415,4,10
S1901066,P004,937,0415,11,10
S2300429,P701,911,0424,0,00
S2300429,PF01,911,0424,8,10
S1901066,P004,911,0424,5,10
S1900710,P015,911,0430,0,00
S1900710,P050,911,0430,4,10
S1900710,P056,911,0430,5,10
S1900710,P060,911,0430,3,10
S1900710,P070,911,0430,6,10
S1900710,P015,923,0430,0,00
S1900710,P015,936,0430,0,00
S1900710,P015,922,0430,0,00
S1900710,P050,923,0430,101,10
S1900710,P050,936,0430,6,10
S1900710,P050,922,0430,55,10
S1900710,P056,923,0430,37,10
S1900710,P056,936,0430,4,10
S1900710,P056,922,0430,22,10
S1900710,P060,923,0430,23,10
S1900710,P060,936,0430,5,10
S1900710,P060,922,0430,24,10
S1900710,P070,923,0430,19,10
S1900710,P070,936,0430,8,10
S1900710,P070,922,0430,17,10
S2202553,P001,911,0424,1,10
S2202553,P002,911,0424,1,10
S2202553,P003,911,0424,1,10
S2202553,P001,922,0415,10,10
S2202553,P002,922,0415,13,10
S2202553,P003,922,0415,7,10
S2202553,P001,923,0415,94,10
S2202553,P002,923,0415,87,10
S2202553,P003,923,0415,84,10
S2202553,P001,924,0415,4,10
S2202553,P002,924,0415,1,10
S2202553,P003,924,0415,8,10
S2202553,P001,926,0415,23,10
S2202553,P002,926,0415,26,10
S2202553,P003,926,0415,24,10
S2202553,P001,936,0415,10,10
S2202553,P002,936,0415,11,10
S2202553,P003,936,0415,8,10
E5600841,P001,923,0415,12,10
E5600841,P001,936,0415,5,10
E5600841,P001,911,0424,5,10
E5600841,P001,922,0415,25,10
E5600841,P002,923,0415,19,10
E5600841,P002,936,0415,5,10
E5600841,P002,911,0424,6,10
E5600841,P002,922,0415,18,10
E5600841,P003,923,0415,12,10
E5600841,P003,936,0415,6,10
E5600841,P003,911,0424,9,10
E5600841,P003,922,0415,24,10
E5600841,P004,923,0415,20,10
E5600841,P004,936,0415,4,10
E5600841,P004,911,0424,6,10
E5600841,P004,922,0415,22,10
E5600841,P005,923,0415,18,10
E5600841,P005,936,0415,4,10
E5600841,P005,911,0424,8,10
E5600841,P005,922,0415,21,10
E5600841,P006,923,0415,40,10
E5600841,P006,936,0415,6,10
E5600841,P006,911,0424,11,10
E5600841,P006,922,0415,34,10
E5600841,P007,923,0415,116,11
E5600841,P007,936,0415,6,10
E5600841,P007,911,0424,13,10
E5600841,P007,922,0415,48,10
E5600841,P008,923,0415,33,10
E5600841,P008,936,0415,9,10
E5600841,P008,911,0424,7,10
E5600841,P008,922,0415,5,10
E5600841,P009,923,0415,11,10
E5600841,P009,936,0415,7,10
E5600841,P009,911,0424,9,10
E5600841,P009,922,0415,23,10
E5600841,P010,923,0415,10,10
E5600841,P010,936,0415,6,10
E5600841,P010,911,0424,6,10
E5600841,P010,922,0415,17,10
E5600841,PC23,923,0415,70,10
E5600841,PC23,936,0415,7,10
E5600841,PC23,911,0424,9,10
E5600841,PC23,922,0415,28,10
E5600841,PC83,923,0415,50,10
E5600841,PC83,936,0415,6,10
E5600841,PC83,911,0424,13,10
E5600841,PC83,922,0415,21,10
E5600841,PPB1,923,0415,7,10
E5600841,PPB1,936,0415,8,10
E5600841,PPB1,911,0424,8,10
E5600841,PPB1,922,0415,20,10
E5600841,PPC1,923,0415,10,10
E5600841,PPC1,936,0415,3,10
E5600841,PPC1,911,0424,5,10
E5600841,PPC1,922,0415,21,10
E5600841,PR54,923,0415,43,10
E5600841,PR54,936,0415,3,10
E5600841,PR54,911,0424,3,10
E5600841,PR54,922,0415,49,10
E5600841,PR61,923,0415,64,10
E5600841,PR61,936,0415,4,10
E5600841,PR61,911,0424,7,10
E5600841,PR61,922,0415,45,10
E5600841,PR62,923,0415,46,10
E5600841,PR62,936,0415,4,10
E5600841,PR62,911,0424,4,10
E5600841,PR62,922,0415,20,10
E5600841,PS11,923,0415,34,10
E5600841,PS11,936,0415,11,10
E5600841,PS11,911,0424,11,10
E5600841,PS11,922,0415,64,10
E5600841,PS12,911,0424,9,10
E5600841,PS31,923,0415,110,10
E5600841,PS31,936,0415,12,10
E5600841,PS31,911,0424,7,10
E5600841,PS31,922,0415,88,10
E5600841,PS32,911,0424,4,10
E5600841,PS51,923,0415,42,10
E5600841,PS51,936,0415,11,10
E5600841,PS51,911,0424,12,10
E5600841,PS51,922,0415,18,10
E5600841,PS52,911,0424,9,10
E5600841,PS71,923,0415,0,00
E5600841,PS71,936,0415,0,00
E5600841,PS71,911,0424,0,00
E5600841,PS71,922,0415,0,00
E5600841,PS72,911,0424,0,00
S2201109,P711,923,0415,21,10
S2201109,P711,936,0415,6,10
S2201109,P711,922,0415,7,10
S2201109,P731,923,0415,61,10
S2201109,P731,936,0415,6,10
S2201109,P731,922,0415,12,10
S2201109,P741,923,0415,52,10
S2201109,P741,936,0415,6,10
S2201109,P741,922,0415,22,10
S2201109,P751,923,0415,48,10
S2201109,P751,936,0415,7,10
S2201109,P751,922,0415,22,10
S2201109,P711,911,0424,15,10
S2201109,P731,911,0424,19,10
S2201109,P741,911,0424,15,10
S2201109,P751,911,0424,15,10
E4900744,P001,911,0430,0,00
E4900744,P002,911,0430,0,00
E4900744,P023,911,0430,0,00
E4900333,P001,911,0424,9,10
E4900333,P002,911,0424,0,00
E4900333,P003,911,0424,0,32
E4900333,P103,911,0424,0,32
E4900333,P021,911,0424,6,10
E4900333,P105,911,0424,9,10
E4900333,P001,922,0415,1,10
E4900333,P002,922,0415,0,00
E4900333,P003,922,0415,0,32
E4900333,P103,922,0415,0,32
E4900333,P021,922,0415,0,10
E4900333,P105,922,0415,0,32
E4900333,P001,923,0415,84,10
E4900333,P002,923,0415,0,00
E4900333,P003,923,0415,0,32
E4900333,P103,923,0415,0,32
E4900333,P021,923,0415,36,10
E4900333,P105,923,0415,0,32
E4900333,P001,936,0415,13,10
E4900333,P002,936,0415,0,00
E4900333,P003,936,0415,0,32
E4900333,P103,936,0415,0,32
E4900333,P021,936,0415,8,10
E4900333,P105,936,0415,0,32
E5600332,P001,911,0430,4,10
E5600332,P002,911,0430,4,10
E5600332,P003,911,0430,4,10
S2300438,P001,911,0430,5,10
E5601197,P002,911,0430,3,10
E5601197,P003,911,0430,3,10
S1602755,P101,911,0430,5,10
S1602755,P201,911,0430,5,10
S1602755,P301,911,0430,5,10
E5600056,P004,911,0436,0,00
E5600056,P006,911,0436,3,10
E5600056,P007,911,0436,0,00
E5600056,P008,911,0436,6,10
E5600056,P009,911,0436,2,10
E5600056,P016,911,0436,4,10
E5600056,P017,911,0436,2,10
E5600056,P018,911,0436,3,10
E5600056,P021,911,0436,2,10
E5600056,P022,911,0436,3,10
E5600056,P023,911,0436,1,10
E5600056,P024,911,0436,4,10
S1900685,P002,911,0430,12,10
S1900685,P421,911,0430,13,10
S1900685,P411,911,0430,4,10
E5400878,P010,911,0418,2,10
E5600789,P001,911,0430,3,10
E5002890,P001,911,0430,5,10
E5002890,P002,911,0430,6,10
E5002890,P003,911,0430,0,00
E5600869,P001,911,0430,4,10
S2100223,P015,911,0436,0,10
S1901066,P004,911,0430,5,10
S1900710,P015,911,0436,0,00
S1900710,P050,911,0436,4,10
S1900710,P056,911,0436,5,10
S1900710,P060,911,0436,4,10
S1900710,P070,911,0436,6,10
S2202553,P001,911,0430,1,10
S2202553,P002,911,0430,1,10
S2202553,P003,911,0430,1,10
E5600841,P001,911,0430,5,10
E5600841,P002,911,0430,6,10
E5600841,P003,911,0430,9,10
E5600841,P004,911,0430,6,10
E5600841,P005,911,0430,8,10
E5600841,P006,911,0430,11,10
E5600841,P007,911,0430,13,10
E5600841,P008,911,0430,7,10
E5600841,P009,911,0430,9,10
E5600841,P010,911,0430,6,10
E5600841,PC23,911,0430,10,10
E5600841,PC83,911,0430,14,10
E5600841,PPB1,911,0430,8,10
E5600841,PPC1,911,0430,5,10
E5600841,PR54,911,0430,3,10
E5600841,PR61,911,0430,7,10
E5600841,PR62,911,0430,4,10
E5600841,PS11,911,0430,11,10
E5600841,PS12,911,0430,8,10
E5600841,PS31,911,0430,7,10
E5600841,PS32,911,0430,4,10
E5600841,PS51,911,0430,12,10
E5600841,PS52,911,0430,9,10
E5600841,PS71,911,0430,0,00
E5600841,PS72,911,0430,0,00
E4900744,P001,911,0436,0,00
E4900744,P002,911,0436,0,00
E4900744,P023,911,0436,0,00
E4900333,P001,911,0430,9,10
E4900333,P002,911,0430,0,00
E4900333,P003,911,0430,0,32
E4900333,P103,911,0430,0,32
E4900333,P021,911,0430,6,10
E4900333,P105,911,0430,9,10
S2100223,P015,922,0430,0,10
S2100223,P015,923,0430,0,10
S2100223,P015,924,0430,0,10
S2100223,P015,936,0430,0,10
E5600332,P001,911,0436,4,10
E5600332,P002,911,0436,4,10
E5600332,P003,911,0436,4,10
S2300438,P001,911,0436,5,10
E5601197,P002,911,0436,5,10
E5601197,P003,911,0436,5,10
S1602755,P101,911,0436,5,10
S1602755,P201,911,0436,5,10
S1602755,P301,911,0436,5,10
E5600056,P004,911,0442,0,00
E5600056,P006,911,0442,3,10
E5600056,P007,911,0442,0,00
E5600056,P008,911,0442,6,10
E5600056,P009,911,0442,2,10
E5600056,P016,911,0442,5,10
E5600056,P017,911,0442,2,10
E5600056,P018,911,0442,3,10
E5600056,P021,911,0442,2,10
E5600056,P022,911,0442,3,10
E5600056,P023,911,0442,1,10
E5600056,P024,911,0442,4,10
S1900685,P002,911,0436,13,10
S1900685,P421,911,0436,12,10
S1900685,P411,911,0436,4,10
S2202553,P001,911,0436,1,10
S2202553,P002,911,0436,1,10
S2202553,P003,911,0436,1,10
E4900744,P001,923,0430,0,00
E4900744,P023,923,0430,0,00
E4900744,P001,936,0430,0,00
E4900744,P023,936,0430,0,00
E5400878,P001,923,0415,21,10
E5400878,P001,936,0415,15,10
E5400878,P002,923,0415,19,10
E5400878,P002,936,0415,14,10
E5400878,P003,923,0415,17,10
E5400878,P003,936,0415,15,10
E5400878,P010,923,0415,18,10
E5400878,P010,936,0415,13,10
E5400878,P010,911,0424,2,10
S2300401,P011,911,0436,9,10
E5600789,P001,911,0436,3,10
E5002890,P001,911,0436,5,10
E5002890,P002,911,0436,5,10
E5002890,P003,911,0436,0,00
E5600869,P001,911,0436,4,10
S2100223,P015,911,0442,0,10
S2300429,P701,911,0436,0,00
S2300429,PF01,911,0436,8,10
S1901066,P004,911,0436,5,10
S1900710,P015,911,0442,0,00
S1900710,P050,911,0442,4,10
S1900710,P056,911,0442,5,10
S1900710,P060,911,0442,4,10
S1900710,P070,911,0442,6,10
S1602755,P101,922,0430,2,10
S1602755,P201,922,0430,2,10
S1602755,P301,922,0430,2,10
S1602755,P101,923,0430,70,10
S1602755,P201,923,0430,49,10
S1602755,P301,923,0430,62,10
S1602755,P101,924,0430,9,10
S1602755,P201,924,0430,53,10
S1602755,P301,924,0430,2,10
S1602755,P101,926,0430,4,10
S1602755,P201,926,0430,7,10
S1602755,P301,926,0430,11,10
S1602755,P101,936,0430,9,10
S1602755,P201,936,0430,7,10
S1602755,P301,936,0430,9,10
E5600841,P001,911,0436,5,10
E5600841,P002,911,0436,6,10
E5600841,P003,911,0436,9,10
E5600841,P004,911,0436,6,10
E5600841,P005,911,0436,8,10
E5600841,P006,911,0436,11,10
E5600841,P007,911,0436,13,10
E5600841,P008,911,0436,7,10
E5600841,P009,911,0436,9,10
E5600841,P010,911,0436,6,10
E5600841,PC23,911,0436,10,10
E5600841,PC83,911,0436,14,10
E5600841,PPB1,911,0436,8,10
E5600841,PPC1,911,0436,5,10
E5600841,PR54,911,0436,3,10
E5600841,PR61,911,0436,7,10
E5600841,PR62,911,0436,4,10
E5600841,PS11,911,0436,12,10
E5600841,PS12,911,0436,7,10
E5600841,PS31,911,0436,7,10
E5600841,PS32,911,0436,4,10
E5600841,PS51,911,0436,12,10
E5600841,PS52,911,0436,8,10
E5600841,PS71,911,0436,0,00
E5600841,PS72,911,0436,0,00
S2300438,P001,922,0430,0,10
S2300438,P001,923,0430,32,10
S2300438,P001,936,0430,6,10
S2201109,P711,911,0436,15,10
S2201109,P731,911,0436,18,10
S2201109,P741,911,0436,15,10
S2201109,P751,911,0436,15,10
E4900744,P001,911,0442,0,00
E4900744,P002,911,0442,0,00
E4900744,P023,911,0442,0,00
S2300429,P701,911,0430,0,00
S2300429,P701,922,0430,0,00
S2300429,P701,923,0430,0,00
S2300429,P701,936,0430,0,00
S2300429,PF01,911,0430,8,10
S2300429,PF01,922,0430,11,10
S2300429,PF01,923,0430,31,10
S2300429,PF01,936,0430,6,10
S1901066,P004,922,0430,228,10
S1901066,P004,923,0430,185,10
S1901066,P004,924,0430,0,10
S1901066,P004,936,0430,4,10
S1901066,P004,937,0430,11,10
E4900333,P001,911,0436,9,10
E4900333,P002,911,0436,0,00
E4900333,P003,911,0436,0,32
E4900333,P103,911,0436,0,32
E4900333,P021,911,0436,6,10
E4900333,P105,911,0436,9,10
E5002890,P001,922,0430,0,10
E5002890,P002,922,0430,0,10
E5002890,P003,922,0430,0,00
E5002890,P001,923,0430,119,10
E5002890,P002,923,0430,124,10
E5002890,P003,923,0430,0,00
E5002890,P001,924,0430,6,10
E5002890,P002,924,0430,3,10
E5002890,P003,924,0430,0,00
E5002890,P001,926,0430,18,10
E5002890,P002,926,0430,6,10
E5002890,P003,926,0430,0,00
E5002890,P001,936,0430,13,10
E5002890,P002,936,0430,10,10
E5002890,P003,936,0430,0,00
E5600869,P001,922,0430,137,10
E5600869,P001,923,0430,128,10
E5600869,P001,936,0430,7,10
E2000554,P003,923,0445,31,10
E2000554,P003,922,0445,13,10
E2000554,P003,936,0445,5,10
S1900710,P070,923,0445,18,10
S1900710,P070,936,0445,8,10
S1900710,P070,922,0445,17,10
S1900710,P015,923,0445,0,00
S1900710,P015,936,0445,0,00
S1900710,P015,922,0445,0,00
S1900710,P050,923,0445,97,10
S1900710,P050,936,0445,5,10
S1900710,P050,922,0445,55,10
S1900710,P056,923,0445,39,10
S1900710,P056,936,0445,4,10
S1900710,P056,922,0445,23,10
S1900710,P060,923,0445,24,10
S1900710,P060,936,0445,5,10
S1900710,P060,922,0445,24,10
S1900685,P421,922,0430,15,10
S1900685,P421,923,0430,67,10
S1900685,P421,936,0430,6,10
S1900685,P411,922,0430,31,10
S1900685,P411,923,0430,66,10
S1900685,P411,936,0430,12,10
S2202553,P001,922,0430,7,10
S2202553,P002,922,0430,6,10
S2202553,P003,922,0430,7,10
S2202553,P001,923,0430,92,10
S2202553,P002,923,0430,85,10
S2202553,P003,923,0430,81,10
S2202553,P001,924,0430,3,10
S2202553,P002,924,0430,1,10
S2202553,P003,924,0430,10,10
S2202553,P001,926,0430,16,10
S2202553,P002,926,0430,14,10
S2202553,P003,926,0430,25,10
S2202553,P001,936,0430,10,10
S2202553,P002,936,0430,11,10
S2202553,P003,936,0430,9,10
S1601990,P001,911,0442,3,10
S1601990,P004,911,0442,5,10
S1601990,P049,911,0442,1,10
S2300401,P011,911,0430,9,10
S2300401,P011,923,0430,60,10
S2300401,P011,936,0430,6,10
S2300401,P011,922,0430,38,10
S2300438,P001,911,0442,5,10
E5601197,P002,911,0442,6,10
E5601197,P003,911,0442,6,10
S1602755,P101,911,0442,5,10
S1602755,P201,911,0442,5,10
S1602755,P301,911,0442,5,10
E5600841,P001,923,0430,28,10
E5600841,P001,936,0430,4,10
E5600841,P001,922,0430,30,10
E5600841,P002,923,0430,17,10
E5600841,P002,936,0430,4,10
E5600841,P002,922,0430,17,10
E5600841,P003,923,0430,29,10
E5600841,P003,936,0430,5,10
E5600841,P003,922,0430,27,10
E5600841,P004,923,0430,20,10
E5600841,P004,936,0430,3,10
E5600841,P004,922,0430,20,10
E5600841,P005,923,0430,15,10
E5600841,P005,936,0430,3,10
E5600841,P005,922,0430,19,10
E5600841,P006,923,0430,39,10
E5600841,P006,936,0430,6,10
E5600841,P006,922,0430,33,10
E5600841,P007,923,0430,89,10
E5600841,P007,936,0430,5,10
E5600841,P007,922,0430,50,10
E5600841,P008,923,0430,33,10
E5600841,P008,936,0430,9,10
E5600841,P008,922,0430,5,10
E5600841,P009,923,0430,11,10
E5600841,P009,936,0430,6,10
E5600841,P009,922,0430,22,10
E5600841,P010,923,0430,11,10
E5600841,P010,936,0430,6,10
E5600841,P010,922,0430,16,10
E5600841,PC23,923,0430,68,10
E5600841,PC23,936,0430,8,10
E5600841,PC23,922,0430,28,10
E5600841,PC83,923,0430,55,10
E5600841,PC83,936,0430,7,10
E5600841,PC83,922,0430,20,10
E5600841,PPB1,923,0430,9,10
E5600841,PPB1,936,0430,8,10
E5600841,PPB1,922,0430,19,10
E5600841,PPC1,923,0430,12,10
E5600841,PPC1,936,0430,3,10
E5600841,PPC1,922,0430,20,10
E5600841,PR54,923,0430,45,10
E5600841,PR54,936,0430,4,10
E5600841,PR54,922,0430,46,10
E5600841,PR61,923,0430,66,10
E5600841,PR61,936,0430,4,10
E5600841,PR61,922,0430,45,10
E5600841,PR62,923,0430,45,10
E5600841,PR62,936,0430,4,10
E5600841,PR62,922,0430,21,10
E5600841,PS11,923,0430,32,10
E5600841,PS11,936,0430,11,10
E5600841,PS11,922,0430,63,10
E5600841,PS31,923,0430,105,10
E5600841,PS31,936,0430,12,10
E5600841,PS31,922,0430,82,10
E5600841,PS51,923,0430,42,10
E5600841,PS51,936,0430,12,10
E5600841,PS51,922,0430,18,10
E5600841,PS71,923,0430,0,00
E5600841,PS71,936,0430,0,00
E5600841,PS71,922,0430,0,00
E5600332,P001,911,0442,4,10
E5600332,P002,911,0442,4,10
E5600332,P003,911,0442,4,10
S1901066,P004,911,0442,5,10
E5600869,P001,911,0442,4,10
S1900685,P002,911,0442,13,10
S1900685,P421,911,0442,12,10
S1900685,P411,911,0442,4,10
S2202553,P001,911,0442,1,10
S2202553,P002,911,0442,1,10
S2202553,P003,911,0442,1,10
E5400878,P010,911,0430,2,10
S2300401,P011,911,0442,9,10
E5600056,P004,922,0445,0,00
E5600056,P004,923,0445,0,00
E5600056,P004,924,0445,0,00
E5600056,P004,936,0445,0,00
E5600056,P006,922,0445,23,10
E5600056,P006,923,0445,70,10
E5600056,P006,924,0445,0,10
E5600056,P006,936,0445,5,10
E5600056,P007,922,0445,0,00
E5600056,P007,923,0445,0,00
E5600056,P007,924,0445,0,00
E5600056,P007,936,0445,0,00
E5600056,P008,922,0445,40,10
E5600056,P008,923,0445,65,10
E5600056,P008,924,0445,64,10
E5600056,P008,936,0445,5,10
E5600056,P016,922,0445,0,10
E5600056,P016,923,0445,35,10
E5600056,P016,936,0445,12,10
E5600056,P017,922,0445,2,10
E5600056,P017,923,0445,24,10
E5600056,P017,924,0445,0,10
E5600056,P017,936,0445,3,10
E5600056,P018,922,0445,0,10
E5600056,P018,923,0445,17,10
E5600056,P018,924,0445,0,10
E5600056,P018,936,0445,4,10
E5600056,P021,922,0445,0,10
E5600056,P021,923,0445,46,10
E5600056,P021,924,0445,0,10
E5600056,P021,936,0445,4,10
E5600056,P024,922,0445,3,10
E5600056,P024,923,0445,32,10
E5600056,P024,924,0445,2,10
E5600056,P024,936,0445,6,10
E5600056,P034,922,0445,6,10
E5600056,P034,923,0445,55,10
E5600056,P034,936,0445,1,10
E5600789,P001,911,0442,3,10
E5600056,P004,911,0448,0,00
E5600056,P006,911,0448,3,10
E5600056,P007,911,0448,0,00
E5600056,P008,911,0448,6,10
E5600056,P009,911,0448,2,10
E5600056,P016,911,0448,4,10
E5600056,P017,911,0448,2,10
E5600056,P018,911,0448,3,10
E5600056,P021,911,0448,2,10
E5600056,P022,911,0448,3,10
E5600056,P023,911,0448,1,10
E5600056,P024,911,0448,4,10
E5002890,P001,911,0442,5,10
E5002890,P002,911,0442,6,10
E5002890,P003,911,0442,0,00
S2100223,P015,911,0448,0,10
S2300429,P701,911,0442,0,00
S2300429,PF01,911,0442,8,10
E4900333,P001,922,0430,1,10
E4900333,P002,922,0430,0,00
E4900333,P003,922,0430,0,32
E4900333,P103,922,0430,0,32
E4900333,P021,922,0430,0,10
E4900333,P105,922,0430,53,10
E4900333,P001,923,0430,83,10
E4900333,P002,923,0430,0,00
E4900333,P003,923,0430,0,32
E4900333,P103,923,0430,0,32
E4900333,P021,923,0430,36,10
E4900333,P105,923,0430,70,10
E4900333,P001,936,0430,13,10
E4900333,P002,936,0430,0,00
E4900333,P003,936,0430,0,32
E4900333,P103,936,0430,0,32
E4900333,P021,936,0430,7,10
E4900333,P105,936,0430,10,10
S1900710,P070,911,0448,6,10
S1900710,P015,911,0448,0,00
S1900710,P050,911,0448,4,10
S1900710,P056,911,0448,5,10
S1900710,P060,911,0448,3,10
E5600841,P001,911,0442,5,10
E5600841,P002,911,0442,6,10
E5600841,P003,911,0442,9,10
E5600841,P004,911,0442,6,10
E5600841,P005,911,0442,8,10
E5600841,P006,911,0442,11,10
E5600841,P007,911,0442,13,10
E5600841,P008,911,0442,7,10
E5600841,P009,911,0442,9,10
E5600841,P010,911,0442,6,10
E5600841,PC23,911,0442,10,10
E5600841,PC83,911,0442,14,10
E5600841,PPB1,911,0442,8,10
E5600841,PPC1,911,0442,5,10
E5600841,PR54,911,0442,3,10
E5600841,PR61,911,0442,7,10
E5600841,PR62,911,0442,4,10
E5600841,PS11,911,0442,11,10
E5600841,PS12,911,0442,6,10
E5600841,PS31,911,0442,7,10
E5600841,PS32,911,0442,4,10
E5600841,PS51,911,0442,12,10
E5600841,PS52,911,0442,9,10
E5600841,PS71,911,0442,0,00
E5600841,PS72,911,0442,0,00
E4900744,P001,911,0448,0,00
E4900744,P002,911,0448,0,00
E4900744,P023,911,0448,0,00
S2201109,P711,911,0430,15,10
S2201109,P731,911,0430,19,10
S2201109,P741,911,0430,15,10
S2201109,P751,911,0430,15,10
S2201109,P711,923,0430,20,10
S2201109,P711,936,0430,6,10
S2201109,P711,922,0430,7,10
S2201109,P731,923,0430,60,10
S2201109,P731,936,0430,6,10
S2201109,P731,922,0430,12,10
S2201109,P741,923,0430,54,10
S2201109,P741,936,0430,6,10
S2201109,P741,922,0430,23,10
S2201109,P751,923,0430,48,10
S2201109,P751,936,0430,7,10
S2201109,P751,922,0430,21,10
S2201109,P711,911,0442,15,10
S2201109,P731,911,0442,18,10
S2201109,P741,911,0442,15,10
S2201109,P751,911,0442,15,10
E4900333,P001,911,0442,9,10
E4900333,P002,911,0442,0,00
E4900333,P003,911,0442,0,32
E4900333,P103,911,0442,0,32
E4900333,P021,911,0442,6,10
E4900333,P105,911,0442,9,10
S2300438,P001,911,0448,5,10
E5601197,P002,911,0448,5,10
E5601197,P003,911,0448,5,10
S1602755,P101,911,0448,5,10
S1602755,P201,911,0448,5,10
S1602755,P301,911,0448,5,10
E5600332,P001,911,0448,4,10
E5600332,P002,911,0448,4,10
E5600332,P003,911,0448,4,10
S1901066,P004,911,0448,5,10
E5600869,P001,911,0448,4,10
S1900685,P002,911,0448,13,10
S1900685,P421,911,0448,13,10
S1900685,P411,911,0448,4,10
S2202553,P001,911,0448,1,10
S2202553,P002,911,0448,1,10
S2202553,P003,911,0448,1,10
E5400878,P010,911,0436,2,10
S2300401,P011,911,0448,9,10
E5600789,P001,911,0448,3,10
E5600056,P004,911,0454,0,00
E5600056,P006,911,0454,3,10
E5600056,P007,911,0454,0,00
E5600056,P008,911,0454,5,10
E5600056,P009,911,0454,2,10
E5600056,P016,911,0454,5,10
E5600056,P017,911,0454,2,10
E5600056,P018,911,0454,3,10
E5600056,P021,911,0454,2,10
E5600056,P022,911,0454,3,10
E5600056,P023,911,0454,1,10
E5600056,P024,911,0454,4,10
E5002890,P001,911,0448,5,10
E5002890,P002,911,0448,5,10
E5002890,P003,911,0448,0,00
S2100223,P015,911,0454,0,10
S2100223,P015,922,0445,0,10
S2100223,P015,923,0445,0,10
S2100223,P015,924,0445,0,10
S2100223,P015,936,0445,0,10
S2100223,P015,222,0400,0,
S2100223,P015,223,0400,0,
S2100223,P015,224,0400,0,
S2100223,P015,236,0400,0,
S2100223,P015,248,0400,0,
S2100223,P015,259,0400,0,
S2201109,P711,911,0448,15,10
S2201109,P731,911,0448,18,10
S2201109,P741,911,0448,15,10
S2201109,P751,911,0448,15,10
S2300429,P701,911,0448,0,00
S2300429,PF01,911,0448,8,10
S1900710,P015,911,0454,0,00
S1900710,P050,911,0454,4,10
S1900710,P056,911,0454,5,10
S1900710,P060,911,0454,4,10
S1900710,P070,911,0454,6,10
E5600841,P001,911,0448,5,10
E5600841,P002,911,0448,6,10
E5600841,P003,911,0448,9,10
E5600841,P004,911,0448,6,10
E5600841,P005,911,0448,8,10
E5600841,P006,911,0448,11,10
E5600841,P007,911,0448,13,10
E5600841,P008,911,0448,7,10
E5600841,P009,911,0448,9,10
E5600841,P010,911,0448,6,10
E5600841,PC23,911,0448,11,10
E5600841,PC83,911,0448,14,10
E5600841,PPB1,911,0448,8,10
E5600841,PPC1,911,0448,5,10
E5600841,PR54,911,0448,3,10
E5600841,PR61,911,0448,7,10
E5600841,PR62,911,0448,4,10
E5600841,PS11,911,0448,11,10
E5600841,PS12,911,0448,8,10
E5600841,PS31,911,0448,7,10
E5600841,PS32,911,0448,4,10
E5600841,PS51,911,0448,12,10
E5600841,PS52,911,0448,8,10
E5600841,PS71,911,0448,0,00
E5600841,PS72,911,0448,0,00
E4900744,P001,911,0454,0,00
E4900744,P002,911,0454,0,00
E4900744,P023,911,0454,0,00
E4900744,P001,923,0445,0,00
E4900744,P023,923,0445,0,00
E4900744,P001,936,0445,0,00
E4900744,P023,936,0445,0,00
E4900744,P001,223,0400,0,00
E4900744,P023,223,0400,0,00
E4900744,P001,236,0400,0,00
E4900744,P023,236,0400,0,00
E4900744,P001,248,0400,0,00
E4900744,P023,248,0400,0,00
E4900744,P001,259,0400,0,00
E4900744,P023,259,0400,0,00
E5400878,P001,923,0430,21,10
E5400878,P001,936,0430,15,10
E5400878,P002,923,0430,19,10
E5400878,P002,936,0430,14,10
E5400878,P003,923,0430,17,10
E5400878,P003,936,0430,15,10
E5400878,P010,923,0430,18,10
E5400878,P010,936,0430,13,10
E4900333,P001,911,0448,9,10
E4900333,P002,911,0448,0,00
E4900333,P003,911,0448,0,32
E4900333,P103,911,0448,0,32
E4900333,P021,911,0448,6,10
E4900333,P105,911,0448,9,10
S2300438,P001,922,0445,0,10
S2300438,P001,923,0445,35,10
S2300438,P001,936,0445,5,10
S2300438,P001,911,0454,5,10
E5601197,P002,911,0454,4,10
E5601197,P003,911,0454,3,10
S1602755,P101,911,0454,5,10
S1602755,P201,911,0454,5,10
S1602755,P301,911,0454,5,10
S1602755,P101,922,0445,2,10
S1602755,P201,922,0445,2,10
S1602755,P301,922,0445,2,10
S1602755,P101,923,0445,55,10
S1602755,P201,923,0445,72,10
S1602755,P301,923,0445,58,10
S1602755,P101,924,0445,8,10
S1602755,P201,924,0445,2,10
S1602755,P301,924,0445,21,10
S1602755,P101,926,0445,4,10
S1602755,P201,926,0445,7,10
S1602755,P301,926,0445,11,10
S1602755,P101,936,0445,10,10
S1602755,P201,936,0445,9,10
S1602755,P301,936,0445,9,10
S1602755,P101,222,0400,2,10
S1602755,P201,222,0400,3,10
S1602755,P301,222,0400,2,10
S1602755,P101,223,0400,71,10
S1602755,P201,223,0400,56,10
S1602755,P301,223,0400,58,10
S1602755,P101,224,0400,6,10
S1602755,P201,224,0400,61,10
S1602755,P301,224,0400,7,10
S1602755,P101,226,0400,4,10
S1602755,P201,226,0400,7,10
S1602755,P301,226,0400,10,10
S1602755,P101,236,0400,10,10
S1602755,P201,236,0400,8,10
S1602755,P301,236,0400,9,10
S1602755,P101,248,0400,97437,10
S1602755,P201,248,0400,88671,10
S1602755,P301,248,0400,100693,10
S1602755,P101,259,0400,137,10
S1602755,P201,259,0400,133,10
S1602755,P301,259,0400,136,10
S1901066,P004,922,0445,228,10
S1901066,P004,923,0445,186,10
S1901066,P004,924,0445,0,10
S1901066,P004,936,0445,4,10
S1901066,P004,937,0445,11,10
E5600332,P001,911,0454,4,10
E5600332,P002,911,0454,4,10
E5600332,P003,911,0454,4,10
S1901066,P004,911,0454,5,10
E5600869,P001,911,0454,4,10
E5600869,P001,922,0445,136,10
E5600869,P001,923,0445,129,10
E5600869,P001,936,0445,7,10
E5600869,P001,222,0400,137,10
E5600869,P001,223,0400,128,10
E5600869,P001,236,0400,7,10
E5600869,P001,248,0400,56255,10
E5600869,P001,259,0400,107,10
S1900685,P002,911,0454,12,10
S1900685,P421,911,0454,15,10
S1900685,P421,922,0445,14,10
S1900685,P421,923,0445,66,10
S1900685,P421,936,0445,6,10
S1900685,P421,222,0400,14,10
S1900685,P421,223,0400,68,10
S1900685,P421,236,0400,6,10
S1900685,P421,248,0400,301579,10
S1900685,P421,259,0400,51,10
S1900685,P411,911,0454,4,10
S1900685,P411,222,0400,30,10
S1900685,P411,922,0445,30,10
S1900685,P411,223,0400,66,10
S1900685,P411,923,0445,65,10
S1900685,P411,236,0400,12,10
S1900685,P411,936,0445,12,10
S1900685,P411,248,0400,18064,10
S1900685,P411,259,0400,127,10
S2300401,P011,911,0400,9,10
S2300401,P011,923,0400,62,10
S2300401,P011,936,0400,7,10
S2300401,P011,922,0400,39,10
S2300401,P011,248,0400,171648,10
S2300401,P011,223,0400,60,10
S2300401,P011,236,0400,7,10
S2300401,P011,222,0400,38,10
S2300401,P011,259,0400,52,10
S2300401,P011,923,0445,62,10
S2300401,P011,936,0445,7,10
S2300401,P011,922,0445,39,10
E5400878,P010,911,0442,2,10
S2300401,P011,911,0454,9,10
E5600789,P001,911,0454,3,10
E5600056,P004,911,0500,0,00
E5600056,P006,911,0500,3,10
E5600056,P007,911,0500,0,00
E5600056,P008,911,0500,6,10
E5600056,P009,911,0500,2,10
E5600056,P016,911,0500,4,10
E5600056,P017,911,0500,2,10
E5600056,P018,911,0500,3,10
E5600056,P021,911,0500,2,10
E5600056,P022,911,0500,3,10
E5600056,P023,911,0500,1,10
E5600056,P024,911,0500,4,10
E5600056,P004,922,0500,0,00
E5600056,P004,923,0500,0,00
E5600056,P004,924,0500,0,00
E5600056,P004,936,0500,0,00
E5600056,P006,922,0500,21,10
E5600056,P006,923,0500,76,10
E5600056,P006,924,0500,0,10
E5600056,P006,936,0500,5,10
E5600056,P007,922,0500,0,00
E5600056,P007,923,0500,0,00
E5600056,P007,924,0500,0,00
E5600056,P007,936,0500,0,00
E5600056,P008,922,0500,39,10
E5600056,P008,923,0500,66,10
E5600056,P008,924,0500,75,10
E5600056,P008,936,0500,5,10
E5600056,P016,922,0500,0,10
E5600056,P016,923,0500,36,10
E5600056,P016,936,0500,12,10
E5600056,P017,922,0500,2,10
E5600056,P017,923,0500,24,10
E5600056,P017,924,0500,0,10
E5600056,P017,936,0500,3,10
E5600056,P018,922,0500,0,10
E5600056,P018,923,0500,17,10
E5600056,P018,936,0500,4,10
E5600056,P021,922,0500,0,10
E5600056,P021,923,0500,47,10
E5600056,P021,936,0500,4,10
E5600056,P024,922,0500,3,10
E5600056,P024,923,0500,32,10
E5600056,P024,924,0500,2,10
E5600056,P024,936,0500,6,10
E5600056,P034,923,0500,58,10
E5600056,P034,936,0500,1,10
E5600056,P004,222,0500,0,00
E5600056,P004,223,0500,0,00
E5600056,P004,224,0500,0,00
E5600056,P004,236,0500,0,00
E5600056,P004,248,0500,0,00
E5600056,P004,259,0500,0,00
E5600056,P006,222,0500,23,10
E5600056,P006,223,0500,73,10
E5600056,P006,224,0500,0,10
E5600056,P006,236,0500,5,10
E5002890,P001,911,0454,5,10
E5002890,P002,911,0454,5,10
E5002890,P003,911,0454,0,00
E5002890,P001,922,0445,0,10
E5002890,P002,922,0445,0,10
E5002890,P003,922,0445,0,00
E5002890,P001,923,0445,122,10
E5002890,P002,923,0445,124,10
E5002890,P003,923,0445,0,00
E5002890,P001,924,0445,5,10
E5002890,P002,924,0445,2,10
E5002890,P003,924,0445,0,00
E5002890,P001,926,0445,20,10
E5002890,P002,926,0445,5,10
E5002890,P003,926,0445,0,00
E5002890,P001,936,0445,12,10
E5002890,P002,936,0445,10,10
E5002890,P003,936,0445,0,00
E5002890,P001,222,0400,0,10
E5002890,P002,222,0400,0,10
E5002890,P003,222,0400,0,00
E5002890,P001,223,0400,114,10
E5002890,P002,223,0400,121,10
E5002890,P003,223,0400,0,00
E5002890,P001,224,0400,5,10
E5002890,P002,224,0400,3,10
E5002890,P003,224,0400,0,00
E5002890,P001,226,0400,17,10
E5002890,P002,226,0400,6,10
E5002890,P003,226,0400,0,00
E5002890,P001,236,0400,13,10
E5002890,P002,236,0400,10,10
E5002890,P003,236,0400,0,00
E5002890,P001,248,0400,55050,10
E5002890,P002,248,0400,74819,10
E5002890,P003,248,0400,0,00
E5002890,P001,259,0400,167,10
E5002890,P002,259,0400,159,10
E5002890,P003,259,0400,0,00
S2202553,P001,911,0454,1,10
S2202553,P002,911,0454,1,10
S2202553,P003,911,0454,1,10
S2202553,P001,922,0445,8,10
S2202553,P002,922,0445,9,10
S2202553,P003,922,0445,5,10
S2202553,P001,923,0445,94,10
S2202553,P002,923,0445,88,10
S2202553,P003,923,0445,74,10
S2202553,P001,924,0445,3,10
S2202553,P002,924,0445,1,10
S2202553,P003,924,0445,41,10
S2202553,P001,926,0445,14,10
S2202553,P002,926,0445,21,10
S2202553,P003,926,0445,22,10
S2202553,P001,936,0445,10,10
S2202553,P002,936,0445,11,10
S2202553,P003,936,0445,9,10
S2202553,P001,222,0400,10,10
S2202553,P002,222,0400,10,10
S2202553,P003,222,0400,7,10
S2202553,P001,223,0400,92,10
S2202553,P002,223,0400,89,10
S2202553,P003,223,0400,82,10
S2202553,P001,224,0400,4,10
S2202553,P002,224,0400,1,10
S2202553,P003,224,0400,16,10
S2202553,P001,226,0400,19,10
S2202553,P002,226,0400,20,10
S2202553,P003,226,0400,24,10
S2202553,P001,236,0400,10,10
S2202553,P002,236,0400,11,10
S2202553,P003,236,0400,9,10
S2202553,P001,248,0400,106293,10
S2202553,P002,248,0400,107541,10
S2202553,P003,248,0400,109751,10
S2202553,P001,259,0400,140,10
S2202553,P002,259,0400,135,10
S2202553,P003,259,0400,149,10
S2100223,P015,911,0500,0,10
S2201109,P711,923,0445,20,10
S2201109,P711,936,0445,6,10
S2201109,P711,922,0445,7,10
S2201109,P731,923,0445,60,10
S2201109,P731,936,0445,6,10
S2201109,P731,922,0445,12,10
S2201109,P741,923,0445,49,10
S2201109,P741,936,0445,6,10
S2201109,P741,922,0445,23,10
S2201109,P751,923,0445,47,10
S2201109,P751,936,0445,7,10
S2201109,P751,922,0445,22,10
S2300429,P701,922,0445,0,00
S2300429,P701,923,0445,0,00
S2300429,P701,936,0445,0,00
S2300429,PF01,922,0445,10,10
S2300429,PF01,923,0445,31,10
S2300429,PF01,936,0445,6,10
S2201109,P711,911,0454,15,10
S2201109,P731,911,0454,18,10
S2201109,P741,911,0454,15,10
S2201109,P751,911,0454,15,10
S2300429,P701,911,0454,0,00
S2300429,PF01,911,0454,9,10
S1900710,P015,911,0500,0,00
S1900710,P050,911,0500,4,10
S1900710,P056,911,0500,5,10
S1900710,P060,911,0500,3,10
S1900710,P070,911,0500,6,10
S1900710,P015,923,0500,0,00
S1900710,P015,936,0500,0,00
S1900710,P015,922,0500,0,00
S1900710,P050,923,0500,99,10
S1900710,P050,936,0500,6,10
S1900710,P050,922,0500,54,10
S1900710,P056,923,0500,37,10
S1900710,P056,936,0500,4,10
S1900710,P056,922,0500,23,10
S1900710,P060,923,0500,24,10
S1900710,P060,936,0500,5,10
S1900710,P060,922,0500,24,10
S1900710,P070,923,0500,20,10
S1900710,P070,936,0500,8,10
S1900710,P070,922,0500,17,10
S1900710,P015,248,0500,0,00
S1900710,P015,223,0500,0,00
S1900710,P015,236,0500,0,00
S1900710,P015,222,0500,0,00
S1900710,P015,259,0500,0,00
S1900710,P050,248,0500,67212,10
S1900710,P050,223,0500,99,10
S1900710,P050,236,0500,6,10
S1900710,P050,222,0500,55,10
S1900710,P050,259,0500,136,10
S1900710,P056,248,0500,172116,10
S1900710,P056,223,0500,38,10
S1900710,P056,236,0500,4,10
S1900710,P056,222,0500,23,10
S1900710,P056,259,0500,125,10
S1900710,P060,248,0500,161352,10
S1900710,P060,223,0500,24,10
S1900710,P060,236,0500,5,10
S1900710,P060,222,0500,24,10
S1900710,P060,259,0500,123,10
S1900710,P070,248,0500,165240,10
S1900710,P070,223,0500,20,10
S1900710,P070,236,0500,8,10
S1900710,P070,222,0500,17,10
S1900710,P070,259,0500,85,10
E4900744,P001,911,0500,0,00
E4900744,P002,911,0500,0,00
E4900744,P023,911,0500,0,00
E4900333,P001,911,0454,9,10
E4900333,P002,911,0454,0,00
E4900333,P003,911,0454,0,32
E4900333,P103,911,0454,0,32
E4900333,P021,911,0454,6,10
E4900333,P105,911,0454,10,10
E4900333,P001,922,0445,1,10
E4900333,P002,922,0445,0,00
E4900333,P003,922,0445,0,32
E4900333,P103,922,0445,0,32
E4900333,P021,922,0445,0,10
E4900333,P105,922,0445,52,10
E4900333,P001,923,0445,83,10
E4900333,P002,923,0445,0,00
E4900333,P003,923,0445,0,32
E4900333,P103,923,0445,0,32
E4900333,P021,923,0445,37,10
E4900333,P105,923,0445,69,10
E4900333,P001,936,0445,13,10
E4900333,P002,936,0445,0,00
E4900333,P003,936,0445,0,32
E4900333,P103,936,0445,0,32
E4900333,P021,936,0445,7,10
E4900333,P105,936,0445,10,10
E4900333,P001,259,0400,87,10
E4900333,P002,259,0400,0,00
E4900333,P003,259,0400,0,32
E4900333,P103,259,0400,0,32
E4900333,P021,259,0400,126,10
E4900333,P105,259,0400,166,10
E4900333,P001,222,0400,1,10
E4900333,P002,222,0400,0,00
E4900333,P003,222,0400,0,32
E4900333,P103,222,0400,0,32
E4900333,P021,222,0400,0,10
E4900333,P105,222,0400,53,10
E4900333,P001,223,0400,84,10
E4900333,P002,223,0400,0,00
E4900333,P003,223,0400,0,32
E4900333,P103,223,0400,0,32
E4900333,P021,223,0400,37,10
E4900333,P105,223,0400,70,10
E4900333,P001,236,0400,13,10
E4900333,P002,236,0400,0,00
E4900333,P003,236,0400,0,32
E4900333,P103,236,0400,0,32
E4900333,P021,236,0400,7,10
E4900333,P105,236,0400,10,10
E4900333,P001,248,0400,41050,10
E4900333,P002,248,0400,0,00
E4900333,P003,248,0400,0,32
E4900333,P103,248,0400,0,32
E4900333,P021,248,0400,102567,10
E4900333,P105,248,0400,182577,10
S2300438,P001,911,0500,5,10
E5601197,P002,911,0500,4,10
E5601197,P003,911,0500,3,10
S1602755,P101,911,0500,5,10
S1602755,P201,911,0500,5,10
S1602755,P301,911,0500,5,10
E5600841,P001,248,0400,207281,10
E5600841,P001,923,0445,14,10
E5600841,P001,223,0400,17,10
E5600841,P001,936,0445,4,10
E5600841,P001,236,0400,4,10
E5600841,P001,911,0454,5,10
E5600841,P001,922,0445,23,10
E5600841,P001,222,0400,25,10
E5600841,P001,259,0400,172,10
E5600841,P002,248,0400,229529,10
E5600841,P002,923,0445,17,10
E5600841,P002,223,0400,18,10
E5600841,P002,936,0445,4,10
E5600841,P002,236,0400,4,10
E5600841,P002,911,0454,6,10
E5600841,P002,922,0445,17,10
E5600841,P002,222,0400,17,10
E5600841,P002,259,0400,171,10
E5600841,P003,248,0400,189465,10
E5600841,P003,923,0445,14,10
E5600841,P003,223,0400,17,10
E5600841,P003,936,0445,5,10
E5600841,P003,236,0400,5,10
E5600841,P003,911,0454,9,10
E5600841,P003,922,0445,22,10
E5600841,P003,222,0400,23,10
E5600841,P003,259,0400,169,10
E5600841,P004,248,0400,179810,10
E5600841,P004,923,0445,21,10
E5600841,P004,223,0400,20,10
E5600841,P004,936,0445,4,10
E5600841,P004,236,0400,4,10
E5600841,P004,911,0454,6,10
E5600841,P004,922,0445,19,10
E5600841,P004,222,0400,20,10
E5600841,P004,259,0400,186,10
E5600841,P005,248,0400,194041,10
E5600841,P005,923,0445,16,10
E5600841,P005,223,0400,16,10
E5600841,P005,936,0445,4,10
E5600841,P005,236,0400,4,10
E5600841,P005,911,0454,8,10
E5600841,P005,922,0445,17,10
E5600841,P005,222,0400,19,10
E5600841,P005,259,0400,194,10
E5600841,P006,248,0400,176485,10
E5600841,P006,923,0445,40,10
E5600841,P006,223,0400,40,10
E5600841,P006,936,0445,6,10
E5600841,P006,236,0400,6,10
E5600841,P006,911,0454,11,10
E5600841,P006,922,0445,34,10
E5600841,P006,222,0400,34,10
E5600841,P006,259,0400,116,10
E5600841,P007,248,0400,186726,10
E5600841,P007,923,0445,80,10
E5600841,P007,223,0400,81,10
E5600841,P007,936,0445,6,10
E5600841,P007,236,0400,6,10
E5600841,P007,911,0454,14,10
E5600841,P007,922,0445,52,10
E5600841,P007,222,0400,46,10
E5600841,P007,259,0400,136,10
E5600841,P008,248,0400,163337,10
E5600841,P008,923,0445,31,10
E5600841,P008,223,0400,32,10
E5600841,P008,936,0445,9,10
E5600841,P008,236,0400,9,10
E5600841,P008,911,0454,7,10
E5600841,P008,922,0445,5,10
E5600841,P008,222,0400,5,10
E5600841,P008,259,0400,48,10
E5600841,P009,248,0400,255686,10
E5600841,P009,923,0445,10,10
E5600841,P009,223,0400,11,10
E5600841,P009,936,0445,6,10
E5600841,P009,236,0400,6,10
E5600841,P009,911,0454,9,10
E5600841,P009,922,0445,25,10
E5600841,P009,222,0400,23,10
E5600841,P009,259,0400,115,10
E5600841,P010,248,0400,305656,10
E5600841,P010,923,0445,9,10
E5600841,P010,223,0400,10,10
E5600841,P010,936,0445,6,10
E5600841,P010,236,0400,6,10
E5600841,P010,911,0454,6,10
E5600841,P010,922,0445,17,10
E5600841,P010,222,0400,17,10
E5600841,P010,259,0400,101,10
E5600841,PC23,248,0400,32823,10
E5600841,PC23,923,0445,54,10
E5600841,PC23,223,0400,63,10
E5600841,PC23,936,0445,8,10
E5600841,PC23,236,0400,8,10
E5600841,PC23,911,0454,9,10
E5600841,PC23,922,0445,27,10
E5600841,PC23,222,0400,28,10
E5600841,PC23,259,0400,156,10
E5600841,PC83,248,0400,204690,10
E5600841,PC83,923,0445,52,10
E5600841,PC83,223,0400,53,10
E5600841,PC83,936,0445,6,10
E5600841,PC83,236,0400,6,10
E5600841,PC83,911,0454,13,10
E5600841,PC83,922,0445,21,10
E5600841,PC83,222,0400,20,10
E5600841,PC83,259,0400,170,10
E5600841,PPB1,248,0400,206861,10
E5600841,PPB1,923,0445,7,10
E5600841,PPB1,223,0400,8,10
E5600841,PPB1,936,0445,7,10
E5600841,PPB1,236,0400,8,10
E5600841,PPB1,911,0454,8,10
E5600841,PPB1,922,0445,20,10
E5600841,PPB1,222,0400,20,10
E5600841,PPB1,259,0400,131,10
E5600841,PPC1,248,0400,626483,10
E5600841,PPC1,923,0445,12,10
E5600841,PPC1,223,0400,12,10
E5600841,PPC1,936,0445,2,10
E5600841,PPC1,236,0400,3,10
E5600841,PPC1,911,0454,5,10
E5600841,PPC1,922,0445,20,10
E5600841,PPC1,222,0400,20,10
E5600841,PPC1,259,0400,128,10
E5600841,PR54,248,0400,45675,10
E5600841,PR54,923,0445,41,10
E5600841,PR54,223,0400,44,10
E5600841,PR54,936,0445,3,10
E5600841,PR54,236,0400,3,10
E5600841,PR54,911,0454,3,10
E5600841,PR54,922,0445,46,10
E5600841,PR54,222,0400,47,10
E5600841,PR54,259,0400,214,10
E5600841,PR61,248,0400,138721,10
E5600841,PR61,923,0445,64,10
E5600841,PR61,223,0400,65,10
E5600841,PR61,936,0445,4,10
E5600841,PR61,236,0400,4,10
E5600841,PR61,911,0454,7,10
E5600841,PR61,922,0445,44,10
E5600841,PR61,222,0400,45,10
E5600841,PR61,259,0400,312,10
E5600841,PR62,248,0400,91650,10
E5600841,PR62,923,0445,46,10
E5600841,PR62,223,0400,46,10
E5600841,PR62,936,0445,4,10
E5600841,PR62,236,0400,4,10
E5600841,PR62,911,0454,4,10
E5600841,PR62,922,0445,21,10
E5600841,PR62,222,0400,21,10
E5600841,PR62,259,0400,303,10
E5600841,PS11,248,0400,818957,10
E5600841,PS11,923,0445,34,10
E5600841,PS11,223,0400,33,10
E5600841,PS11,936,0445,11,10
E5600841,PS11,236,0400,11,10
E5600841,PS11,911,0454,11,10
E5600841,PS11,922,0445,58,10
E5600841,PS11,222,0400,63,10
E5600841,PS11,259,0400,163,10
E5600841,PS12,911,0454,8,10
E5600841,PS31,248,0400,745449,10
E5600841,PS31,923,0445,104,10
E5600841,PS31,223,0400,107,10
E5600841,PS31,936,0445,12,10
E5600841,PS31,236,0400,12,10
E5600841,PS31,911,0454,7,10
E5600841,PS31,922,0445,90,10
E5600841,PS31,222,0400,82,10
E5600841,PS31,259,0400,122,10
E5600841,PS32,911,0454,4,10
E5600841,PS51,248,0400,876458,10
E5600841,PS51,923,0445,41,10
E5600841,PS51,223,0400,42,10
E5600841,PS51,936,0445,12,10
E5600841,PS51,236,0400,12,10
E5600841,PS51,911,0454,12,10
E5600841,PS51,922,0445,18,10
E5600841,PS51,222,0400,18,10
E5600841,PS51,259,0400,135,10
E5600841,PS52,911,0454,8,10
E5600841,PS71,248,0400,0,00
E5600841,PS71,923,0445,0,00
E5600841,PS71,223,0400,0,00
E5600841,PS71,936,0445,0,00
E5600841,PS71,236,0400,0,00
E5600841,PS71,911,0454,0,00
E5600841,PS71,922,0445,0,00
E5600841,PS71,222,0400,0,00
E5600841,PS71,259,0400,0,00
E5600841,PS72,911,0454,0,00
E5600332,P001,911,0500,4,10
E5600332,P002,911,0500,4,10
E5600332,P003,911,0500,4,10
S1901066,P004,911,0500,5,10
E5600789,P001,911,0500,3,10
E5600869,P001,911,0500,4,10
E5400878,P010,911,0448,2,10
E5600056,P004,911,0506,0,00
E5600056,P006,911,0506,3,10
E5600056,P007,911,0506,0,00
E5600056,P008,911,0506,6,10
E5600056,P009,911,0506,2,10
E5600056,P016,911,0506,5,10
E5600056,P017,911,0506,2,10
E5600056,P018,911,0506,3,10
E5600056,P021,911,0506,2,10
E5600056,P022,911,0506,3,10
E5600056,P023,911,0506,1,10
E5600056,P024,911,0506,3,10
E5002890,P001,911,0500,5,10
E5002890,P002,911,0500,5,10
E5002890,P003,911,0500,0,00
S1900685,P002,911,0500,12,10
S1900685,P421,911,0500,13,10
S1900685,P411,911,0500,4,10
S2202553,P001,911,0500,1,10
S2202553,P002,911,0500,1,10
S2202553,P003,911,0500,1,10
S2100223,P015,911,0506,0,10
S1900710,P015,911,0506,0,00
S1900710,P050,911,0506,4,10
S1900710,P056,911,0506,5,10
S1900710,P060,911,0506,2,10
S1900710,P070,911,0506,6,10
E5600841,P001,911,0500,5,10
E5600841,P002,911,0500,6,10
E5600841,P003,911,0500,9,10
E5600841,P004,911,0500,6,10
E5600841,P005,911,0500,8,10
E5600841,P006,911,0500,11,10
E5600841,P007,911,0500,14,10
E5600841,P008,911,0500,7,10
E5600841,P009,911,0500,9,10
E5600841,P010,911,0500,6,10
E5600841,PC23,911,0500,9,10
E5600841,PC83,911,0500,13,10
E5600841,PPB1,911,0500,8,10
E5600841,PPC1,911,0500,5,10
E5600841,PR54,911,0500,3,10
E5600841,PR61,911,0500,7,10
E5600841,PR62,911,0500,4,10
E5600841,PS11,911,0500,11,10
E5600841,PS12,911,0500,8,10
E5600841,PS31,911,0500,7,10
E5600841,PS32,911,0500,4,10
E5600841,PS51,911,0500,12,10
E5600841,PS52,911,0500,8,10
E5600841,PS71,911,0500,0,00
E5600841,PS72,911,0500,0,00
E4900744,P001,911,0506,0,00
E4900744,P002,911,0506,0,00
E4900744,P023,911,0506,0,00
E4900333,P001,911,0500,9,10
E4900333,P002,911,0500,0,00
E4900333,P003,911,0500,0,32
E4900333,P103,911,0500,0,32
E4900333,P021,911,0500,6,10
E4900333,P105,911,0500,9,10
S2100223,P015,922,0500,0,10
S2100223,P015,923,0500,0,10
S2100223,P015,924,0500,0,10
S2100223,P015,936,0500,0,10
S2300438,P001,911,0506,5,10
E5601197,P002,911,0506,3,10
E5601197,P003,911,0506,3,10
S1602755,P101,911,0506,5,10
S1602755,P201,911,0506,5,10
S1602755,P301,911,0506,5,10
S2300429,P701,911,0506,0,00
S2300429,PF01,911,0506,8,10
E5600332,P001,911,0506,4,10
E5600332,P002,911,0506,4,10
E5600332,P003,911,0506,4,10
S1901066,P004,911,0506,5,10
E5600789,P001,911,0506,3,10
E5600869,P001,911,0506,4,10
E4900744,P001,923,0500,0,00
E4900744,P023,923,0500,0,00
E4900744,P001,936,0500,0,00
E4900744,P023,936,0500,0,00
E5400878,P001,223,0400,21,10
E5400878,P001,236,0400,15,10
E5400878,P001,248,0400,761776,10
E5400878,P001,259,0400,116,10
E5400878,P002,223,0400,19,10
E5400878,P002,236,0400,14,10
E5400878,P002,248,0400,1766256,10
E5400878,P002,259,0400,115,10
E5400878,P003,223,0400,17,10
E5400878,P003,236,0400,15,10
E5400878,P003,248,0400,1541004,10
E5400878,P003,259,0400,114,10
E5400878,P010,223,0400,18,10
E5400878,P010,236,0400,13,10
E5400878,P010,248,0400,1403778,10
E5400878,P010,259,0400,99,10
E5400878,P001,923,0445,21,10
E5400878,P001,936,0445,15,10
E5400878,P002,923,0445,19,10
E5400878,P002,936,0445,14,10
E5400878,P003,923,0445,17,10
E5400878,P003,936,0445,15,10
E5400878,P010,923,0445,18,10
E5400878,P010,936,0445,13,10
E5400878,P010,911,0454,2,10
S2300438,P001,922,0500,0,10
S2300438,P001,923,0500,33,10
S2300438,P001,936,0500,6,10
S2300438,P001,222,0400,0,10
S2300438,P001,223,0400,33,10
S2300438,P001,236,0400,6,10
S2300438,P001,248,0400,50248,10
S2300438,P001,259,0400,123,10
S2300401,P011,911,0506,9,10
E5600056,P004,911,0512,0,00
E5600056,P006,911,0512,3,10
E5600056,P007,911,0512,0,00
E5600056,P008,911,0512,6,10
E5600056,P009,911,0512,2,10
E5600056,P016,911,0512,4,10
E5600056,P017,911,0512,2,10
E5600056,P018,911,0512,3,10
E5600056,P021,911,0512,2,10
E5600056,P022,911,0512,3,10
E5600056,P023,911,0512,1,10
E5600056,P024,911,0512,3,10
E5002890,P001,911,0506,5,10
E5002890,P002,911,0506,5,10
E5002890,P003,911,0506,0,00
S1900685,P002,911,0506,13,10
S1900685,P421,911,0506,13,10
S1900685,P411,911,0506,4,10
S2202553,P001,911,0506,1,10
S2202553,P002,911,0506,1,10
S2202553,P003,911,0506,1,10
S2100223,P015,911,0512,0,10
S2201109,P711,911,0506,15,10
S2201109,P731,911,0506,18,10
S2201109,P741,911,0506,15,10
S2201109,P751,911,0506,15,10
S1900710,P015,911,0512,0,00
S1900710,P050,911,0512,4,10
S1900710,P056,911,0512,5,10
S1900710,P060,911,0512,3,10
S1900710,P070,911,0512,6,10
S1602755,P101,922,0500,2,10
S1602755,P201,922,0500,2,10
S1602755,P301,922,0500,2,10
S1602755,P101,923,0500,88,10
S1602755,P201,923,0500,53,10
S1602755,P301,923,0500,61,10
S1602755,P101,924,0500,4,10
S1602755,P201,924,0500,92,11
S1602755,P301,924,0500,20,10
S1602755,P101,926,0500,5,10
S1602755,P201,926,0500,7,10
S1602755,P301,926,0500,12,10
S1602755,P101,936,0500,10,10
S1602755,P201,936,0500,8,10
S1602755,P301,936,0500,10,10
E5600841,P001,911,0506,5,10
E5600841,P002,911,0506,6,10
E5600841,P003,911,0506,9,10
E5600841,P004,911,0506,6,10
E5600841,P005,911,0506,8,10
E5600841,P006,911,0506,11,10
E5600841,P007,911,0506,14,10
E5600841,P008,911,0506,7,10
E5600841,P009,911,0506,9,10
E5600841,P010,911,0506,6,10
E5600841,PC23,911,0506,10,10
E5600841,PC83,911,0506,13,10
E5600841,PPB1,911,0506,8,10
E5600841,PPC1,911,0506,5,10
E5600841,PR54,911,0506,3,10
E5600841,PR61,911,0506,7,10
E5600841,PR62,911,0506,4,10
E5600841,PS11,911,0506,11,10
E5600841,PS12,911,0506,8,10
E5600841,PS31,911,0506,7,10
E5600841,PS32,911,0506,4,10
E5600841,PS51,911,0506,12,10
E5600841,PS52,911,0506,9,10
E5600841,PS71,911,0506,0,00
E5600841,PS72,911,0506,0,00
S1901066,P004,922,0500,228,10
S1901066,P004,923,0500,185,10
S1901066,P004,924,0500,0,10
S1901066,P004,936,0500,4,10
S1901066,P004,937,0500,11,10
S1901066,P004,222,0400,228,10
S1901066,P004,223,0400,185,10
S1901066,P004,224,0400,1,10
S1901066,P004,236,0400,4,10
S1901066,P004,237,0400,11,10
S1901066,P004,248,0400,116475,10
S1901066,P004,259,0400,235,10
E5002890,P001,922,0500,0,10
E5002890,P002,922,0500,0,10
E5002890,P003,922,0500,0,00
E5002890,P001,923,0500,94,10
E5002890,P002,923,0500,114,10
E5002890,P003,923,0500,0,00
E5002890,P001,924,0500,5,10
E5002890,P002,924,0500,3,10
E5002890,P003,924,0500,0,00
E5002890,P001,926,0500,14,10
E5002890,P002,926,0500,8,10
E5002890,P003,926,0500,0,00
E5002890,P001,936,0500,12,10
E5002890,P002,936,0500,11,10
E5002890,P003,936,0500,0,00
E5600869,P001,922,0500,139,10
E5600869,P001,923,0500,129,10
E5600869,P001,936,0500,6,10
E2000554,P003,923,0515,28,10
E2000554,P003,922,0515,13,10
E2000554,P003,936,0515,5,10
S1900710,P070,923,0515,21,10
S1900710,P070,936,0515,8,10
S1900710,P070,922,0515,16,10
S1900710,P015,923,0515,0,00
S1900710,P015,936,0515,0,00
S1900710,P015,922,0515,0,00
S1900710,P050,923,0515,100,10
S1900710,P050,936,0515,6,10
S1900710,P050,922,0515,54,10
S1900710,P056,923,0515,37,10
S1900710,P056,936,0515,4,10
S1900710,P056,922,0515,23,10
S1900710,P060,923,0515,24,10
S1900710,P060,936,0515,5,10
S1900710,P060,922,0515,24,10
E4900744,P001,911,0512,0,00
E4900744,P002,911,0512,0,00
E4900744,P023,911,0512,0,00
S2300429,P701,911,0500,0,00
S2300429,P701,922,0500,0,00
S2300429,P701,923,0500,0,00
S2300429,P701,936,0500,0,00
S2300429,PF01,911,0500,8,10
S2300429,PF01,922,0500,8,10
S2300429,PF01,923,0500,33,10
S2300429,PF01,936,0500,6,10
S2300429,P701,222,0400,0,00
S2300429,P701,223,0400,0,00
S2300429,P701,236,0400,0,00
S2300429,P701,248,0400,0,00
S2300429,P701,259,0400,0,00
S2300429,PF01,222,0400,13,10
S2300429,PF01,223,0400,32,10
S2300429,PF01,236,0400,6,10
S2300429,PF01,248,0400,276106,10
S2300429,PF01,259,0400,57,10
E4900333,P001,911,0506,9,10
E4900333,P002,911,0506,0,00
E4900333,P003,911,0506,0,32
E4900333,P103,911,0506,0,32
E4900333,P021,911,0506,6,10
E4900333,P105,911,0506,10,10
S1900685,P421,922,0500,14,10
S1900685,P421,923,0500,67,10
S1900685,P421,936,0500,6,10
S1900685,P411,922,0500,30,10
S1900685,P411,923,0500,65,10
S1900685,P411,936,0500,12,10
S2202553,P001,922,0500,10,10
S2202553,P002,922,0500,6,10
S2202553,P003,922,0500,6,10
S2202553,P001,923,0500,87,10
S2202553,P002,923,0500,95,10
S2202553,P003,923,0500,78,10
S2202553,P001,924,0500,2,10
S2202553,P002,924,0500,3,10
S2202553,P003,924,0500,11,10
S2202553,P001,926,0500,18,10
S2202553,P002,926,0500,18,10
S2202553,P003,926,0500,24,10
S2202553,P001,936,0500,10,10
S2202553,P002,936,0500,11,10
S2202553,P003,936,0500,8,10
E5601197,P002,911,0512,3,10
E5601197,P003,911,0512,3,10
S1601990,P001,911,0512,3,10
S1601990,P004,911,0512,5,10
S1601990,P049,911,0512,1,10
S1602755,P101,911,0512,5,10
S1602755,P201,911,0512,5,10
S1602755,P301,911,0512,5,10
E5600841,P001,923,0500,22,10
E5600841,P001,936,0500,5,10
E5600841,P001,922,0500,29,10
E5600841,P002,923,0500,18,10
E5600841,P002,936,0500,4,10
E5600841,P002,922,0500,18,10
E5600841,P003,923,0500,23,10
E5600841,P003,936,0500,5,10
E5600841,P003,922,0500,26,10
E5600841,P004,923,0500,21,10
E5600841,P004,936,0500,4,10
E5600841,P004,922,0500,22,10
E5600841,P005,923,0500,15,10
E5600841,P005,936,0500,4,10
E5600841,P005,922,0500,20,10
E5600841,P006,923,0500,39,10
E5600841,P006,936,0500,6,10
E5600841,P006,922,0500,33,10
E5600841,P007,923,0500,75,10
E5600841,P007,936,0500,5,10
E5600841,P007,922,0500,52,10
E5600841,P008,923,0500,35,10
E5600841,P008,936,0500,9,10
E5600841,P008,922,0500,5,10
E5600841,P009,923,0500,11,10
E5600841,P009,936,0500,7,10
E5600841,P009,922,0500,25,10
E5600841,P010,923,0500,10,10
E5600841,P010,936,0500,6,10
E5600841,P010,922,0500,17,10
E5600841,PC23,923,0500,86,10
E5600841,PC23,936,0500,7,10
E5600841,PC23,922,0500,27,10
E5600841,PC83,923,0500,52,10
E5600841,PC83,936,0500,6,10
E5600841,PC83,922,0500,21,10
E5600841,PPB1,923,0500,7,10
E5600841,PPB1,936,0500,8,10
E5600841,PPB1,922,0500,21,10
E5600841,PPC1,923,0500,11,10
E5600841,PPC1,936,0500,3,10
E5600841,PPC1,922,0500,21,10
E5600841,PR54,923,0500,44,10
E5600841,PR54,936,0500,4,10
E5600841,PR54,922,0500,44,10
E5600841,PR61,923,0500,66,10
E5600841,PR61,936,0500,4,10
E5600841,PR61,922,0500,44,10
E5600841,PR62,923,0500,43,10
E5600841,PR62,936,0500,4,10
E5600841,PR62,922,0500,24,10
E5600841,PS11,923,0500,35,10
E5600841,PS11,936,0500,11,10
E5600841,PS11,922,0500,65,10
E5600841,PS31,923,0500,106,10
E5600841,PS31,936,0500,13,10
E5600841,PS31,922,0500,91,10
E5600841,PS51,923,0500,41,10
E5600841,PS51,936,0500,11,10
E5600841,PS51,922,0500,18,10
E5600841,PS71,923,0500,0,00
E5600841,PS71,936,0500,0,00
E5600841,PS71,922,0500,0,00
E5600332,P001,911,0512,4,10
E5600332,P002,911,0512,4,10
E5600332,P003,911,0512,4,10
S2300438,P001,911,0512,5,10
E5400878,P010,911,0500,1,10
S2300401,P011,911,0512,9,10
S2300429,P701,911,0512,0,00
S2300429,PF01,911,0512,8,10
S1901066,P004,911,0512,5,10
E4900333,P001,922,0500,1,10
E4900333,P002,922,0500,0,00
E4900333,P003,922,0500,0,32
E4900333,P103,922,0500,0,32
E4900333,P021,922,0500,0,10
E4900333,P105,922,0500,51,10
E4900333,P001,923,0500,81,10
E4900333,P002,923,0500,0,00
E4900333,P003,923,0500,0,32
E4900333,P103,923,0500,0,32
E4900333,P021,923,0500,37,10
E4900333,P105,923,0500,68,10
E4900333,P001,936,0500,13,10
E4900333,P002,936,0500,0,00
E4900333,P003,936,0500,0,32
E4900333,P103,936,0500,0,32
E4900333,P021,936,0500,7,10
E4900333,P105,936,0500,10,10
E5600789,P001,911,0512,3,10
E5002890,P001,911,0512,5,10
E5002890,P002,911,0512,5,10
E5002890,P003,911,0512,0,00
E5600869,P001,911,0512,4,10
S1900685,P002,911,0512,13,10
S1900685,P421,911,0512,14,10
S1900685,P411,911,0512,4,10
S2202553,P001,911,0512,1,10
S2202553,P002,911,0512,1,10
S2202553,P003,911,0512,1,10
S2100223,P015,911,0518,0,10
E5600056,P004,922,0515,0,00
E5600056,P004,923,0515,0,00
E5600056,P004,924,0515,0,00
E5600056,P004,936,0515,0,00
E5600056,P006,922,0515,20,10
E5600056,P006,923,0515,74,10
E5600056,P006,924,0515,0,10
E5600056,P006,936,0515,4,10
E5600056,P007,922,0515,0,00
E5600056,P007,923,0515,0,00
E5600056,P007,924,0515,0,00
E5600056,P007,936,0515,0,00
E5600056,P008,922,0515,38,10
E5600056,P008,923,0515,66,10
E5600056,P008,924,0515,61,10
E5600056,P008,936,0515,5,10
E5600056,P016,922,0515,0,10
E5600056,P016,923,0515,36,10
E5600056,P016,936,0515,12,10
E5600056,P017,922,0515,2,10
E5600056,P017,923,0515,24,10
E5600056,P017,924,0515,0,10
E5600056,P017,936,0515,3,10
E5600056,P018,922,0515,0,10
E5600056,P018,923,0515,17,10
E5600056,P018,924,0515,0,10
E5600056,P018,936,0515,4,10
E5600056,P021,922,0515,0,10
E5600056,P021,923,0515,47,10
E5600056,P021,924,0515,0,10
E5600056,P021,936,0515,4,10
E5600056,P024,922,0515,3,10
E5600056,P024,923,0515,32,10
E5600056,P024,924,0515,2,10
E5600056,P024,936,0515,6,10
E5600056,P034,922,0515,6,10
E5600056,P034,923,0515,59,10
E5600056,P034,936,0515,1,10
E5600056,P004,911,0518,0,00
E5600056,P006,911,0518,3,10
E5600056,P007,911,0518,0,00
E5600056,P008,911,0518,6,10
E5600056,P009,911,0518,2,10
E5600056,P016,911,0518,4,10
E5600056,P017,911,0518,2,10
E5600056,P018,911,0518,3,10
E5600056,P021,911,0518,2,10
E5600056,P022,911,0518,3,10
E5600056,P023,911,0518,1,10
E5600056,P024,911,0518,4,10
S1900710,P070,911,0518,6,10
S1900710,P015,911,0518,0,00
S1900710,P050,911,0518,4,10
S1900710,P056,911,0518,6,10
S1900710,P060,911,0518,3,10
E5600841,P001,911,0512,5,10
E5600841,P002,911,0512,6,10
E5600841,P003,911,0512,9,10
E5600841,P004,911,0512,6,10
E5600841,P005,911,0512,8,10
E5600841,P006,911,0512,11,10
E5600841,P007,911,0512,14,10
E5600841,P008,911,0512,7,10
E5600841,P009,911,0512,9,10
E5600841,P010,911,0512,6,10
E5600841,PC23,911,0512,9,10
E5600841,PC83,911,0512,14,10
E5600841,PPB1,911,0512,8,10
E5600841,PPC1,911,0512,5,10
E5600841,PR54,911,0512,3,10
E5600841,PR61,911,0512,7,10
E5600841,PR62,911,0512,4,10
E5600841,PS11,911,0512,11,10
E5600841,PS12,911,0512,7,10
E5600841,PS31,911,0512,7,10
E5600841,PS32,911,0512,4,10
E5600841,PS51,911,0512,12,10
E5600841,PS52,911,0512,8,10
E5600841,PS71,911,0512,0,00
E5600841,PS72,911,0512,0,00
S2201109,P711,911,0400,15,10
S2201109,P731,911,0400,18,10
S2201109,P741,911,0400,15,10
S2201109,P751,911,0400,15,10
S2201109,P711,923,0400,21,10
S2201109,P711,936,0400,6,10
S2201109,P711,922,0400,8,10
S2201109,P731,923,0400,59,10
S2201109,P731,936,0400,6,10
S2201109,P731,922,0400,12,10
S2201109,P741,923,0400,52,10
S2201109,P741,936,0400,6,10
S2201109,P741,922,0400,21,10
S2201109,P751,923,0400,48,10
S2201109,P751,936,0400,7,10
S2201109,P751,922,0400,22,10
S2201109,P711,248,0400,7030,10
S2201109,P711,223,0400,21,10
S2201109,P711,236,0400,6,10
S2201109,P711,222,0400,7,10
S2201109,P711,259,0400,53,10
S2201109,P731,248,0400,4096,10
S2201109,P731,223,0400,60,10
S2201109,P731,236,0400,6,10
S2201109,P731,222,0400,12,10
S2201109,P731,259,0400,54,10
S2201109,P741,248,0400,4755,10
S2201109,P741,223,0400,52,10
S2201109,P741,236,0400,6,10
S2201109,P741,222,0400,22,10
S2201109,P741,259,0400,53,10
S2201109,P751,248,0400,4501,10
S2201109,P751,223,0400,48,10
S2201109,P751,236,0400,7,10
S2201109,P751,222,0400,22,10
S2201109,P751,259,0400,50,10
S2201109,P711,911,0512,15,10
S2201109,P731,911,0512,18,10
S2201109,P741,911,0512,15,10
S2201109,P751,911,0512,15,10
E4900744,P001,911,0518,0,00
E4900744,P002,911,0518,0,00
E4900744,P023,911,0518,0,00
E4900333,P001,911,0512,9,10
E4900333,P002,911,0512,0,00
E4900333,P003,911,0512,0,32
E4900333,P103,911,0512,0,32
E4900333,P021,911,0512,6,10
E4900333,P105,911,0512,10,10
E5601197,P002,911,0518,3,10
E5601197,P003,911,0518,3,10
S1602755,P101,911,0518,5,10
S1602755,P201,911,0518,5,10
S1602755,P301,911,0518,5,10
E5600332,P001,911,0518,4,10
E5600332,P002,911,0518,4,10
E5600332,P003,911,0518,4,10
S2300438,P001,911,0518,5,10
E5400878,P010,911,0506,1,10
S2300429,P701,911,0518,0,00
S2300429,PF01,911,0518,8,10
S1901066,P004,911,0518,5,10
E5600789,P001,911,0518,3,10
E5002890,P001,911,0518,5,10
E5002890,P002,911,0518,5,10
E5002890,P003,911,0518,0,00
E5600869,P001,911,0518,4,10
S1900685,P002,911,0518,13,10
S1900685,P421,911,0518,15,10
S1900685,P411,911,0518,4,10
S2100223,P015,911,0524,0,10
S2100223,P015,922,0515,0,10
S2100223,P015,923,0515,0,10
S2100223,P015,924,0515,0,10
S2100223,P015,936,0515,0,10
S2300401,P011,911,0518,9,10
E5600056,P004,911,0524,0,00
E5600056,P006,911,0524,3,10
E5600056,P007,911,0524,0,00
E5600056,P008,911,0524,6,10
E5600056,P009,911,0524,2,10
E5600056,P016,911,0524,4,10
E5600056,P017,911,0524,2,10
E5600056,P018,911,0524,3,10
E5600056,P021,911,0524,2,10
E5600056,P022,911,0524,3,10
E5600056,P023,911,0524,1,10
E5600056,P024,911,0524,4,10
S1900710,P015,911,0524,0,00
S1900710,P050,911,0524,4,10
S1900710,P056,911,0524,5,10
S1900710,P060,911,0524,3,10
S1900710,P070,911,0524,6,10
S2202553,P001,911,0518,1,10
S2202553,P002,911,0518,1,10
S2202553,P003,911,0518,1,10
E5600841,P001,911,0518,5,10
E5600841,P002,911,0518,6,10
E5600841,P003,911,0518,9,10
E5600841,P004,911,0518,6,10
E5600841,P005,911,0518,8,10
E5600841,P006,911,0518,11,10
E5600841,P007,911,0518,14,10
E5600841,P008,911,0518,7,10
E5600841,P009,911,0518,9,10
E5600841,P010,911,0518,6,10
E5600841,PC23,911,0518,9,10
E5600841,PC83,911,0518,13,10
E5600841,PPB1,911,0518,8,10
E5600841,PPC1,911,0518,5,10
E5600841,PR54,911,0518,3,10
E5600841,PR61,911,0518,7,10
E5600841,PR62,911,0518,4,10
E5600841,PS11,911,0518,11,10
E5600841,PS12,911,0518,7,10
E5600841,PS31,911,0518,7,10
E5600841,PS32,911,0518,4,10
E5600841,PS51,911,0518,11,10
E5600841,PS52,911,0518,9,10
E5600841,PS71,911,0518,0,00
E5600841,PS72,911,0518,0,00
S2201109,P711,911,0518,15,10
S2201109,P731,911,0518,18,10
S2201109,P741,911,0518,15,10
S2201109,P751,911,0518,15,10
E4900744,P001,911,0524,0,00
E4900744,P002,911,0524,0,00
E4900744,P023,911,0524,0,00
E4900744,P001,923,0515,0,00
E4900744,P023,923,0515,0,00
E4900744,P001,936,0515,0,00
E4900744,P023,936,0515,0,00
E5400878,P001,923,0500,21,10
E5400878,P001,936,0500,15,10
E5400878,P002,923,0500,18,10
E5400878,P002,936,0500,14,10
E5400878,P003,923,0500,16,10
E5400878,P003,936,0500,15,10
E5400878,P010,923,0500,18,10
E5400878,P010,936,0500,13,10
E4900333,P001,911,0518,9,10
E4900333,P002,911,0518,0,00
E4900333,P003,911,0518,0,32
E4900333,P103,911,0518,0,32
E4900333,P021,911,0518,6,10
E4900333,P105,911,0518,10,10
E5601197,P002,911,0524,3,10
E5601197,P003,911,0524,3,10
S1602755,P101,911,0524,5,10
S1602755,P201,911,0524,5,10
S1602755,P301,911,0524,5,10
S1602755,P101,922,0515,2,10
S1602755,P201,922,0515,2,10
S1602755,P301,922,0515,2,10
S1602755,P101,923,0515,84,10
S1602755,P201,923,0515,65,10
S1602755,P301,923,0515,64,10
S1602755,P101,924,0515,4,10
S1602755,P201,924,0515,9,10
S1602755,P301,924,0515,6,10
S1602755,P101,926,0515,6,10
S1602755,P201,926,0515,7,10
S1602755,P301,926,0515,11,10
S1602755,P101,936,0515,10,10
S1602755,P201,936,0515,9,10
S1602755,P301,936,0515,10,10
S2300438,P001,922,0515,0,10
S2300438,P001,923,0515,35,10
S2300438,P001,936,0515,5,10
E5600332,P001,911,0524,4,10
E5600332,P002,911,0524,4,10
E5600332,P003,911,0524,4,10
S2300438,P001,911,0524,5,10
S2300429,P701,922,0515,0,00
S2300429,P701,923,0515,0,00
S2300429,P701,936,0515,0,00
S2300429,PF01,922,0515,7,10
S2300429,PF01,923,0515,31,10
S2300429,PF01,936,0515,6,10
S1901066,P004,922,0515,228,10
S1901066,P004,923,0515,185,10
S1901066,P004,924,0515,0,10
S1901066,P004,936,0515,4,10
S1901066,P004,937,0515,11,10
E5400878,P010,911,0512,1,10
S2300429,P701,911,0524,0,00
S2300429,PF01,911,0524,8,10
S1901066,P004,911,0524,5,10
E5600789,P001,911,0524,3,10
E5002890,P001,911,0524,5,10
E5002890,P002,911,0524,5,10
E5002890,P003,911,0524,0,00
E5002890,P001,922,0515,0,10
E5002890,P002,922,0515,1,10
E5002890,P003,922,0515,0,00
E5002890,P001,923,0515,93,10
E5002890,P002,923,0515,109,10
E5002890,P003,923,0515,0,00
E5002890,P001,924,0515,5,10
E5002890,P002,924,0515,3,10
E5002890,P003,924,0515,0,00
E5002890,P001,926,0515,14,10
E5002890,P002,926,0515,11,10
E5002890,P003,926,0515,0,00
E5002890,P001,936,0515,13,10
E5002890,P002,936,0515,11,10
E5002890,P003,936,0515,0,00
E5600869,P001,911,0524,4,10
E5600869,P001,922,0515,140,10
E5600869,P001,923,0515,131,10
E5600869,P001,936,0515,6,10
S1900685,P002,911,0524,13,10
S1900685,P421,911,0524,13,10
S1900685,P421,922,0515,15,10
S1900685,P421,923,0515,64,10
S1900685,P421,936,0515,6,10
S1900685,P411,911,0524,4,10
S1900685,P411,922,0515,30,10
S1900685,P411,923,0515,65,10
S1900685,P411,936,0515,12,10
S2100223,P015,911,0530,0,10
S2300401,P011,923,0515,57,10
S2300401,P011,936,0515,7,10
S2300401,P011,922,0515,38,10
S2300401,P011,911,0524,9,10
E5600056,P004,911,0530,0,00
E5600056,P006,911,0530,3,10
E5600056,P007,911,0530,0,00
E5600056,P008,911,0530,6,10
E5600056,P009,911,0530,2,10
E5600056,P016,911,0530,4,10
E5600056,P017,911,0530,2,10
E5600056,P018,911,0530,3,10
E5600056,P021,911,0530,2,10
E5600056,P022,911,0530,3,10
E5600056,P023,911,0530,1,10
E5600056,P024,911,0530,4,10
E5600056,P004,922,0530,0,00
E5600056,P004,923,0530,0,00
E5600056,P004,924,0530,0,00
E5600056,P004,936,0530,0,00
E5600056,P006,922,0530,23,10
E5600056,P006,923,0530,64,10
E5600056,P006,924,0530,0,10
E5600056,P006,936,0530,5,10
E5600056,P007,922,0530,0,00
E5600056,P007,923,0530,0,00
E5600056,P007,924,0530,0,00
E5600056,P007,936,0530,0,00
E5600056,P008,922,0530,39,10
E5600056,P008,923,0530,65,10
E5600056,P008,924,0530,74,10
E5600056,P008,936,0530,5,10
E5600056,P016,922,0530,0,10
E5600056,P016,923,0530,36,10
E5600056,P016,936,0530,12,10
E5600056,P017,922,0530,2,10
E5600056,P017,923,0530,24,10
E5600056,P017,924,0530,0,10
E5600056,P017,936,0530,3,10
E5600056,P018,922,0530,0,10
E5600056,P018,923,0530,17,10
E5600056,P018,936,0530,4,10
E5600056,P021,922,0530,0,10
E5600056,P021,923,0530,46,10
E5600056,P021,936,0530,4,10
E5600056,P024,922,0530,3,10
E5600056,P024,923,0530,33,10
E5600056,P024,924,0530,2,10
E5600056,P024,936,0530,6,10
E5600056,P034,923,0530,58,10
E5600056,P034,936,0530,1,10
S1900710,P015,911,0530,0,00
S1900710,P050,911,0530,4,10
S1900710,P056,911,0530,5,10
S1900710,P060,911,0530,3,10
S1900710,P070,911,0530,6,10
S1900710,P015,923,0530,0,00
S1900710,P015,936,0530,0,00
S1900710,P015,922,0530,0,00
S1900710,P050,923,0530,101,10
S1900710,P050,936,0530,6,10
S1900710,P050,922,0530,55,10
S1900710,P056,923,0530,38,10
S1900710,P056,936,0530,4,10
S1900710,P056,922,0530,23,10
S1900710,P060,923,0530,24,10
S1900710,P060,936,0530,5,10
S1900710,P060,922,0530,24,10
S1900710,P070,923,0530,21,10
S1900710,P070,936,0530,8,10
S1900710,P070,922,0530,16,10
S2202553,P001,911,0524,1,10
S2202553,P002,911,0524,1,10
S2202553,P003,911,0524,1,10
S2202553,P001,922,0515,9,10
S2202553,P002,922,0515,8,10
S2202553,P003,922,0515,10,10
S2202553,P001,923,0515,86,10
S2202553,P002,923,0515,90,10
S2202553,P003,923,0515,76,10
S2202553,P001,924,0515,3,10
S2202553,P002,924,0515,2,10
S2202553,P003,924,0515,53,10
S2202553,P001,926,0515,20,10
S2202553,P002,926,0515,25,10
S2202553,P003,926,0515,25,10
S2202553,P001,936,0515,10,10
S2202553,P002,936,0515,11,10
S2202553,P003,936,0515,8,10
E5600841,P001,923,0515,31,10
E5600841,P001,936,0515,5,10
E5600841,P001,911,0524,5,10
E5600841,P001,922,0515,31,10
E5600841,P002,923,0515,18,10
E5600841,P002,936,0515,4,10
E5600841,P002,911,0524,6,10
E5600841,P002,922,0515,17,10
E5600841,P003,923,0515,26,10
E5600841,P003,936,0515,5,10
E5600841,P003,911,0524,9,10
E5600841,P003,922,0515,26,10
E5600841,P004,923,0515,18,10
E5600841,P004,936,0515,4,10
E5600841,P004,911,0524,6,10
E5600841,P004,922,0515,21,10
E5600841,P005,923,0515,14,10
E5600841,P005,936,0515,4,10
E5600841,P005,911,0524,8,10
E5600841,P005,922,0515,19,10
E5600841,P006,923,0515,40,10
E5600841,P006,936,0515,6,10
E5600841,P006,911,0524,11,10
E5600841,P006,922,0515,33,10
E5600841,P007,923,0515,74,10
E5600841,P007,936,0515,6,10
E5600841,P007,911,0524,14,10
E5600841,P007,922,0515,53,10
E5600841,P008,923,0515,40,10
E5600841,P008,936,0515,9,10
E5600841,P008,911,0524,7,10
E5600841,P008,922,0515,5,10
E5600841,P009,923,0515,10,10
E5600841,P009,936,0515,6,10
E5600841,P009,911,0524,9,10
E5600841,P009,922,0515,23,10
E5600841,P010,923,0515,10,10
E5600841,P010,936,0515,6,10
E5600841,P010,911,0524,6,10
E5600841,P010,922,0515,16,10
E5600841,PC23,923,0515,52,10
E5600841,PC23,936,0515,8,10
E5600841,PC23,911,0524,10,10
E5600841,PC23,922,0515,27,10
E5600841,PC83,923,0515,54,10
E5600841,PC83,936,0515,7,10
E5600841,PC83,911,0524,13,10
E5600841,PC83,922,0515,20,10
E5600841,PPB1,923,0515,8,10
E5600841,PPB1,936,0515,7,10
E5600841,PPB1,911,0524,8,10
E5600841,PPB1,922,0515,19,10
E5600841,PPC1,923,0515,11,10
E5600841,PPC1,936,0515,3,10
E5600841,PPC1,911,0524,5,10
E5600841,PPC1,922,0515,21,10
E5600841,PR54,923,0515,45,10
E5600841,PR54,936,0515,3,10
E5600841,PR54,911,0524,3,10
E5600841,PR54,922,0515,47,10
E5600841,PR61,923,0515,63,10
E5600841,PR61,936,0515,3,10
E5600841,PR61,911,0524,7,10
E5600841,PR61,922,0515,46,10
E5600841,PR62,923,0515,44,10
E5600841,PR62,936,0515,4,10
E5600841,PR62,911,0524,4,10
E5600841,PR62,922,0515,22,10
E5600841,PS11,923,0515,35,10
E5600841,PS11,936,0515,11,10
E5600841,PS11,911,0524,11,10
E5600841,PS11,922,0515,63,10
E5600841,PS12,911,0524,9,10
E5600841,PS31,923,0515,108,10
E5600841,PS31,936,0515,13,10
E5600841,PS31,911,0524,7,10
E5600841,PS31,922,0515,86,10
E5600841,PS32,911,0524,4,10
E5600841,PS51,923,0515,42,10
E5600841,PS51,936,0515,11,10
E5600841,PS51,911,0524,11,10
E5600841,PS51,922,0515,16,10
E5600841,PS52,911,0524,8,10
E5600841,PS71,923,0515,0,00
E5600841,PS71,936,0515,0,00
E5600841,PS71,911,0524,0,00
E5600841,PS71,922,0515,0,00
E5600841,PS72,911,0524,0,00
S2201109,P711,923,0515,20,10
S2201109,P711,936,0515,6,10
S2201109,P711,922,0515,8,10
S2201109,P731,923,0515,59,10
S2201109,P731,936,0515,6,10
S2201109,P731,922,0515,12,10
S2201109,P741,923,0515,53,10
S2201109,P741,936,0515,6,10
S2201109,P741,922,0515,23,10
S2201109,P751,923,0515,48,10
S2201109,P751,936,0515,7,10
S2201109,P751,922,0515,22,10
S2201109,P711,911,0524,15,10
S2201109,P731,911,0524,18,10
S2201109,P741,911,0524,15,10
S2201109,P751,911,0524,15,10
E4900744,P001,911,0530,0,00
E4900744,P002,911,0530,0,00
E4900744,P023,911,0530,0,00
E4900333,P001,911,0524,9,10
E4900333,P002,911,0524,0,00
E4900333,P003,911,0524,0,32
E4900333,P103,911,0524,0,32
E4900333,P021,911,0524,6,10
E4900333,P105,911,0524,10,10
E4900333,P001,922,0515,1,10
E4900333,P002,922,0515,0,00
E4900333,P003,922,0515,0,32
E4900333,P103,922,0515,0,32
E4900333,P021,922,0515,0,32
E4900333,P105,922,0515,50,10
E4900333,P001,923,0515,79,10
E4900333,P002,923,0515,0,00
E4900333,P003,923,0515,0,32
E4900333,P103,923,0515,0,32
E4900333,P021,923,0515,0,32
E4900333,P105,923,0515,67,10
E4900333,P001,936,0515,13,10
E4900333,P002,936,0515,0,00
E4900333,P003,936,0515,0,32
E4900333,P103,936,0515,0,32
E4900333,P021,936,0515,0,32
E4900333,P105,936,0515,10,10
E5601197,P002,911,0530,3,10
E5601197,P003,911,0530,3,10
S1602755,P101,911,0530,5,10
S1602755,P201,911,0530,5,10
S1602755,P301,911,0530,5,10
S2300438,P001,911,0530,5,10
E5600056,P004,911,0536,0,00
E5600056,P006,911,0536,3,10
E5600056,P007,911,0536,0,00
E5600056,P008,911,0536,6,10
E5600056,P009,911,0536,2,10
E5600056,P016,911,0536,4,10
E5600056,P017,911,0536,2,10
E5600056,P018,911,0536,3,10
E5600056,P021,911,0536,3,10
E5600056,P022,911,0536,3,10
E5600056,P023,911,0536,1,10
E5600056,P024,911,0536,4,10
E5400878,P010,911,0518,2,10
E5600332,P001,911,0530,4,10
E5600332,P002,911,0530,4,10
E5600332,P003,911,0530,4,10
S1901066,P004,911,0530,5,10
E5600789,P001,911,0530,3,10
E5002890,P001,911,0530,5,10
E5002890,P002,911,0530,5,10
E5002890,P003,911,0530,0,00
E5600869,P001,911,0530,4,10
S1900685,P002,911,0530,13,10
S1900685,P421,911,0530,13,10
S1900685,P411,911,0530,4,10
S2100223,P015,911,0536,0,10
S1900710,P015,911,0536,0,00
S1900710,P050,911,0536,4,10
S1900710,P056,911,0536,5,10
S1900710,P060,911,0536,3,10
S1900710,P070,911,0536,6,10
S2202553,P001,911,0530,2,10
S2202553,P002,911,0530,1,10
S2202553,P003,911,0530,1,10
E5600841,P001,911,0530,5,10
E5600841,P002,911,0530,6,10
E5600841,P003,911,0530,9,10
E5600841,P004,911,0530,6,10
E5600841,P005,911,0530,8,10
E5600841,P006,911,0530,11,10
E5600841,P007,911,0530,14,10
E5600841,P008,911,0530,7,10
E5600841,P009,911,0530,9,10
E5600841,P010,911,0530,6,10
E5600841,PC23,911,0530,10,10
E5600841,PC83,911,0530,13,10
E5600841,PPB1,911,0530,8,10
E5600841,PPC1,911,0530,5,10
E5600841,PR54,911,0530,3,10
E5600841,PR61,911,0530,7,10
E5600841,PR62,911,0530,4,10
E5600841,PS11,911,0530,11,10
E5600841,PS12,911,0530,9,10
E5600841,PS31,911,0530,7,10
E5600841,PS32,911,0530,4,10
E5600841,PS51,911,0530,14,10
E5600841,PS52,911,0530,8,10
E5600841,PS71,911,0530,0,00
E5600841,PS72,911,0530,0,00
E4900744,P001,911,0536,0,00
E4900744,P002,911,0536,0,00
E4900744,P023,911,0536,0,00
S2100223,P015,922,0530,0,10
S2100223,P015,923,0530,0,10
S2100223,P015,924,0530,0,10
S2100223,P015,936,0530,0,10
E4900333,P001,911,0530,9,10
E4900333,P002,911,0530,0,00
E4900333,P003,911,0530,0,32
E4900333,P103,911,0530,0,32
E4900333,P021,911,0530,6,10
E4900333,P105,911,0530,10,10
E5601197,P002,911,0536,3,10
E5601197,P003,911,0536,3,10
S1602755,P101,911,0536,5,10
S1602755,P201,911,0536,5,10
S1602755,P301,911,0536,5,10
S2300438,P001,911,0536,5,10
E5600056,P004,911,0542,0,00
E5600056,P006,911,0542,3,10
E5600056,P007,911,0542,0,00
E5600056,P008,911,0542,6,10
E5600056,P009,911,0542,2,10
E5600056,P016,911,0542,4,10
E5600056,P017,911,0542,2,10
E5600056,P018,911,0542,3,10
E5600056,P021,911,0542,2,10
E5600056,P022,911,0542,3,10
E5600056,P023,911,0542,1,10
E5600056,P024,911,0542,3,10
E4900744,P001,923,0530,0,00
E4900744,P023,923,0530,0,00
E4900744,P001,936,0530,0,00
E4900744,P023,936,0530,0,00
E5400878,P001,923,0515,21,10
E5400878,P001,936,0515,15,10
E5400878,P002,923,0515,19,10
E5400878,P002,936,0515,14,10
E5400878,P003,923,0515,16,10
E5400878,P003,936,0515,15,10
E5400878,P010,923,0515,18,10
E5400878,P010,936,0515,13,10
E5400878,P010,911,0524,1,10
S2300429,P701,911,0536,0,00
S2300429,PF01,911,0536,8,10
E5600332,P001,911,0536,4,10
E5600332,P002,911,0536,4,10
E5600332,P003,911,0536,4,10
S1901066,P004,911,0536,5,10
E5600789,P001,911,0536,3,10
E5002890,P001,911,0536,5,10
E5002890,P002,911,0536,5,10
E5002890,P003,911,0536,0,00
E5600869,P001,911,0536,4,10
S1900685,P002,911,0536,13,10
S1900685,P421,911,0536,13,10
S1900685,P411,911,0536,4,10
S2100223,P015,911,0542,0,10
S2300438,P001,922,0530,0,10
S2300438,P001,923,0530,33,10
S2300438,P001,936,0530,6,10
S2300401,P011,911,0536,9,10
S1900710,P015,911,0542,0,00
S1900710,P050,911,0542,4,10
S1900710,P056,911,0542,5,10
S1900710,P060,911,0542,3,10
S1900710,P070,911,0542,6,10
S2202553,P001,911,0536,2,10
S2202553,P002,911,0536,1,10
S2202553,P003,911,0536,1,10
S1602755,P101,922,0530,2,10
S1602755,P201,922,0530,2,10
S1602755,P301,922,0530,2,10
S1602755,P101,923,0530,57,10
S1602755,P201,923,0530,71,10
S1602755,P301,923,0530,66,10
S1602755,P101,924,0530,4,10
S1602755,P201,924,0530,5,10
S1602755,P301,924,0530,5,10
S1602755,P101,926,0530,6,10
S1602755,P201,926,0530,7,10
S1602755,P301,926,0530,10,10
S1602755,P101,936,0530,10,10
S1602755,P201,936,0530,10,10
S1602755,P301,936,0530,10,10
E5600841,P001,911,0536,5,10
E5600841,P002,911,0536,6,10
E5600841,P003,911,0536,9,10
E5600841,P004,911,0536,6,10
E5600841,P005,911,0536,8,10
E5600841,P006,911,0536,11,10
E5600841,P007,911,0536,14,10
E5600841,P008,911,0536,7,10
E5600841,P009,911,0536,9,10
E5600841,P010,911,0536,6,10
E5600841,PC23,911,0536,9,10
E5600841,PC83,911,0536,13,10
E5600841,PPB1,911,0536,8,10
E5600841,PPC1,911,0536,5,10
E5600841,PR54,911,0536,3,10
E5600841,PR61,911,0536,7,10
E5600841,PR62,911,0536,4,10
E5600841,PS11,911,0536,12,10
E5600841,PS12,911,0536,8,10
E5600841,PS31,911,0536,7,10
E5600841,PS32,911,0536,4,10
E5600841,PS51,911,0536,0,00
E5600841,PS52,911,0536,0,00
E5600841,PS71,911,0536,0,00
E5600841,PS72,911,0536,0,00
E5600850,PC01,923,0530,0,00
E5600850,PC01,924,0530,0,00
E5600850,PC01,936,0530,0,00
E5600850,PC01,926,0530,0,00
S2201109,P711,911,0536,15,10
S2201109,P731,911,0536,18,10
S2201109,P741,911,0536,15,10
S2201109,P751,911,0536,15,10
E4900333,P001,911,0536,9,10
E4900333,P002,911,0536,0,00
E4900333,P003,911,0536,0,32
E4900333,P103,911,0536,0,32
E4900333,P021,911,0536,6,10
E4900333,P105,911,0536,10,10
S1900685,P421,922,0530,14,10
S1900685,P421,923,0530,62,10
S1900685,P421,936,0530,6,10
S1900685,P411,922,0530,29,10
S1900685,P411,923,0530,64,10
S1900685,P411,936,0530,12,10
E4900744,P001,911,0542,0,00
E4900744,P002,911,0542,0,00
E4900744,P023,911,0542,0,00
S2300401,P011,911,0530,9,10
S2300401,P011,923,0530,60,10
S2300401,P011,936,0530,7,10
S2300401,P011,922,0530,38,10
E5002890,P001,922,0530,0,10
E5002890,P002,922,0530,3,10
E5002890,P003,922,0530,0,00
E5002890,P001,923,0530,85,10
E5002890,P002,923,0530,124,10
E5002890,P003,923,0530,0,00
E5002890,P001,924,0530,5,10
E5002890,P002,924,0530,3,10
E5002890,P003,924,0530,0,00
E5002890,P001,926,0530,11,10
E5002890,P002,926,0530,10,10
E5002890,P003,926,0530,0,00
E5002890,P001,936,0530,12,10
E5002890,P002,936,0530,9,10
E5002890,P003,936,0530,0,00
E5600869,P001,922,0530,144,10
E5600869,P001,923,0530,132,10
E5600869,P001,936,0530,6,10
S1900710,P070,923,0545,21,10
S1900710,P070,936,0545,8,10
S1900710,P070,922,0545,16,10
S1900710,P015,923,0545,0,00
S1900710,P015,936,0545,0,00
S1900710,P015,922,0545,0,00
S1900710,P050,923,0545,101,10
S1900710,P050,936,0545,6,10
S1900710,P050,922,0545,55,10
S1900710,P056,923,0545,38,10
S1900710,P056,936,0545,4,10
S1900710,P056,922,0545,23,10
S1900710,P060,923,0545,24,10
S1900710,P060,936,0545,5,10
S1900710,P060,922,0545,24,10
S2202553,P001,922,0530,5,10
S2202553,P002,922,0530,6,10
S2202553,P003,922,0530,9,10
S2202553,P001,923,0530,85,10
S2202553,P002,923,0530,81,10
S2202553,P003,923,0530,86,10
S2202553,P001,924,0530,4,10
S2202553,P002,924,0530,1,10
S2202553,P003,924,0530,9,10
S2202553,P001,926,0530,14,10
S2202553,P002,926,0530,18,10
S2202553,P003,926,0530,28,10
S2202553,P001,936,0530,11,10
S2202553,P002,936,0530,11,10
S2202553,P003,936,0530,9,10
S2300429,P701,911,0530,0,00
S2300429,P701,922,0530,0,00
S2300429,P701,923,0530,0,00
S2300429,P701,936,0530,0,00
S2300429,PF01,911,0530,9,10
S2300429,PF01,922,0530,6,10
S2300429,PF01,923,0530,33,10
S2300429,PF01,936,0530,6,10
S1901066,P004,922,0530,228,10
S1901066,P004,923,0530,185,10
S1901066,P004,924,0530,0,10
S1901066,P004,936,0530,4,10
S1901066,P004,937,0530,11,10
E5601197,P002,911,0542,3,10
E5601197,P003,911,0542,3,10
S1601990,P001,911,0542,3,10
S1601990,P004,911,0542,4,10
S1601990,P049,911,0542,1,10
S1602755,P101,911,0542,5,10
S1602755,P201,911,0542,5,10
S1602755,P301,911,0542,5,10
E5600841,P001,923,0530,28,10
E5600841,P001,936,0530,4,10
E5600841,P001,922,0530,27,10
E5600841,P002,923,0530,17,10
E5600841,P002,936,0530,4,10
E5600841,P002,922,0530,17,10
E5600841,P003,923,0530,22,10
E5600841,P003,936,0530,5,10
E5600841,P003,922,0530,22,10
E5600841,P004,923,0530,18,10
E5600841,P004,936,0530,3,10
E5600841,P004,922,0530,19,10
E5600841,P005,923,0530,15,10
E5600841,P005,936,0530,3,10
E5600841,P005,922,0530,17,10
E5600841,P006,923,0530,41,10
E5600841,P006,936,0530,6,10
E5600841,P006,922,0530,34,10
E5600841,P007,923,0530,79,10
E5600841,P007,936,0530,6,10
E5600841,P007,922,0530,54,10
E5600841,P008,923,0530,44,10
E5600841,P008,936,0530,9,10
E5600841,P008,922,0530,5,10
E5600841,P009,923,0530,10,10
E5600841,P009,936,0530,6,10
E5600841,P009,922,0530,25,10
E5600841,P010,923,0530,8,10
E5600841,P010,936,0530,5,10
E5600841,P010,922,0530,18,10
E5600841,PC23,923,0530,60,10
E5600841,PC23,936,0530,8,10
E5600841,PC23,922,0530,28,10
E5600841,PC83,923,0530,49,10
E5600841,PC83,936,0530,7,10
E5600841,PC83,922,0530,22,10
E5600841,PPB1,923,0530,7,10
E5600841,PPB1,936,0530,8,10
E5600841,PPB1,922,0530,24,10
E5600841,PPC1,923,0530,13,10
E5600841,PPC1,936,0530,2,10
E5600841,PPC1,922,0530,20,10
E5600841,PR54,923,0530,46,10
E5600841,PR54,936,0530,3,10
E5600841,PR54,922,0530,47,10
E5600841,PR61,923,0530,69,10
E5600841,PR61,936,0530,4,10
E5600841,PR61,922,0530,46,10
E5600841,PR62,923,0530,46,10
E5600841,PR62,936,0530,4,10
E5600841,PR62,922,0530,23,10
E5600841,PS11,923,0530,35,10
E5600841,PS11,936,0530,11,10
E5600841,PS11,922,0530,63,10
E5600841,PS31,923,0530,108,10
E5600841,PS31,936,0530,13,10
E5600841,PS31,922,0530,92,10
E5600841,PS51,923,0530,0,00
E5600841,PS51,936,0530,0,00
E5600841,PS51,922,0530,0,00
E5600841,PS71,923,0530,0,00
E5600841,PS71,936,0530,0,00
E5600841,PS71,922,0530,0,00
S2300438,P001,911,0542,5,10
E5600056,P004,922,0545,0,00
E5600056,P004,923,0545,0,00
E5600056,P004,924,0545,0,00
E5600056,P004,936,0545,0,00
E5600056,P006,922,0545,28,10
E5600056,P006,923,0545,57,10
E5600056,P006,924,0545,0,10
E5600056,P006,936,0545,5,10
E5600056,P007,922,0545,0,00
E5600056,P007,923,0545,0,00
E5600056,P007,924,0545,0,00
E5600056,P007,936,0545,0,00
E5600056,P008,922,0545,39,10
E5600056,P008,923,0545,64,10
E5600056,P008,924,0545,95,10
E5600056,P008,936,0545,5,10
E5600056,P016,922,0545,0,10
E5600056,P016,923,0545,33,10
E5600056,P016,936,0545,12,10
E5600056,P017,922,0545,2,10
E5600056,P017,923,0545,24,10
E5600056,P017,924,0545,0,10
E5600056,P017,936,0545,3,10
E5600056,P018,922,0545,0,10
E5600056,P018,923,0545,17,10
E5600056,P018,924,0545,0,10
E5600056,P018,936,0545,4,10
E5600056,P021,922,0545,0,10
E5600056,P021,923,0545,46,10
E5600056,P021,924,0545,0,10
E5600056,P021,936,0545,4,10
E5600056,P024,922,0545,3,10
E5600056,P024,923,0545,31,10
E5600056,P024,924,0545,2,10
E5600056,P024,936,0545,6,10
E5600056,P034,922,0545,5,10
E5600056,P034,923,0545,49,10
E5600056,P034,936,0545,1,10
E5600056,P004,911,0548,0,00
E5600056,P006,911,0548,3,10
E5600056,P007,911,0548,0,00
E5600056,P008,911,0548,6,10
E5600056,P009,911,0548,2,10
E5600056,P016,911,0548,4,10
E5600056,P017,911,0548,2,10
E5600056,P018,911,0548,3,10
E5600056,P021,911,0548,2,10
E5600056,P022,911,0548,3,10
E5600056,P023,911,0548,1,10
E5600056,P024,911,0548,4,10
S1900710,P070,911,0548,6,10
S1900710,P015,911,0548,0,00
S1900710,P050,911,0548,4,10
S1900710,P056,911,0548,4,10
S1900710,P060,911,0548,3,10
E5400878,P010,911,0530,1,10
S2300429,P701,911,0542,0,00
S2300429,PF01,911,0542,8,10
E5600332,P001,911,0542,4,10
E5600332,P002,911,0542,4,10
E5600332,P003,911,0542,4,10
E5600850,PC01,911,0542,0,00
S1901066,P004,911,0542,5,10
E4900333,P001,922,0530,1,10
E4900333,P002,922,0530,0,00
E4900333,P003,922,0530,0,32
E4900333,P103,922,0530,0,32
E4900333,P021,922,0530,0,10
E4900333,P105,922,0530,49,10
E4900333,P001,923,0530,80,10
E4900333,P002,923,0530,0,00
E4900333,P003,923,0530,0,32
E4900333,P103,923,0530,0,32
E4900333,P021,923,0530,36,10
E4900333,P105,923,0530,68,10
E4900333,P001,936,0530,13,10
E4900333,P002,936,0530,0,00
E4900333,P003,936,0530,0,32
E4900333,P103,936,0530,0,32
E4900333,P021,936,0530,7,10
E4900333,P105,936,0530,10,10
E5600789,P001,911,0542,3,10
E5002890,P001,911,0542,5,10
E5002890,P002,911,0542,5,10
E5002890,P003,911,0542,0,00
E5600869,P001,911,0542,4,10
S1900685,P002,911,0542,13,10
S1900685,P421,911,0542,15,10
S1900685,P411,911,0542,4,10
S2100223,P015,911,0548,0,10
S2300401,P011,911,0542,9,10
S2202553,P001,911,0542,2,10
S2202553,P002,911,0542,1,10
S2202553,P003,911,0542,1,10
E5600841,P001,911,0542,5,10
E5600841,P002,911,0542,6,10
E5600841,P003,911,0542,9,10
E5600841,P004,911,0542,6,10
E5600841,P005,911,0542,8,10
E5600841,P006,911,0542,11,10
E5600841,P007,911,0542,14,10
E5600841,P008,911,0542,7,10
E5600841,P009,911,0542,9,10
E5600841,P010,911,0542,6,10
E5600841,PC23,911,0542,9,10
E5600841,PC83,911,0542,13,10
E5600841,PPB1,911,0542,8,10
E5600841,PPC1,911,0542,5,10
E5600841,PR54,911,0542,3,10
E5600841,PR61,911,0542,7,10
E5600841,PR62,911,0542,4,10
E5600841,PS11,911,0542,11,10
E5600841,PS12,911,0542,7,10
E5600841,PS31,911,0542,7,10
E5600841,PS32,911,0542,4,10
E5600841,PS51,911,0542,0,00
E5600841,PS52,911,0542,0,00
E5600841,PS71,911,0542,0,00
E5600841,PS72,911,0542,0,00
S2201109,P711,911,0530,15,10
S2201109,P731,911,0530,18,10
S2201109,P741,911,0530,15,10
S2201109,P751,911,0530,15,10
S2201109,P711,923,0530,20,10
S2201109,P711,936,0530,6,10
S2201109,P711,922,0530,7,10
S2201109,P731,923,0530,58,10
S2201109,P731,936,0530,6,10
S2201109,P731,922,0530,12,10
S2201109,P741,923,0530,51,10
S2201109,P741,936,0530,6,10
S2201109,P741,922,0530,22,10
S2201109,P751,923,0530,52,10
S2201109,P751,936,0530,7,10
S2201109,P751,922,0530,21,10
S2201109,P711,911,0542,15,10
S2201109,P731,911,0542,18,10
S2201109,P741,911,0542,15,10
S2201109,P751,911,0542,15,10
E4900744,P001,911,0548,0,00
E4900744,P002,911,0548,0,00
E4900744,P023,911,0548,0,00
E4900333,P001,911,0542,9,10
E4900333,P002,911,0542,0,00
E4900333,P003,911,0542,0,32
E4900333,P103,911,0542,0,32
E4900333,P021,911,0542,6,10
E4900333,P105,911,0542,9,10
E5601197,P002,911,0548,3,10
E5601197,P003,911,0548,2,10
S1602755,P101,911,0548,5,10
S1602755,P201,911,0548,5,10
S1602755,P301,911,0548,5,10
S2300438,P001,911,0548,5,10
E5600056,P004,911,0554,0,00
E5600056,P006,911,0554,3,10
E5600056,P007,911,0554,0,00
E5600056,P008,911,0554,6,10
E5600056,P009,911,0554,2,10
E5600056,P016,911,0554,5,10
E5600056,P017,911,0554,2,10
E5600056,P018,911,0554,3,10
E5600056,P021,911,0554,2,10
E5600056,P022,911,0554,3,10
E5600056,P023,911,0554,1,10
E5600056,P024,911,0554,4,10
S1900710,P015,911,0554,0,00
S1900710,P050,911,0554,4,10
S1900710,P056,911,0554,5,10
S1900710,P060,911,0554,4,10
S1900710,P070,911,0554,6,10
E5400878,P010,911,0536,1,10
S2300429,P701,911,0548,0,00
S2300429,PF01,911,0548,8,10
E5600332,P001,911,0548,4,10
E5600332,P002,911,0548,4,10
E5600332,P003,911,0548,4,10
E5600850,PC01,911,0548,0,00
S1901066,P004,911,0548,5,10
E5600789,P001,911,0548,3,10
E5002890,P001,911,0548,5,10
E5002890,P002,911,0548,6,10
E5002890,P003,911,0548,0,00
E5600869,P001,911,0548,4,10
S2100223,P015,911,0554,0,10
S2100223,P015,922,0545,0,10
S2100223,P015,923,0545,0,10
S2100223,P015,924,0545,0,10
S2100223,P015,936,0545,0,10
S2100223,P015,222,0500,0,
S2100223,P015,223,0500,0,
S2100223,P015,224,0500,0,
S2100223,P015,236,0500,0,
S2100223,P015,248,0500,0,
S2100223,P015,259,0500,0,
S2300401,P011,911,0548,9,10
S1900685,P002,911,0548,13,10
S1900685,P421,911,0548,11,10
S1900685,P411,911,0548,4,10
S2202553,P001,911,0548,2,10
S2202553,P002,911,0548,1,10
S2202553,P003,911,0548,1,10
E5600841,P001,911,0548,5,10
E5600841,P002,911,0548,6,10
E5600841,P003,911,0548,9,10
E5600841,P004,911,0548,6,10
E5600841,P005,911,0548,8,10
E5600841,P006,911,0548,11,10
E5600841,P007,911,0548,14,10
E5600841,P008,911,0548,7,10
E5600841,P009,911,0548,9,10
E5600841,P010,911,0548,6,10
E5600841,PC23,911,0548,10,10
E5600841,PC83,911,0548,13,10
E5600841,PPB1,911,0548,8,10
E5600841,PPC1,911,0548,5,10
E5600841,PR54,911,0548,3,10
E5600841,PR61,911,0548,7,10
E5600841,PR62,911,0548,4,10
E5600841,PS11,911,0548,11,10
E5600841,PS12,911,0548,6,10
E5600841,PS31,911,0548,7,10
E5600841,PS32,911,0548,4,10
E5600841,PS51,911,0548,0,00
E5600841,PS52,911,0548,0,00
E5600841,PS71,911,0548,0,00
E5600841,PS72,911,0548,0,00
E4900744,P001,911,0554,0,00
E4900744,P002,911,0554,0,00
E4900744,P023,911,0554,0,00
E4900744,P001,923,0545,0,00
E4900744,P023,923,0545,0,00
E4900744,P001,936,0545,0,00
E4900744,P023,936,0545,0,00
E4900744,P001,223,0500,0,00
E4900744,P023,223,0500,0,00
E4900744,P001,236,0500,0,00
E4900744,P023,236,0500,0,00
E4900744,P001,248,0500,0,00
E4900744,P023,248,0500,0,00
E4900744,P001,259,0500,0,00
E4900744,P023,259,0500,0,00
E5400878,P001,923,0530,20,10
E5400878,P001,936,0530,15,10
E5400878,P002,923,0530,19,10
E5400878,P002,936,0530,15,10
E5400878,P003,923,0530,16,10
E5400878,P003,936,0530,15,10
E5400878,P010,923,0530,18,10
E5400878,P010,936,0530,13,10
S2201109,P711,911,0548,15,10
S2201109,P731,911,0548,19,10
S2201109,P741,911,0548,15,10
S2201109,P751,911,0548,15,10
E4900333,P001,911,0548,9,10
E4900333,P002,911,0548,0,00
E4900333,P003,911,0548,0,32
E4900333,P103,911,0548,0,32
E4900333,P021,911,0548,6,10
E4900333,P105,911,0548,9,10
E5601197,P002,911,0554,3,10
E5601197,P003,911,0554,2,10
S1602755,P101,911,0554,5,10
S1602755,P201,911,0554,5,10
S1602755,P301,911,0554,5,10
S1602755,P101,922,0545,2,10
S1602755,P201,922,0545,2,10
S1602755,P301,922,0545,2,10
S1602755,P101,923,0545,69,10
S1602755,P201,923,0545,69,10
S1602755,P301,923,0545,60,10
S1602755,P101,924,0545,33,10
S1602755,P201,924,0545,8,10
S1602755,P301,924,0545,7,10
S1602755,P101,926,0545,5,10
S1602755,P201,926,0545,7,10
S1602755,P301,926,0545,10,10
S1602755,P101,936,0545,9,10
S1602755,P201,936,0545,9,10
S1602755,P301,936,0545,9,10
S1602755,P101,222,0500,2,10
S1602755,P201,222,0500,2,10
S1602755,P301,222,0500,2,10
S1602755,P101,223,0500,74,10
S1602755,P201,223,0500,64,10
S1602755,P301,223,0500,63,10
S1602755,P101,224,0500,11,10
S1602755,P201,224,0500,28,10
S1602755,P301,224,0500,10,10
S1602755,P101,226,0500,6,10
S1602755,P201,226,0500,7,10
S1602755,P301,226,0500,11,10
S1602755,P101,236,0500,9,10
S1602755,P201,236,0500,9,10
S1602755,P301,236,0500,10,10
S1602755,P101,248,0500,99165,10
S1602755,P201,248,0500,82328,10
S1602755,P301,248,0500,92587,10
S1602755,P101,259,0500,137,10
S1602755,P201,259,0500,131,10
S1602755,P301,259,0500,136,10
S2300438,P001,922,0545,0,10
S2300438,P001,923,0545,31,10
S2300438,P001,936,0545,5,10
S2300438,P001,911,0554,5,10
E5600056,P004,911,0600,0,00
E5600056,P006,911,0600,3,10
E5600056,P007,911,0600,0,00
E5600056,P008,911,0600,6,10
E5600056,P009,911,0600,2,10
E5600056,P016,911,0600,4,10
E5600056,P017,911,0600,2,10
E5600056,P018,911,0600,3,10
E5600056,P021,911,0600,2,10
E5600056,P022,911,0600,3,10
E5600056,P023,911,0600,1,10
E5600056,P024,911,0600,4,10
E5600056,P004,922,0600,0,00
E5600056,P004,923,0600,0,00
E5600056,P004,924,0600,0,00
E5600056,P004,936,0600,0,00
E5600056,P006,922,0600,22,10
E5600056,P006,923,0600,66,10
E5600056,P006,924,0600,0,10
E5600056,P006,936,0600,4,10
E5600056,P007,922,0600,0,00
E5600056,P007,923,0600,0,00
E5600056,P007,924,0600,0,00
E5600056,P007,936,0600,0,00
E5600056,P008,922,0600,41,10
E5600056,P008,923,0600,64,10
E5600056,P008,924,0600,73,10
E5600056,P008,936,0600,5,10
E5600056,P016,922,0600,0,10
E5600056,P016,923,0600,34,10
E5600056,P016,936,0600,12,10
E5600056,P017,922,0600,2,10
E5600056,P017,923,0600,23,10
E5600056,P017,924,0600,0,10
E5600056,P017,936,0600,3,10
E5600056,P018,922,0600,0,10
E5600056,P018,923,0600,17,10
E5600056,P018,936,0600,4,10
E5600056,P021,922,0600,0,10
E5600056,P021,923,0600,44,10
E5600056,P021,936,0600,4,10
E5600056,P024,922,0600,3,10
E5600056,P024,923,0600,30,10
E5600056,P024,924,0600,2,10
E5600056,P024,936,0600,6,10
E5600056,P034,923,0600,45,10
E5600056,P034,936,0600,1,10
E5600056,P004,222,0600,0,00
E5600056,P004,223,0600,0,00
E5600056,P004,224,0600,0,00
E5600056,P004,236,0600,0,00
E5600056,P004,248,0600,0,00
E5600056,P004,259,0600,0,00
E5600056,P006,222,0600,23,10
E5600056,P006,223,0600,65,10
E5600056,P006,224,0600,0,10
E5600056,P006,236,0600,5,10
S2300429,P701,922,0545,0,00
S2300429,P701,923,0545,0,00
S2300429,P701,936,0545,0,00
S2300429,PF01,922,0545,5,10
S2300429,PF01,923,0545,33,10
S2300429,PF01,936,0545,6,10
E5600850,PC01,923,0545,0,00
E5600850,PC01,924,0545,0,00
E5600850,PC01,936,0545,0,00
E5600850,PC01,926,0545,0,00
S1901066,P004,922,0545,228,10
S1901066,P004,923,0545,184,10
S1901066,P004,924,0545,0,10
S1901066,P004,936,0545,4,10
S1901066,P004,937,0545,11,10
E5400878,P010,911,0542,1,10
S2300429,P701,911,0554,0,00
S2300429,PF01,911,0554,8,10
E5600332,P001,911,0554,4,10
E5600332,P002,911,0554,4,10
E5600332,P003,911,0554,4,10
E5600850,PC01,911,0554,0,00
S1901066,P004,911,0554,5,10
E5600789,P001,911,0554,3,10
S2100223,P015,911,0600,0,10
S2300401,P011,911,0500,9,10
S2300401,P011,923,0500,59,10
S2300401,P011,936,0500,7,10
S2300401,P011,922,0500,39,10
S2300401,P011,248,0500,171324,10
S2300401,P011,223,0500,59,10
S2300401,P011,236,0500,7,10
S2300401,P011,222,0500,38,10
S2300401,P011,259,0500,53,10
S2300401,P011,923,0545,60,10
S2300401,P011,936,0545,7,10
S2300401,P011,922,0545,39,10
S2300401,P011,911,0554,9,10
E5002890,P001,911,0554,5,10
E5002890,P002,911,0554,6,10
E5002890,P003,911,0554,0,00
E5002890,P001,922,0545,0,10
E5002890,P002,922,0545,2,10
E5002890,P003,922,0545,0,00
E5002890,P001,923,0545,96,10
E5002890,P002,923,0545,123,10
E5002890,P003,923,0545,0,00
E5002890,P001,924,0545,4,10
E5002890,P002,924,0545,3,10
E5002890,P003,924,0545,0,00
E5002890,P001,926,0545,12,10
E5002890,P002,926,0545,8,10
E5002890,P003,926,0545,0,00
E5002890,P001,936,0545,12,10
E5002890,P002,936,0545,10,10
E5002890,P003,936,0545,0,00
E5002890,P001,222,0500,0,10
E5002890,P002,222,0500,2,10
E5002890,P003,222,0500,0,00
E5002890,P001,223,0500,92,10
E5002890,P002,223,0500,118,10
E5002890,P003,223,0500,0,00
E5002890,P001,224,0500,5,10
E5002890,P002,224,0500,3,10
E5002890,P003,224,0500,0,00
E5002890,P001,226,0500,13,10
E5002890,P002,226,0500,9,10
E5002890,P003,226,0500,0,00
E5002890,P001,236,0500,12,10
E5002890,P002,236,0500,10,10
E5002890,P003,236,0500,0,00
E5002890,P001,248,0500,55212,10
E5002890,P002,248,0500,77609,10
E5002890,P003,248,0500,0,00
E5002890,P001,259,0500,165,10
E5002890,P002,259,0500,160,10
E5002890,P003,259,0500,0,00
E2000554,P003,911,0600,16,10
E2000554,P003,923,0600,30,10
E2000554,P003,922,0600,13,10
E2000554,P003,936,0600,5,10
E2000554,P003,248,0500,295693,10
E2000554,P003,259,0500,54,10
E2000554,P003,223,0500,30,10
E2000554,P003,222,0500,13,10
E2000554,P003,236,0500,5,10
S1900710,P015,911,0600,0,00
S1900710,P050,911,0600,4,10
S1900710,P056,911,0600,5,10
S1900710,P060,911,0600,3,10
S1900710,P070,911,0600,6,10
S1900710,P015,923,0600,0,00
S1900710,P015,936,0600,0,00
S1900710,P015,922,0600,0,00
S1900710,P050,923,0600,100,10
S1900710,P050,936,0600,6,10
S1900710,P050,922,0600,55,10
S1900710,P056,923,0600,38,10
S1900710,P056,936,0600,4,10
S1900710,P056,922,0600,23,10
S1900710,P060,923,0600,25,10
S1900710,P060,936,0600,5,10
S1900710,P060,922,0600,24,10
S1900710,P070,923,0600,19,10
S1900710,P070,936,0600,8,10
S1900710,P070,922,0600,17,10
S1900710,P015,248,0600,0,00
S1900710,P015,223,0600,0,00
S1900710,P015,236,0600,0,00
S1900710,P015,222,0600,0,00
S1900710,P015,259,0600,0,00
S1900710,P050,248,0600,67032,10
S1900710,P050,223,0600,101,10
S1900710,P050,236,0600,6,10
S1900710,P050,222,0600,55,10
S1900710,P050,259,0600,136,10
S1900710,P056,248,0600,170280,10
S1900710,P056,223,0600,38,10
S1900710,P056,236,0600,4,10
S1900710,P056,222,0600,23,10
S1900710,P056,259,0600,126,10
S1900710,P060,248,0600,156996,10
S1900710,P060,223,0600,24,10
S1900710,P060,236,0600,5,10
S1900710,P060,222,0600,24,10
S1900710,P060,259,0600,122,10
S1900710,P070,248,0600,166536,10
S1900710,P070,223,0600,20,10
S1900710,P070,236,0600,8,10
S1900710,P070,222,0600,16,10
S1900710,P070,259,0600,85,10
S1900685,P002,911,0554,13,10
S1900685,P421,911,0554,10,10
S1900685,P421,922,0545,16,10
S1900685,P421,923,0545,69,10
S1900685,P421,936,0545,6,10
S1900685,P421,222,0500,15,10
S1900685,P421,223,0500,66,10
S1900685,P421,236,0500,6,10
S1900685,P421,248,0500,301031,10
S1900685,P421,259,0500,52,10
S1900685,P411,911,0554,4,10
S1900685,P411,222,0500,30,10
S1900685,P411,922,0545,30,10
S1900685,P411,223,0500,65,10
S1900685,P411,923,0545,66,10
S1900685,P411,236,0500,12,10
S1900685,P411,936,0545,12,10
S1900685,P411,248,0500,18027,10
S1900685,P411,259,0500,127,10
S2202553,P001,911,0554,1,10
S2202553,P002,911,0554,1,10
S2202553,P003,911,0554,1,10
S2202553,P001,922,0545,7,10
S2202553,P002,922,0545,8,10
S2202553,P003,922,0545,7,10
S2202553,P001,923,0545,93,10
S2202553,P002,923,0545,89,10
S2202553,P003,923,0545,83,10
S2202553,P001,924,0545,5,10
S2202553,P002,924,0545,1,10
S2202553,P003,924,0545,18,10
S2202553,P001,926,0545,14,10
S2202553,P002,926,0545,21,10
S2202553,P003,926,0545,28,10
S2202553,P001,936,0545,11,10
S2202553,P002,936,0545,11,10
S2202553,P003,936,0545,9,10
S2202553,P001,222,0500,8,10
S2202553,P002,222,0500,7,10
S2202553,P003,222,0500,8,10
S2202553,P001,223,0500,88,10
S2202553,P002,223,0500,89,10
S2202553,P003,223,0500,81,10
S2202553,P001,224,0500,4,10
S2202553,P002,224,0500,1,10
S2202553,P003,224,0500,23,10
S2202553,P001,226,0500,16,10
S2202553,P002,226,0500,21,10
S2202553,P003,226,0500,26,10
S2202553,P001,236,0500,11,10
S2202553,P002,236,0500,11,10
S2202553,P003,236,0500,9,10
S2202553,P001,248,0500,103172,10
S2202553,P002,248,0500,106155,10
S2202553,P003,248,0500,107522,10
S2202553,P001,259,0500,142,10
S2202553,P002,259,0500,136,10
S2202553,P003,259,0500,149,10
E4900744,P001,911,0600,0,00
E4900744,P002,911,0600,0,00
E4900744,P023,911,0600,0,00
S2201109,P711,923,0545,20,10
S2201109,P711,936,0545,6,10
S2201109,P711,922,0545,9,10
S2201109,P731,923,0545,59,10
S2201109,P731,936,0545,6,10
S2201109,P731,922,0545,11,10
S2201109,P741,923,0545,54,10
S2201109,P741,936,0545,6,10
S2201109,P741,922,0545,22,10
S2201109,P751,923,0545,52,10
S2201109,P751,936,0545,7,10
S2201109,P751,922,0545,21,10
S2201109,P711,911,0554,15,10
S2201109,P731,911,0554,18,10
S2201109,P741,911,0554,15,10
S2201109,P751,911,0554,15,10
E4900333,P001,911,0554,9,10
E4900333,P002,911,0554,0,00
E4900333,P003,911,0554,0,32
E4900333,P103,911,0554,0,32
E4900333,P021,911,0554,6,10
E4900333,P105,911,0554,9,10
E4900333,P001,922,0545,1,10
E4900333,P002,922,0545,0,00
E4900333,P003,922,0545,0,32
E4900333,P103,922,0545,0,32
E4900333,P021,922,0545,0,10
E4900333,P105,922,0545,49,10
E4900333,P001,923,0545,79,10
E4900333,P002,923,0545,0,00
E4900333,P003,923,0545,0,32
E4900333,P103,923,0545,0,32
E4900333,P021,923,0545,38,10
E4900333,P105,923,0545,68,10
E4900333,P001,936,0545,13,10
E4900333,P002,936,0545,0,00
E4900333,P003,936,0545,0,32
E4900333,P103,936,0545,0,32
E4900333,P021,936,0545,7,10
E4900333,P105,936,0545,10,10
E4900333,P001,259,0500,87,10
E4900333,P002,259,0500,0,00
E4900333,P003,259,0500,0,32
E4900333,P103,259,0500,0,32
E4900333,P021,259,0500,126,10
E4900333,P105,259,0500,166,10
E4900333,P001,222,0500,1,10
E4900333,P002,222,0500,0,00
E4900333,P003,222,0500,0,32
E4900333,P103,222,0500,0,32
E4900333,P021,222,0500,0,10
E4900333,P105,222,0500,50,10
E4900333,P001,223,0500,80,10
E4900333,P002,223,0500,0,00
E4900333,P003,223,0500,0,32
E4900333,P103,223,0500,0,32
E4900333,P021,223,0500,37,10
E4900333,P105,223,0500,68,10
E4900333,P001,236,0500,13,10
E4900333,P002,236,0500,0,00
E4900333,P003,236,0500,0,32
E4900333,P103,236,0500,0,32
E4900333,P021,236,0500,7,10
E4900333,P105,236,0500,10,10
E4900333,P001,248,0500,40834,10
E4900333,P002,248,0500,0,00
E4900333,P003,248,0500,0,32
E4900333,P103,248,0500,0,32
E4900333,P021,248,0500,102776,10
E4900333,P105,248,0500,170559,10
E5600850,PC01,911,0600,0,00
E5601197,P002,911,0600,4,10
E5601197,P003,911,0600,4,10
S1602755,P101,911,0600,5,10
S1602755,P201,911,0600,5,10
S1602755,P301,911,0600,5,10
E5600841,P001,248,0500,186597,10
E5600841,P001,923,0545,19,10
E5600841,P001,223,0500,25,10
E5600841,P001,936,0545,5,10
E5600841,P001,236,0500,5,10
E5600841,P001,911,0554,5,10
E5600841,P001,922,0545,25,10
E5600841,P001,222,0500,28,10
E5600841,P001,259,0500,165,10
E5600841,P002,248,0500,215872,10
E5600841,P002,923,0545,18,10
E5600841,P002,223,0500,18,10
E5600841,P002,936,0545,4,10
E5600841,P002,236,0500,4,10
E5600841,P002,911,0554,6,10
E5600841,P002,922,0545,17,10
E5600841,P002,222,0500,17,10
E5600841,P002,259,0500,165,10
E5600841,P003,248,0500,181373,10
E5600841,P003,923,0545,14,10
E5600841,P003,223,0500,21,10
E5600841,P003,936,0545,5,10
E5600841,P003,236,0500,5,10
E5600841,P003,911,0554,9,10
E5600841,P003,922,0545,23,10
E5600841,P003,222,0500,24,10
E5600841,P003,259,0500,164,10
E5600841,P004,248,0500,177214,10
E5600841,P004,923,0545,18,10
E5600841,P004,223,0500,19,10
E5600841,P004,936,0545,4,10
E5600841,P004,236,0500,4,10
E5600841,P004,911,0554,6,10
E5600841,P004,922,0545,21,10
E5600841,P004,222,0500,21,10
E5600841,P004,259,0500,184,10
E5600841,P005,248,0500,190070,10
E5600841,P005,923,0545,16,10
E5600841,P005,223,0500,15,10
E5600841,P005,936,0545,4,10
E5600841,P005,236,0500,4,10
E5600841,P005,911,0554,8,10
E5600841,P005,922,0545,19,10
E5600841,P005,222,0500,19,10
E5600841,P005,259,0500,192,10
E5600841,P006,248,0500,176066,10
E5600841,P006,923,0545,40,10
E5600841,P006,223,0500,40,10
E5600841,P006,936,0545,6,10
E5600841,P006,236,0500,6,10
E5600841,P006,911,0554,11,10
E5600841,P006,922,0545,34,10
E5600841,P006,222,0500,34,10
E5600841,P006,259,0500,115,10
E5600841,P007,248,0500,181342,10
E5600841,P007,923,0545,78,10
E5600841,P007,223,0500,77,10
E5600841,P007,936,0545,6,10
E5600841,P007,236,0500,6,10
E5600841,P007,911,0554,14,10
E5600841,P007,922,0545,52,10
E5600841,P007,222,0500,53,10
E5600841,P007,259,0500,143,10
E5600841,P008,248,0500,164048,10
E5600841,P008,923,0545,47,10
E5600841,P008,223,0500,42,10
E5600841,P008,936,0545,9,10
E5600841,P008,236,0500,9,10
E5600841,P008,911,0554,7,10
E5600841,P008,922,0545,5,10
E5600841,P008,222,0500,5,10
E5600841,P008,259,0500,48,10
E5600841,P009,248,0500,267110,10
E5600841,P009,923,0545,10,10
E5600841,P009,223,0500,10,10
E5600841,P009,936,0545,6,10
E5600841,P009,236,0500,6,10
E5600841,P009,911,0554,9,10
E5600841,P009,922,0545,22,10
E5600841,P009,222,0500,24,10
E5600841,P009,259,0500,117,10
E5600841,P010,248,0500,335308,10
E5600841,P010,923,0545,8,10
E5600841,P010,223,0500,9,10
E5600841,P010,936,0545,5,10
E5600841,P010,236,0500,6,10
E5600841,P010,911,0554,6,10
E5600841,P010,922,0545,17,10
E5600841,P010,222,0500,17,10
E5600841,P010,259,0500,103,10
E5600841,PC23,248,0500,33066,10
E5600841,PC23,923,0545,75,10
E5600841,PC23,223,0500,68,10
E5600841,PC23,936,0545,8,10
E5600841,PC23,236,0500,8,10
E5600841,PC23,911,0554,9,10
E5600841,PC23,922,0545,27,10
E5600841,PC23,222,0500,27,10
E5600841,PC23,259,0500,157,10
E5600841,PC83,248,0500,213602,10
E5600841,PC83,923,0545,50,10
E5600841,PC83,223,0500,51,10
E5600841,PC83,936,0545,6,10
E5600841,PC83,236,0500,6,10
E5600841,PC83,911,0554,13,10
E5600841,PC83,922,0545,21,10
E5600841,PC83,222,0500,21,10
E5600841,PC83,259,0500,170,10
E5600841,PPB1,248,0500,197593,10
E5600841,PPB1,923,0545,8,10
E5600841,PPB1,223,0500,8,10
E5600841,PPB1,936,0545,10,10
E5600841,PPB1,236,0500,8,10
E5600841,PPB1,911,0554,8,10
E5600841,PPB1,922,0545,26,10
E5600841,PPB1,222,0500,22,10
E5600841,PPB1,259,0500,132,10
E5600841,PPC1,248,0500,631373,10
E5600841,PPC1,923,0545,11,10
E5600841,PPC1,223,0500,12,10
E5600841,PPC1,936,0545,2,10
E5600841,PPC1,236,0500,3,10
E5600841,PPC1,911,0554,5,10
E5600841,PPC1,922,0545,21,10
E5600841,PPC1,222,0500,21,10
E5600841,PPC1,259,0500,129,10
E5600841,PR54,248,0500,44672,10
E5600841,PR54,923,0545,46,10
E5600841,PR54,223,0500,45,10
E5600841,PR54,936,0545,2,10
E5600841,PR54,236,0500,3,10
E5600841,PR54,911,0554,3,10
E5600841,PR54,922,0545,44,10
E5600841,PR54,222,0500,45,10
E5600841,PR54,259,0500,215,10
E5600841,PR61,248,0500,138690,10
E5600841,PR61,923,0545,73,10
E5600841,PR61,223,0500,67,10
E5600841,PR61,936,0545,4,10
E5600841,PR61,236,0500,4,10
E5600841,PR61,911,0554,7,10
E5600841,PR61,922,0545,46,10
E5600841,PR61,222,0500,45,10
E5600841,PR61,259,0500,317,10
E5600841,PR62,248,0500,100857,10
E5600841,PR62,923,0545,45,10
E5600841,PR62,223,0500,45,10
E5600841,PR62,936,0545,4,10
E5600841,PR62,236,0500,4,10
E5600841,PR62,911,0554,4,10
E5600841,PR62,922,0545,22,10
E5600841,PR62,222,0500,23,10
E5600841,PR62,259,0500,310,10
E5600841,PS11,248,0500,827697,10
E5600841,PS11,923,0545,35,10
E5600841,PS11,223,0500,35,10
E5600841,PS11,936,0545,11,10
E5600841,PS11,236,0500,11,10
E5600841,PS11,911,0554,11,10
E5600841,PS11,922,0545,62,10
E5600841,PS11,222,0500,63,10
E5600841,PS11,259,0500,162,10
E5600841,PS12,911,0554,6,10
E5600841,PS31,248,0500,718842,10
E5600841,PS31,923,0545,110,10
E5600841,PS31,223,0500,108,10
E5600841,PS31,936,0545,13,10
E5600841,PS31,236,0500,13,10
E5600841,PS31,911,0554,7,10
E5600841,PS31,922,0545,90,10
E5600841,PS31,222,0500,90,10
E5600841,PS31,259,0500,123,10
E5600841,PS32,911,0554,4,10
E5600841,PS51,248,0500,0,00
E5600841,PS51,923,0545,0,00
E5600841,PS51,223,0500,0,00
E5600841,PS51,936,0545,0,00
E5600841,PS51,236,0500,0,00
E5600841,PS51,911,0554,0,00
E5600841,PS51,922,0545,0,00
E5600841,PS51,222,0500,0,00
E5600841,PS51,259,0500,0,00
E5600841,PS52,911,0554,0,00
E5600841,PS71,248,0500,0,00
E5600841,PS71,923,0545,0,00
E5600841,PS71,223,0500,0,00
E5600841,PS71,936,0545,0,00
E5600841,PS71,236,0500,0,00
E5600841,PS71,911,0554,0,00
E5600841,PS71,922,0545,0,00
E5600841,PS71,222,0500,0,00
E5600841,PS71,259,0500,0,00
E5600841,PS72,911,0554,0,00
S2300438,P001,911,0600,5,10
E5600056,P004,911,0606,0,00
E5600056,P006,911,0606,3,10
E5600056,P007,911,0606,0,00
E5600056,P008,911,0606,6,10
E5600056,P009,911,0606,2,10
E5600056,P016,911,0606,4,10
E5600056,P017,911,0606,2,10
E5600056,P018,911,0606,3,10
E5600056,P021,911,0606,2,10
E5600056,P022,911,0606,3,10
E5600056,P023,911,0606,1,10
E5600056,P024,911,0606,4,10
S1900710,P015,911,0606,0,00
S1900710,P050,911,0606,4,10
S1900710,P056,911,0606,6,10
S1900710,P060,911,0606,3,10
S1900710,P070,911,0606,6,10
S2202553,P001,911,0600,1,10
S2202553,P002,911,0600,1,10
S2202553,P003,911,0600,1,10
E5400878,P010,911,0548,1,10
E5600332,P001,911,0600,4,10
E5600332,P002,911,0600,4,10
E5600332,P003,911,0600,4,10
S1901066,P004,911,0600,5,10
E5600789,P001,911,0600,3,10
E5002890,P001,911,0600,5,10
E5002890,P002,911,0600,6,10
E5002890,P003,911,0600,0,00
S2100223,P015,911,0606,0,10
S1900685,P002,911,0600,13,10
S1900685,P421,911,0600,10,10
S1900685,P411,911,0600,4,10
E5600841,P001,911,0600,5,10
E5600841,P002,911,0600,6,10
E5600841,P003,911,0600,9,10
E5600841,P004,911,0600,6,10
E5600841,P005,911,0600,8,10
E5600841,P006,911,0600,11,10
E5600841,P007,911,0600,14,10
E5600841,P008,911,0600,7,10
E5600841,P009,911,0600,9,10
E5600841,P010,911,0600,6,10
E5600841,PC23,911,0600,10,10
E5600841,PC83,911,0600,13,10
E5600841,PPB1,911,0600,8,10
E5600841,PPC1,911,0600,5,10
E5600841,PR54,911,0600,3,10
E5600841,PR61,911,0600,7,10
E5600841,PR62,911,0600,4,10
E5600841,PS11,911,0600,11,10
E5600841,PS12,911,0600,8,10
E5600841,PS31,911,0600,7,10
E5600841,PS32,911,0600,4,10
E5600841,PS51,911,0600,0,00
E5600841,PS52,911,0600,0,00
E5600841,PS71,911,0600,0,00
E5600841,PS72,911,0600,0,00
E4900744,P001,911,0606,0,00
E4900744,P002,911,0606,0,00
E4900744,P023,911,0606,0,00
E4900333,P001,911,0600,9,10
E4900333,P002,911,0600,0,00
E4900333,P003,911,0600,0,32
E4900333,P103,911,0600,0,32
E4900333,P021,911,0600,6,10
E4900333,P105,911,0600,9,10
S2300438,P001,911,0606,5,10
S2100223,P015,922,0600,0,10
S2100223,P015,923,0600,0,10
S2100223,P015,924,0600,0,10
S2100223,P015,936,0600,0,10
E5601197,P002,911,0606,5,10
E5601197,P003,911,0606,5,10
S1602755,P101,911,0606,5,10
S1602755,P201,911,0606,5,10
S1602755,P301,911,0606,5,10
S2300401,P011,911,0606,9,10
E5600850,PC01,911,0606,0,00
S1900710,P015,911,0612,0,00
S1900710,P050,911,0612,4,10
S1900710,P056,911,0612,5,10
S1900710,P060,911,0612,3,10
S1900710,P070,911,0612,6,10
S2202553,P001,911,0606,1,10
S2202553,P002,911,0606,1,10
S2202553,P003,911,0606,1,10
E4900744,P001,923,0600,0,00
E4900744,P023,923,0600,0,00
E4900744,P001,936,0600,0,00
E4900744,P023,936,0600,0,00
E5400878,P001,223,0500,21,10
E5400878,P001,236,0500,15,10
E5400878,P001,248,0500,764478,10
E5400878,P001,259,0500,116,10
E5400878,P002,223,0500,19,10
E5400878,P002,236,0500,14,10
E5400878,P002,248,0500,1770942,10
E5400878,P002,259,0500,115,10
E5400878,P003,223,0500,16,10
E5400878,P003,236,0500,15,10
E5400878,P003,248,0500,1632498,10
E5400878,P003,259,0500,114,10
E5400878,P010,223,0500,18,10
E5400878,P010,236,0500,13,10
E5400878,P010,248,0500,1404098,10
E5400878,P010,259,0500,99,10
E5400878,P001,923,0545,21,10
E5400878,P001,936,0545,15,10
E5400878,P002,923,0545,19,10
E5400878,P002,936,0545,15,10
E5400878,P003,923,0545,16,10
E5400878,P003,936,0545,15,10
E5400878,P010,923,0545,18,10
E5400878,P010,936,0545,13,10
E5400878,P010,911,0554,1,10
S2300429,P701,911,0606,0,00
S2300429,PF01,911,0606,9,10
E5600332,P001,911,0606,4,10
E5600332,P002,911,0606,4,10
E5600332,P003,911,0606,4,10
S1901066,P004,911,0606,5,10
E5600789,P001,911,0606,3,10
E5600056,P004,911,0612,0,00
E5600056,P006,911,0612,3,10
E5600056,P007,911,0612,0,00
E5600056,P008,911,0612,6,10
E5600056,P009,911,0612,2,10
E5600056,P016,911,0612,4,10
E5600056,P017,911,0612,2,10
E5600056,P018,911,0612,3,10
E5600056,P021,911,0612,2,10
E5600056,P022,911,0612,3,10
E5600056,P023,911,0612,1,10
E5600056,P024,911,0612,4,10
E5002890,P001,911,0606,5,10
E5002890,P002,911,0606,5,10
E5002890,P003,911,0606,0,00
S2100223,P015,911,0612,0,10
S2300438,P001,922,0600,0,10
S2300438,P001,923,0600,37,10
S2300438,P001,936,0600,5,10
S2300438,P001,222,0500,0,10
S2300438,P001,223,0500,33,10
S2300438,P001,236,0500,5,10
S2300438,P001,248,0500,50917,10
S2300438,P001,259,0500,123,10
S2201109,P711,911,0606,15,10
S2201109,P731,911,0606,18,10
S2201109,P741,911,0606,15,10
S2201109,P751,911,0606,15,10
S1900685,P002,911,0606,13,10
S1900685,P421,911,0606,11,10
S1900685,P411,911,0606,4,10
S1602755,P101,922,0600,2,10
S1602755,P201,922,0600,2,10
S1602755,P301,922,0600,2,10
S1602755,P101,923,0600,81,10
S1602755,P201,923,0600,67,10
S1602755,P301,923,0600,57,10
S1602755,P101,924,0600,8,10
S1602755,P201,924,0600,17,10
S1602755,P301,924,0600,3,10
S1602755,P101,926,0600,6,10
S1602755,P201,926,0600,6,10
S1602755,P301,926,0600,10,10
S1602755,P101,936,0600,9,10
S1602755,P201,936,0600,9,10
S1602755,P301,936,0600,9,10
E5600841,P001,911,0606,5,10
E5600841,P002,911,0606,6,10
E5600841,P003,911,0606,9,10
E5600841,P004,911,0606,6,10
E5600841,P005,911,0606,8,10
E5600841,P006,911,0606,11,10
E5600841,P007,911,0606,14,10
E5600841,P008,911,0606,7,10
E5600841,P009,911,0606,9,10
E5600841,P010,911,0606,6,10
E5600841,PC23,911,0606,10,10
E5600841,PC83,911,0606,14,10
E5600841,PPB1,911,0606,8,10
E5600841,PPC1,911,0606,5,10
E5600841,PR54,911,0606,3,10
E5600841,PR61,911,0606,7,10
E5600841,PR62,911,0606,4,10
E5600841,PS11,911,0606,11,10
E5600841,PS12,911,0606,7,10
E5600841,PS31,911,0606,7,10
E5600841,PS32,911,0606,4,10
E5600841,PS51,911,0606,0,00
E5600841,PS52,911,0606,0,00
E5600841,PS71,911,0606,0,00
E5600841,PS72,911,0606,0,00
E4900744,P001,911,0612,0,00
E4900744,P002,911,0612,0,00
E4900744,P023,911,0612,0,00
E5600850,PC01,923,0600,0,00
E5600850,PC01,924,0600,0,00
E5600850,PC01,936,0600,0,00
E5600850,PC01,926,0600,0,00
E5600850,PC01,223,0500,0,00
E5600850,PC01,224,0500,0,00
E5600850,PC01,236,0500,0,00
E5600850,PC01,226,0500,0,00
E5600850,PC01,248,0500,0,00
E5600850,PC01,259,0500,0,00
E4900333,P001,911,0606,9,10
E4900333,P002,911,0606,0,00
E4900333,P003,911,0606,0,32
E4900333,P103,911,0606,0,32
E4900333,P021,911,0606,6,10
E4900333,P105,911,0606,9,10
S2300438,P001,911,0612,5,10
E5002890,P001,922,0600,0,10
E5002890,P002,922,0600,0,10
E5002890,P003,922,0600,0,00
E5002890,P001,923,0600,111,10
E5002890,P002,923,0600,110,10
E5002890,P003,923,0600,0,00
E5002890,P001,924,0600,3,10
E5002890,P002,924,0600,6,10
E5002890,P003,924,0600,0,00
E5002890,P001,926,0600,16,10
E5002890,P002,926,0600,11,10
E5002890,P003,926,0600,0,00
E5002890,P001,936,0600,11,10
E5002890,P002,936,0600,13,10
E5002890,P003,936,0600,0,00
S1900710,P070,923,0615,21,10
S1900710,P070,936,0615,8,10
S1900710,P070,922,0615,17,10
S1900710,P015,923,0615,0,00
S1900710,P015,936,0615,0,00
S1900710,P015,922,0615,0,00
S1900710,P050,923,0615,100,10
S1900710,P050,936,0615,6,10
S1900710,P050,922,0615,54,10
S1900710,P056,923,0615,40,10
S1900710,P056,936,0615,4,10
S1900710,P056,922,0615,24,10
S1900710,P060,923,0615,24,10
S1900710,P060,936,0615,5,10
S1900710,P060,922,0615,24,10
S1900685,P421,922,0600,16,10
S1900685,P421,923,0600,74,10
S1900685,P421,936,0600,6,10
S1900685,P411,922,0600,30,10
S1900685,P411,923,0600,66,10
S1900685,P411,936,0600,12,10
S2202553,P001,922,0600,10,10
S2202553,P002,922,0600,9,10
S2202553,P003,922,0600,6,10
S2202553,P001,923,0600,88,10
S2202553,P002,923,0600,87,10
S2202553,P003,923,0600,87,10
S2202553,P001,924,0600,10,10
S2202553,P002,924,0600,2,10
S2202553,P003,924,0600,14,10
S2202553,P001,926,0600,14,10
S2202553,P002,926,0600,22,10
S2202553,P003,926,0600,25,10
S2202553,P001,936,0600,11,10
S2202553,P002,936,0600,10,10
S2202553,P003,936,0600,10,10
S2300429,P701,911,0600,0,00
S2300429,P701,922,0600,0,00
S2300429,P701,923,0600,0,00
S2300429,P701,936,0600,0,00
S2300429,PF01,911,0600,8,10
S2300429,PF01,922,0600,5,10
S2300429,PF01,923,0600,33,10
S2300429,PF01,936,0600,6,10
S2300429,P701,222,0500,0,00
S2300429,P701,223,0500,0,00
S2300429,P701,236,0500,0,00
S2300429,P701,248,0500,0,00
S2300429,P701,259,0500,0,00
S2300429,PF01,222,0500,6,10
S2300429,PF01,223,0500,32,10
S2300429,PF01,236,0500,6,10
S2300429,PF01,248,0500,273629,10
S2300429,PF01,259,0500,57,10
S1901066,P004,922,0600,228,10
S1901066,P004,923,0600,182,10
S1901066,P004,924,0600,0,10
S1901066,P004,936,0600,4,10
S1901066,P004,937,0600,11,10
S1901066,P004,222,0500,228,10
S1901066,P004,223,0500,185,10
S1901066,P004,224,0500,0,10
S1901066,P004,236,0500,4,10
S1901066,P004,237,0500,11,10
S1901066,P004,248,0500,117931,10
S1901066,P004,259,0500,236,10
E5600332,P001,911,0612,4,10
E5600332,P002,911,0612,4,10
E5600332,P003,911,0612,4,10
E5601197,P002,911,0612,5,10
E5601197,P003,911,0612,4,10
S1601990,P001,911,0612,3,10
S1601990,P004,911,0612,5,10
S1601990,P049,911,0612,1,10
S1602755,P101,911,0612,5,10
S1602755,P201,911,0612,5,10
S1602755,P301,911,0612,5,10
E5600841,P001,923,0600,26,10
E5600841,P001,936,0600,5,10
E5600841,P001,922,0600,31,10
E5600841,P002,923,0600,18,10
E5600841,P002,936,0600,4,10
E5600841,P002,922,0600,17,10
E5600841,P003,923,0600,21,10
E5600841,P003,936,0600,5,10
E5600841,P003,922,0600,26,10
E5600841,P004,923,0600,20,10
E5600841,P004,936,0600,4,10
E5600841,P004,922,0600,23,10
E5600841,P005,923,0600,14,10
E5600841,P005,936,0600,4,10
E5600841,P005,922,0600,21,10
E5600841,P006,923,0600,41,10
E5600841,P006,936,0600,6,10
E5600841,P006,922,0600,34,10
E5600841,P007,923,0600,72,10
E5600841,P007,936,0600,6,10
E5600841,P007,922,0600,54,10
E5600841,P008,923,0600,46,10
E5600841,P008,936,0600,9,10
E5600841,P008,922,0600,5,10
E5600841,P009,923,0600,9,10
E5600841,P009,936,0600,5,10
E5600841,P009,922,0600,24,10
E5600841,P010,923,0600,8,10
E5600841,P010,936,0600,6,10
E5600841,P010,922,0600,17,10
E5600841,PC23,923,0600,53,10
E5600841,PC23,936,0600,8,10
E5600841,PC23,922,0600,28,10
E5600841,PC83,923,0600,51,10
E5600841,PC83,936,0600,7,10
E5600841,PC83,922,0600,21,10
E5600841,PPB1,923,0600,8,10
E5600841,PPB1,936,0600,9,10
E5600841,PPB1,922,0600,25,10
E5600841,PPC1,923,0600,9,10
E5600841,PPC1,936,0600,3,10
E5600841,PPC1,922,0600,22,10
E5600841,PR54,923,0600,49,10
E5600841,PR54,936,0600,3,10
E5600841,PR54,922,0600,45,10
E5600841,PR61,923,0600,75,10
E5600841,PR61,936,0600,4,10
E5600841,PR61,922,0600,48,10
E5600841,PR62,923,0600,44,10
E5600841,PR62,936,0600,4,10
E5600841,PR62,922,0600,21,10
E5600841,PS11,923,0600,35,10
E5600841,PS11,936,0600,11,10
E5600841,PS11,922,0600,59,10
E5600841,PS31,923,0600,116,10
E5600841,PS31,936,0600,12,10
E5600841,PS31,922,0600,85,10
E5600841,PS51,923,0600,0,00
E5600841,PS51,936,0600,0,00
E5600841,PS51,922,0600,0,00
E5600841,PS71,923,0600,0,00
E5600841,PS71,936,0600,0,00
E5600841,PS71,922,0600,0,00
S2300401,P011,911,0612,9,10
E5600850,PC01,911,0612,0,00
S1900710,P070,911,0618,6,10
S1900710,P015,911,0618,0,00
S1900710,P050,911,0618,4,10
S1900710,P056,911,0618,4,10
S1900710,P060,911,0618,3,10
E5400878,P010,911,0600,0,20
S2300429,P701,911,0612,0,00
S2300429,PF01,911,0612,8,10
S1901066,P004,911,0612,5,10
E5600056,P004,922,0615,0,00
E5600056,P004,923,0615,0,00
E5600056,P004,924,0615,0,00
E5600056,P004,936,0615,0,00
E5600056,P006,922,0615,25,10
E5600056,P006,923,0615,70,10
E5600056,P006,924,0615,0,10
E5600056,P006,936,0615,4,10
E5600056,P007,922,0615,0,00
E5600056,P007,923,0615,0,00
E5600056,P007,924,0615,0,00
E5600056,P007,936,0615,0,00
E5600056,P008,922,0615,42,10
E5600056,P008,923,0615,64,10
E5600056,P008,924,0615,71,10
E5600056,P008,936,0615,5,10
E5600056,P016,922,0615,0,10
E5600056,P016,923,0615,32,10
E5600056,P016,936,0615,12,10
E5600056,P017,922,0615,2,10
E5600056,P017,923,0615,23,10
E5600056,P017,924,0615,0,10
E5600056,P017,936,0615,3,10
E5600056,P018,922,0615,0,10
E5600056,P018,923,0615,19,10
E5600056,P018,924,0615,0,10
E5600056,P018,936,0615,4,10
E5600056,P021,922,0615,0,10
E5600056,P021,923,0615,43,10
E5600056,P021,924,0615,0,10
E5600056,P021,936,0615,4,10
E5600056,P024,922,0615,3,10
E5600056,P024,923,0615,31,10
E5600056,P024,924,0615,2,10
E5600056,P024,936,0615,6,10
E5600056,P034,922,0615,6,10
E5600056,P034,923,0615,43,10
E5600056,P034,936,0615,1,10
E5600789,P001,911,0612,3,10
E5600056,P004,911,0618,0,00
E5600056,P006,911,0618,3,10
E5600056,P007,911,0618,0,00
E5600056,P008,911,0618,5,10
E5600056,P009,911,0618,2,10
E5600056,P016,911,0618,5,10
E5600056,P017,911,0618,2,10
E5600056,P018,911,0618,3,10
E5600056,P021,911,0618,3,10
E5600056,P022,911,0618,3,10
E5600056,P023,911,0618,1,10
E5600056,P024,911,0618,4,10
E5002890,P001,911,0612,5,10
E5002890,P002,911,0612,5,10
E5002890,P003,911,0612,0,00
S2202553,P001,911,0612,1,10
S2202553,P002,911,0612,1,10
S2202553,P003,911,0612,1,10
S2100223,P015,911,0618,0,10
S2201109,P711,911,0500,15,10
S2201109,P731,911,0500,18,10
S2201109,P741,911,0500,15,10
S2201109,P751,911,0500,15,10
S2201109,P711,923,0500,20,10
S2201109,P711,936,0500,6,10
S2201109,P711,922,0500,7,10
S2201109,P731,923,0500,60,10
S2201109,P731,936,0500,6,10
S2201109,P731,922,0500,12,10
S2201109,P741,923,0500,51,10
S2201109,P741,936,0500,6,10
S2201109,P741,922,0500,21,10
S2201109,P751,923,0500,47,10
S2201109,P751,936,0500,7,10
S2201109,P751,922,0500,20,10
S2201109,P711,248,0500,6912,10
S2201109,P711,223,0500,20,10
S2201109,P711,236,0500,6,10
S2201109,P711,222,0500,8,10
S2201109,P711,259,0500,52,10
S2201109,P731,248,0500,4098,10
S2201109,P731,223,0500,59,10
S2201109,P731,236,0500,6,10
S2201109,P731,222,0500,12,10
S2201109,P731,259,0500,53,10
S2201109,P741,248,0500,4721,10
S2201109,P741,223,0500,52,10
S2201109,P741,236,0500,6,10
S2201109,P741,222,0500,22,10
S2201109,P741,259,0500,52,10
S2201109,P751,248,0500,4503,10
S2201109,P751,223,0500,50,10
S2201109,P751,236,0500,7,10
S2201109,P751,222,0500,21,10
S2201109,P751,259,0500,50,10
S2201109,P711,911,0612,15,10
S2201109,P731,911,0612,18,10
S2201109,P741,911,0612,15,10
S2201109,P751,911,0612,15,10
E4900333,P001,922,0600,1,10
E4900333,P002,922,0600,0,00
E4900333,P003,922,0600,0,32
E4900333,P103,922,0600,0,32
E4900333,P021,922,0600,0,10
E4900333,P105,922,0600,49,10
E4900333,P001,923,0600,79,10
E4900333,P002,923,0600,0,00
E4900333,P003,923,0600,0,32
E4900333,P103,923,0600,0,32
E4900333,P021,923,0600,37,10
E4900333,P105,923,0600,67,10
E4900333,P001,936,0600,13,10
E4900333,P002,936,0600,0,00
E4900333,P003,936,0600,0,32
E4900333,P103,936,0600,0,32
E4900333,P021,936,0600,7,10
E4900333,P105,936,0600,10,10
S1900685,P002,911,0612,13,10
S1900685,P421,911,0612,10,10
S1900685,P411,911,0612,4,10
E5600841,P001,911,0612,5,10
E5600841,P002,911,0612,6,10
E5600841,P003,911,0612,9,10
E5600841,P004,911,0612,6,10
E5600841,P005,911,0612,8,10
E5600841,P006,911,0612,11,10
E5600841,P007,911,0612,14,10
E5600841,P008,911,0612,7,10
E5600841,P009,911,0612,9,10
E5600841,P010,911,0612,6,10
E5600841,PC23,911,0612,10,10
E5600841,PC83,911,0612,13,10
E5600841,PPB1,911,0612,8,10
E5600841,PPC1,911,0612,5,10
E5600841,PR54,911,0612,3,10
E5600841,PR61,911,0612,7,10
E5600841,PR62,911,0612,4,10
E5600841,PS11,911,0612,11,10
E5600841,PS12,911,0612,6,10
E5600841,PS31,911,0612,7,10
E5600841,PS32,911,0612,4,10
E5600841,PS51,911,0612,0,00
E5600841,PS52,911,0612,0,00
E5600841,PS71,911,0612,0,00
E5600841,PS72,911,0612,0,00
E4900744,P001,911,0618,0,00
E4900744,P002,911,0618,0,00
E4900744,P023,911,0618,0,00
E4900333,P001,911,0612,9,10
E4900333,P002,911,0612,0,00
E4900333,P003,911,0612,0,32
E4900333,P103,911,0612,0,32
E4900333,P021,911,0612,6,10
E4900333,P105,911,0612,9,10
S2300438,P001,911,0618,5,10
E5600332,P001,911,0618,4,10
E5600332,P002,911,0618,4,10
E5600332,P003,911,0618,4,10
E5601197,P002,911,0618,4,10
E5601197,P003,911,0618,3,10
S2300401,P011,911,0618,9,10
E5600850,PC01,911,0618,0,00
E5600789,P001,911,0618,3,10
S1900710,P015,911,0624,0,00
S1900710,P050,911,0624,4,10
S1900710,P056,911,0624,5,10
S1900710,P060,911,0624,3,10
S1900710,P070,911,0624,5,10
E5400878,P010,911,0606,2,10
S2300429,P701,911,0618,0,00
S2300429,PF01,911,0618,8,10
S1901066,P004,911,0618,5,10
E5600056,P004,911,0624,0,00
E5600056,P006,911,0624,3,10
E5600056,P007,911,0624,0,00
E5600056,P008,911,0624,5,10
E5600056,P009,911,0624,2,10
E5600056,P016,911,0624,5,10
E5600056,P017,911,0624,2,10
E5600056,P018,911,0624,3,10
E5600056,P021,911,0624,3,10
E5600056,P022,911,0624,3,10
E5600056,P023,911,0624,1,10
E5600056,P024,911,0624,4,10
E5002890,P001,911,0618,5,10
E5002890,P002,911,0618,5,10
E5002890,P003,911,0618,0,00
S2202553,P001,911,0618,1,10
S2202553,P002,911,0618,1,10
S2202553,P003,911,0618,1,10
S2100223,P015,911,0624,0,10
S2100223,P015,922,0615,0,10
S2100223,P015,923,0615,0,10
S2100223,P015,924,0615,0,10
S2100223,P015,936,0615,0,10
S2201109,P711,911,0618,15,10
S2201109,P731,911,0618,18,10
S2201109,P741,911,0618,15,10
S2201109,P751,911,0618,15,10
S1900685,P002,911,0618,13,10
S1900685,P421,911,0618,10,10
S1900685,P411,911,0618,4,10
E5600841,P001,911,0618,5,10
E5600841,P002,911,0618,6,10
E5600841,P003,911,0618,9,10
E5600841,P004,911,0618,6,10
E5600841,P005,911,0618,8,10
E5600841,P006,911,0618,11,10
E5600841,P007,911,0618,14,10
E5600841,P008,911,0618,7,10
E5600841,P009,911,0618,9,10
E5600841,P010,911,0618,6,10
E5600841,PC23,911,0618,9,10
E5600841,PC83,911,0618,13,10
E5600841,PPB1,911,0618,8,10
E5600841,PPC1,911,0618,5,10
E5600841,PR54,911,0618,3,10
E5600841,PR61,911,0618,7,10
E5600841,PR62,911,0618,4,10
E5600841,PS11,911,0618,11,10
E5600841,PS12,911,0618,6,10
E5600841,PS31,911,0618,7,10
E5600841,PS32,911,0618,4,10
E5600841,PS51,911,0618,12,10
E5600841,PS52,911,0618,8,10
E5600841,PS71,911,0618,0,00
E5600841,PS72,911,0618,0,00
E4900744,P001,911,0624,0,00
E4900744,P002,911,0624,0,00
E4900744,P023,911,0624,0,00
E4900744,P001,923,0615,0,00
E4900744,P023,923,0615,0,00
E4900744,P001,936,0615,0,00
E4900744,P023,936,0615,0,00
E5400878,P001,923,0600,21,10
E5400878,P001,936,0600,15,10
E5400878,P002,923,0600,19,10
E5400878,P002,936,0600,15,10
E5400878,P003,923,0600,16,10
E5400878,P003,936,0600,15,10
E5400878,P010,923,0600,18,10
E5400878,P010,936,0600,13,10
S2300438,P001,922,0615,0,10
S2300438,P001,923,0615,37,10
S2300438,P001,936,0615,6,10
E4900333,P001,911,0618,9,10
E4900333,P002,911,0618,0,00
E4900333,P003,911,0618,0,32
E4900333,P103,911,0618,0,32
E4900333,P021,911,0618,6,10
E4900333,P105,911,0618,9,10
S2300438,P001,911,0624,5,10
E5600332,P001,911,0624,4,10
E5600332,P002,911,0624,4,10
E5600332,P003,911,0624,4,10
E5601197,P002,911,0624,4,10
E5601197,P003,911,0624,3,10
E5600850,PC01,923,0615,0,00
E5600850,PC01,924,0615,0,00
E5600850,PC01,936,0615,0,00
E5600850,PC01,926,0615,0,00
E5600850,PC01,911,0624,0,00
S1900710,P015,911,0630,0,00
S1900710,P050,911,0630,4,10
S1900710,P056,911,0630,5,10
S1900710,P060,911,0630,4,10
S1900710,P070,911,0630,6,10
S1900710,P015,923,0630,0,00
S1900710,P015,936,0630,0,00
S1900710,P015,922,0630,0,00
S1900710,P050,923,0630,99,10
S1900710,P050,936,0630,6,10
S1900710,P050,922,0630,54,10
S1900710,P056,923,0630,41,10
S1900710,P056,936,0630,4,10
S1900710,P056,922,0630,23,10
S1900710,P060,923,0630,24,10
S1900710,P060,936,0630,5,10
S1900710,P060,922,0630,24,10
S1900710,P070,923,0630,22,10
S1900710,P070,936,0630,8,10
S1900710,P070,922,0630,17,10
S2300401,P011,923,0615,61,10
S2300401,P011,936,0615,7,10
S2300401,P011,922,0615,39,10
S2300429,P701,922,0615,0,00
S2300429,P701,923,0615,0,00
S2300429,P701,936,0615,0,00
S2300429,PF01,922,0615,4,10
S2300429,PF01,923,0615,33,10
S2300429,PF01,936,0615,6,10
S1901066,P004,922,0615,228,10
S1901066,P004,923,0615,181,10
S1901066,P004,924,0615,0,10
S1901066,P004,936,0615,4,10
S1901066,P004,937,0615,11,10
E5400878,P010,911,0612,1,10
S2300401,P011,911,0624,9,10
S2300429,P701,911,0624,0,00
S2300429,PF01,911,0624,8,10
S1901066,P004,911,0624,5,10
E5600789,P001,911,0624,3,10
E5600056,P004,911,0630,0,00
E5600056,P006,911,0630,3,10
E5600056,P007,911,0630,0,00
E5600056,P008,911,0630,6,10
E5600056,P009,911,0630,2,10
E5600056,P016,911,0630,4,10
E5600056,P017,911,0630,2,10
E5600056,P018,911,0630,3,10
E5600056,P021,911,0630,2,10
E5600056,P022,911,0630,3,10
E5600056,P023,911,0630,1,10
E5600056,P024,911,0630,4,10
E5600056,P004,922,0630,0,00
E5600056,P004,923,0630,0,00
E5600056,P004,924,0630,0,00
E5600056,P004,936,0630,0,00
E5600056,P006,922,0630,26,10
E5600056,P006,923,0630,67,10
E5600056,P006,924,0630,0,10
E5600056,P006,936,0630,5,10
E5600056,P007,922,0630,0,00
E5600056,P007,923,0630,0,00
E5600056,P007,924,0630,0,00
E5600056,P007,936,0630,0,00
E5600056,P008,922,0630,44,10
E5600056,P008,923,0630,65,10
E5600056,P008,924,0630,52,10
E5600056,P008,936,0630,5,10
E5600056,P016,922,0630,0,10
E5600056,P016,923,0630,32,10
E5600056,P016,936,0630,12,10
E5600056,P017,922,0630,2,10
E5600056,P017,923,0630,22,10
E5600056,P017,924,0630,0,10
E5600056,P017,936,0630,3,10
E5600056,P018,922,0630,0,10
E5600056,P018,923,0630,19,10
E5600056,P018,936,0630,4,10
E5600056,P021,922,0630,0,10
E5600056,P021,923,0630,47,10
E5600056,P021,936,0630,4,10
E5600056,P024,922,0630,3,10
E5600056,P024,923,0630,29,10
E5600056,P024,924,0630,2,10
E5600056,P024,936,0630,6,10
E5600056,P034,923,0630,43,10
E5600056,P034,936,0630,1,10
E5002890,P001,911,0624,5,10
E5002890,P002,911,0624,5,10
E5002890,P003,911,0624,0,00
E5002890,P001,922,0615,0,10
E5002890,P002,922,0615,0,10
E5002890,P003,922,0615,0,00
E5002890,P001,923,0615,122,10
E5002890,P002,923,0615,100,10
E5002890,P003,923,0615,0,00
E5002890,P001,924,0615,5,10
E5002890,P002,924,0615,4,10
E5002890,P003,924,0615,0,00
E5002890,P001,926,0615,19,10
E5002890,P002,926,0615,8,10
E5002890,P003,926,0615,0,00
E5002890,P001,936,0615,13,10
E5002890,P002,936,0615,12,10
E5002890,P003,936,0615,0,00
S2202553,P001,911,0624,1,10
S2202553,P002,911,0624,1,10
S2202553,P003,911,0624,1,10
S2202553,P001,922,0615,10,10
S2202553,P002,922,0615,5,10
S2202553,P003,922,0615,6,10
S2202553,P001,923,0615,90,10
S2202553,P002,923,0615,86,10
S2202553,P003,923,0615,80,10
S2202553,P001,924,0615,14,10
S2202553,P002,924,0615,2,10
S2202553,P003,924,0615,15,10
S2202553,P001,926,0615,16,10
S2202553,P002,926,0615,13,10
S2202553,P003,926,0615,27,10
S2202553,P001,936,0615,10,10
S2202553,P002,936,0615,11,10
S2202553,P003,936,0615,9,10
S2100223,P015,911,0630,0,10
S2201109,P711,923,0615,23,10
S2201109,P711,936,0615,7,10
S2201109,P711,922,0615,7,10
S2201109,P731,923,0615,58,10
S2201109,P731,936,0615,6,10
S2201109,P731,922,0615,11,10
S2201109,P741,923,0615,56,10
S2201109,P741,936,0615,6,10
S2201109,P741,922,0615,21,10
S2201109,P751,923,0615,53,10
S2201109,P751,936,0615,7,10
S2201109,P751,922,0615,21,10
S2201109,P711,911,0624,15,10
S2201109,P731,911,0624,18,10
S2201109,P741,911,0624,15,10
S2201109,P751,911,0624,15,10
S1900685,P002,911,0624,13,10
S1900685,P421,911,0624,10,10
S1900685,P421,922,0615,18,10
S1900685,P421,923,0615,75,10
S1900685,P421,936,0615,6,10
S1900685,P411,911,0624,4,10
S1900685,P411,922,0615,29,10
S1900685,P411,923,0615,68,10
S1900685,P411,936,0615,12,10
E5600841,P001,923,0615,35,10
E5600841,P001,936,0615,4,10
E5600841,P001,911,0624,5,10
E5600841,P001,922,0615,34,10
E5600841,P002,923,0615,17,10
E5600841,P002,936,0615,4,10
E5600841,P002,911,0624,6,10
E5600841,P002,922,0615,17,10
E5600841,P003,923,0615,16,10
E5600841,P003,936,0615,5,10
E5600841,P003,911,0624,9,10
E5600841,P003,922,0615,23,10
E5600841,P004,923,0615,19,10
E5600841,P004,936,0615,3,10
E5600841,P004,911,0624,6,10
E5600841,P004,922,0615,20,10
E5600841,P005,923,0615,15,10
E5600841,P005,936,0615,3,10
E5600841,P005,911,0624,8,10
E5600841,P005,922,0615,19,10
E5600841,P006,923,0615,41,10
E5600841,P006,936,0615,6,10
E5600841,P006,911,0624,11,10
E5600841,P006,922,0615,35,10
E5600841,P007,923,0615,66,10
E5600841,P007,936,0615,6,10
E5600841,P007,911,0624,14,10
E5600841,P007,922,0615,53,10
E5600841,P008,923,0615,44,10
E5600841,P008,936,0615,9,10
E5600841,P008,911,0624,7,10
E5600841,P008,922,0615,5,10
E5600841,P009,923,0615,9,10
E5600841,P009,936,0615,6,10
E5600841,P009,911,0624,9,10
E5600841,P009,922,0615,25,10
E5600841,P010,923,0615,7,10
E5600841,P010,936,0615,5,10
E5600841,P010,911,0624,6,10
E5600841,P010,922,0615,18,10
E5600841,PC23,923,0615,68,10
E5600841,PC23,936,0615,7,10
E5600841,PC23,911,0624,9,10
E5600841,PC23,922,0615,31,10
E5600841,PC83,923,0615,47,10
E5600841,PC83,936,0615,6,10
E5600841,PC83,911,0624,13,10
E5600841,PC83,922,0615,22,10
E5600841,PPB1,923,0615,7,10
E5600841,PPB1,936,0615,9,10
E5600841,PPB1,911,0624,8,10
E5600841,PPB1,922,0615,26,10
E5600841,PPC1,923,0615,11,10
E5600841,PPC1,936,0615,3,10
E5600841,PPC1,911,0624,5,10
E5600841,PPC1,922,0615,22,10
E5600841,PR54,923,0615,52,10
E5600841,PR54,936,0615,4,10
E5600841,PR54,911,0624,3,10
E5600841,PR54,922,0615,46,10
E5600841,PR61,923,0615,67,10
E5600841,PR61,936,0615,3,10
E5600841,PR61,911,0624,7,10
E5600841,PR61,922,0615,44,10
E5600841,PR62,923,0615,45,10
E5600841,PR62,936,0615,4,10
E5600841,PR62,911,0624,4,10
E5600841,PR62,922,0615,22,10
E5600841,PS11,923,0615,36,10
E5600841,PS11,936,0615,11,10
E5600841,PS11,911,0624,11,10
E5600841,PS11,922,0615,59,10
E5600841,PS12,911,0624,7,10
E5600841,PS31,923,0615,120,10
E5600841,PS31,936,0615,13,10
E5600841,PS31,911,0624,7,10
E5600841,PS31,922,0615,94,10
E5600841,PS32,911,0624,4,10
E5600841,PS51,923,0615,48,10
E5600841,PS51,936,0615,12,10
E5600841,PS51,911,0624,12,10
E5600841,PS51,922,0615,16,10
E5600841,PS52,911,0624,9,10
E5600841,PS71,923,0615,0,00
E5600841,PS71,936,0615,0,00
E5600841,PS71,911,0624,0,00
E5600841,PS71,922,0615,0,00
E5600841,PS72,911,0624,0,00
E4900744,P001,911,0630,0,00
E4900744,P002,911,0630,0,00
E4900744,P023,911,0630,0,00
E4900333,P001,911,0624,9,10
E4900333,P002,911,0624,0,00
E4900333,P003,911,0624,0,32
E4900333,P103,911,0624,0,32
E4900333,P021,911,0624,6,10
E4900333,P105,911,0624,9,10
E4900333,P001,922,0615,1,10
E4900333,P002,922,0615,0,00
E4900333,P003,922,0615,0,32
E4900333,P103,922,0615,0,32
E4900333,P021,922,0615,0,10
E4900333,P105,922,0615,49,10
E4900333,P001,923,0615,80,10
E4900333,P002,923,0615,0,00
E4900333,P003,923,0615,0,32
E4900333,P103,923,0615,0,32
E4900333,P021,923,0615,36,10
E4900333,P105,923,0615,68,10
E4900333,P001,936,0615,13,10
E4900333,P002,936,0615,0,00
E4900333,P003,936,0615,0,32
E4900333,P103,936,0615,0,32
E4900333,P021,936,0615,7,10
E4900333,P105,936,0615,10,10
E5600332,P001,911,0630,4,10
E5600332,P002,911,0630,4,10
E5600332,P003,911,0630,4,10
S2300438,P001,911,0630,5,10
E5601197,P002,911,0630,3,10
E5601197,P003,911,0630,3,10
E5600850,PC01,911,0630,0,00
E5600789,P001,911,0630,3,10
S1900710,P015,911,0636,0,00
S1900710,P050,911,0636,4,10
S1900710,P056,911,0636,5,10
S1900710,P060,911,0636,2,10
S1900710,P070,911,0636,6,10
E5400878,P010,911,0618,1,10
S1901066,P004,911,0630,5,10
E5600056,P004,911,0636,0,00
E5600056,P006,911,0636,3,10
E5600056,P007,911,0636,0,00
E5600056,P008,911,0636,6,10
E5600056,P009,911,0636,2,10
E5600056,P016,911,0636,4,10
E5600056,P017,911,0636,2,10
E5600056,P018,911,0636,3,10
E5600056,P021,911,0636,2,10
E5600056,P022,911,0636,3,10
E5600056,P023,911,0636,1,10
E5600056,P024,911,0636,4,10
E5002890,P001,911,0630,5,10
E5002890,P002,911,0630,6,10
E5002890,P003,911,0630,0,00
S2202553,P001,911,0630,2,10
S2202553,P002,911,0630,1,10
S2202553,P003,911,0630,1,10
S2100223,P015,911,0636,0,10
S1900685,P002,911,0630,13,10
S1900685,P421,911,0630,12,10
S1900685,P411,911,0630,4,10
E5600841,P001,911,0630,5,10
E5600841,P002,911,0630,6,10
E5600841,P003,911,0630,9,10
E5600841,P004,911,0630,6,10
E5600841,P005,911,0630,8,10
E5600841,P006,911,0630,11,10
E5600841,P007,911,0630,14,10
E5600841,P008,911,0630,7,10
E5600841,P009,911,0630,9,10
E5600841,P010,911,0630,6,10
E5600841,PC23,911,0630,10,10
E5600841,PC83,911,0630,13,10
E5600841,PPB1,911,0630,8,10
E5600841,PPC1,911,0630,5,10
E5600841,PR54,911,0630,3,10
E5600841,PR61,911,0630,7,10
E5600841,PR62,911,0630,4,10
E5600841,PS11,911,0630,11,10
E5600841,PS12,911,0630,8,10
E5600841,PS31,911,0630,7,10
E5600841,PS32,911,0630,4,10
E5600841,PS51,911,0630,12,10
E5600841,PS52,911,0630,8,10
E5600841,PS71,911,0630,0,00
E5600841,PS72,911,0630,0,00
E4900744,P001,911,0636,0,00
E4900744,P002,911,0636,0,00
E4900744,P023,911,0636,0,00
E4900333,P001,911,0630,9,10
E4900333,P002,911,0630,0,00
E4900333,P003,911,0630,0,32
E4900333,P103,911,0630,0,32
E4900333,P021,911,0630,6,10
E4900333,P105,911,0630,9,10
S2100223,P015,922,0630,0,10
S2100223,P015,923,0630,0,10
S2100223,P015,924,0630,0,10
S2100223,P015,936,0630,0,10
E5600332,P001,911,0636,4,10
E5600332,P002,911,0636,4,10
E5600332,P003,911,0636,4,10
S2300438,P001,911,0636,5,10
E5601197,P002,911,0636,3,10
E5601197,P003,911,0636,3,10
E5600850,PC01,911,0636,0,00
S1900710,P015,911,0642,0,00
S1900710,P050,911,0642,4,10
S1900710,P056,911,0642,5,10
S1900710,P060,911,0642,3,10
S1900710,P070,911,0642,5,10
E4900744,P001,923,0630,0,00
E4900744,P023,923,0630,0,00
E4900744,P001,936,0630,0,00
E4900744,P023,936,0630,0,00
E5400878,P001,923,0615,21,10
E5400878,P001,936,0615,15,10
E5400878,P002,923,0615,19,10
E5400878,P002,936,0615,15,10
E5400878,P003,923,0615,16,10
E5400878,P003,936,0615,15,10
E5400878,P010,923,0615,18,10
E5400878,P010,936,0615,13,10
E5400878,P010,911,0624,1,10
S2300401,P011,911,0636,9,10
S2300429,P701,911,0636,0,00
S2300429,PF01,911,0636,8,10
S1901066,P004,911,0636,5,10
E5600789,P001,911,0636,3,10
E5600056,P004,911,0642,0,00
E5600056,P006,911,0642,3,10
E5600056,P007,911,0642,0,00
E5600056,P008,911,0642,6,10
E5600056,P009,911,0642,2,10
E5600056,P016,911,0642,5,10
E5600056,P017,911,0642,2,10
E5600056,P018,911,0642,3,10
E5600056,P021,911,0642,2,10
E5600056,P022,911,0642,3,10
E5600056,P023,911,0642,1,10
E5600056,P024,911,0642,4,10
E5002890,P001,911,0636,5,10
E5002890,P002,911,0636,5,10
E5002890,P003,911,0636,0,00
S2202553,P001,911,0636,2,10
S2202553,P002,911,0636,1,10
S2202553,P003,911,0636,1,10
S2100223,P015,911,0642,0,10
E5600850,PC01,923,0630,0,00
E5600850,PC01,924,0630,0,00
E5600850,PC01,936,0630,0,00
E5600850,PC01,926,0630,0,00
S2201109,P711,911,0636,15,10
S2201109,P731,911,0636,18,10
S2201109,P741,911,0636,15,10
S2201109,P751,911,0636,15,10
S1900685,P002,911,0636,13,10
S1900685,P421,911,0636,11,10
S1900685,P411,911,0636,4,10
E5600841,P001,911,0636,5,10
E5600841,P002,911,0636,6,10
E5600841,P003,911,0636,9,10
E5600841,P004,911,0636,6,10
E5600841,P005,911,0636,8,10
E5600841,P006,911,0636,11,10
E5600841,P007,911,0636,14,10
E5600841,P008,911,0636,7,10
E5600841,P009,911,0636,9,10
E5600841,P010,911,0636,6,10
E5600841,PC23,911,0636,10,10
E5600841,PC83,911,0636,13,10
E5600841,PPB1,911,0636,8,10
E5600841,PPC1,911,0636,5,10
E5600841,PR54,911,0636,3,10
E5600841,PR61,911,0636,7,10
E5600841,PR62,911,0636,4,10
E5600841,PS11,911,0636,12,10
E5600841,PS12,911,0636,7,10
E5600841,PS31,911,0636,7,10
E5600841,PS32,911,0636,4,10
E5600841,PS51,911,0636,12,10
E5600841,PS52,911,0636,8,10
E5600841,PS71,911,0636,0,00
E5600841,PS72,911,0636,0,00
S2300429,P701,911,0630,0,00
S2300429,P701,922,0630,0,00
S2300429,P701,923,0630,0,00
S2300429,P701,936,0630,0,00
S2300429,PF01,911,0630,8,10
S2300429,PF01,922,0630,4,10
S2300429,PF01,923,0630,30,10
S2300429,PF01,936,0630,6,10
S2300438,P001,922,0630,0,20
S2300438,P001,923,0630,0,20
S2300438,P001,936,0630,0,20
S1901066,P004,922,0630,229,10
S1901066,P004,923,0630,180,10
S1901066,P004,924,0630,0,10
S1901066,P004,936,0630,4,10
S1901066,P004,937,0630,11,10
S2001314,P004,923,0645,0,00
S2001314,P004,922,0645,0,00
S2001314,P004,936,0645,0,00
E4900744,P001,911,0642,0,00
E4900744,P002,911,0642,0,00
E4900744,P023,911,0642,0,00
E5002890,P001,922,0630,0,10
E5002890,P002,922,0630,0,10
E5002890,P003,922,0630,0,00
E5002890,P001,923,0630,126,10
E5002890,P002,923,0630,101,10
E5002890,P003,923,0630,0,00
E5002890,P001,924,0630,5,10
E5002890,P002,924,0630,5,10
E5002890,P003,924,0630,0,00
E5002890,P001,926,0630,16,10
E5002890,P002,926,0630,12,10
E5002890,P003,926,0630,0,00
E5002890,P001,936,0630,13,10
E5002890,P002,936,0630,12,10
E5002890,P003,936,0630,0,00
S1900710,P070,923,0645,19,10
S1900710,P070,936,0645,8,10
S1900710,P070,922,0645,17,10
S1900710,P015,923,0645,0,00
S1900710,P015,936,0645,0,00
S1900710,P015,922,0645,0,00
S1900710,P050,923,0645,97,10
S1900710,P050,936,0645,6,10
S1900710,P050,922,0645,54,10
S1900710,P056,923,0645,39,10
S1900710,P056,936,0645,4,10
S1900710,P056,922,0645,23,10
S1900710,P060,923,0645,24,10
S1900710,P060,936,0645,5,10
S1900710,P060,922,0645,25,10
S1900685,P421,922,0630,16,10
S1900685,P421,923,0630,64,10
S1900685,P421,936,0630,6,10
S1900685,P411,922,0630,30,10
S1900685,P411,923,0630,67,10
S1900685,P411,936,0630,12,10
S2300401,P011,911,0630,9,10
S2300401,P011,923,0630,60,10
S2300401,P011,936,0630,6,10
S2300401,P011,922,0630,39,10
E4900333,P001,911,0636,9,10
E4900333,P002,911,0636,0,00
E4900333,P003,911,0636,0,32
E4900333,P103,911,0636,0,32
E4900333,P021,911,0636,6,10
E4900333,P105,911,0636,10,10
E5600332,P001,911,0642,6,10
E5600332,P002,911,0642,4,10
E5600332,P003,911,0642,4,10
S2300438,P001,911,0642,5,10
S2202553,P001,922,0630,11,10
S2202553,P002,922,0630,9,10
S2202553,P003,922,0630,7,10
S2202553,P001,923,0630,90,10
S2202553,P002,923,0630,80,10
S2202553,P003,923,0630,83,10
S2202553,P001,924,0630,2,10
S2202553,P002,924,0630,30,10
S2202553,P003,924,0630,24,10
S2202553,P001,926,0630,27,10
S2202553,P002,926,0630,8,10
S2202553,P003,926,0630,31,11
S2202553,P001,936,0630,10,10
S2202553,P002,936,0630,10,10
S2202553,P003,936,0630,9,10
E5601197,P002,911,0642,3,10
E5601197,P003,911,0642,3,10
E5600841,P001,923,0630,26,10
E5600841,P001,936,0630,4,10
E5600841,P001,922,0630,30,10
E5600841,P002,923,0630,17,10
E5600841,P002,936,0630,4,10
E5600841,P002,922,0630,17,10
E5600841,P003,923,0630,26,10
E5600841,P003,936,0630,5,10
E5600841,P003,922,0630,26,10
E5600841,P004,923,0630,21,10
E5600841,P004,936,0630,4,10
E5600841,P004,922,0630,21,10
E5600841,P005,923,0630,16,10
E5600841,P005,936,0630,4,10
E5600841,P005,922,0630,19,10
E5600841,P006,923,0630,41,10
E5600841,P006,936,0630,6,10
E5600841,P006,922,0630,34,10
E5600841,P007,923,0630,70,10
E5600841,P007,936,0630,5,10
E5600841,P007,922,0630,52,10
E5600841,P008,923,0630,40,10
E5600841,P008,936,0630,9,10
E5600841,P008,922,0630,5,10
E5600841,P009,923,0630,10,10
E5600841,P009,936,0630,6,10
E5600841,P009,922,0630,24,10
E5600841,P010,923,0630,9,10
E5600841,P010,936,0630,5,10
E5600841,P010,922,0630,17,10
E5600841,PC23,923,0630,67,10
E5600841,PC23,936,0630,8,10
E5600841,PC23,922,0630,31,10
E5600841,PC83,923,0630,52,10
E5600841,PC83,936,0630,6,10
E5600841,PC83,922,0630,21,10
E5600841,PPB1,923,0630,8,10
E5600841,PPB1,936,0630,10,10
E5600841,PPB1,922,0630,26,10
E5600841,PPC1,923,0630,12,10
E5600841,PPC1,936,0630,3,10
E5600841,PPC1,922,0630,21,10
E5600841,PR54,923,0630,55,10
E5600841,PR54,936,0630,4,10
E5600841,PR54,922,0630,43,10
E5600841,PR61,923,0630,66,10
E5600841,PR61,936,0630,3,10
E5600841,PR61,922,0630,44,10
E5600841,PR62,923,0630,46,10
E5600841,PR62,936,0630,4,10
E5600841,PR62,922,0630,22,10
E5600841,PS11,923,0630,37,10
E5600841,PS11,936,0630,11,10
E5600841,PS11,922,0630,60,10
E5600841,PS31,923,0630,118,10
E5600841,PS31,936,0630,12,10
E5600841,PS31,922,0630,83,10
E5600841,PS51,923,0630,39,10
E5600841,PS51,936,0630,12,10
E5600841,PS51,922,0630,15,10
E5600841,PS71,923,0630,0,00
E5600841,PS71,936,0630,0,00
E5600841,PS71,922,0630,0,00
E5600789,P001,911,0642,3,10
S1900685,P002,911,0642,14,10
S1900685,P421,911,0642,11,10
S1900685,P411,911,0642,4,10
E5400878,P010,911,0630,1,10
S2300401,P011,911,0642,9,10
S2300429,P701,911,0642,0,00
S2300429,PF01,911,0642,9,10
E5600850,PC01,911,0642,0,00
S1901066,P004,911,0642,0,20
E4900333,P001,922,0630,1,10
E4900333,P002,922,0630,0,00
E4900333,P003,922,0630,0,32
E4900333,P103,922,0630,0,32
E4900333,P021,922,0630,0,10
E4900333,P105,922,0630,48,10
E4900333,P001,923,0630,81,10
E4900333,P002,923,0630,0,00
E4900333,P003,923,0630,0,32
E4900333,P103,923,0630,0,32
E4900333,P021,923,0630,35,10
E4900333,P105,923,0630,69,10
E4900333,P001,936,0630,13,10
E4900333,P002,936,0630,0,00
E4900333,P003,936,0630,0,32
E4900333,P103,936,0630,0,32
E4900333,P021,936,0630,7,10
E4900333,P105,936,0630,10,10
E5600056,P004,922,0645,0,00
E5600056,P004,923,0645,0,00
E5600056,P004,924,0645,0,00
E5600056,P004,936,0645,0,00
E5600056,P006,922,0645,27,10
E5600056,P006,923,0645,64,10
E5600056,P006,924,0645,0,10
E5600056,P006,936,0645,5,10
E5600056,P007,922,0645,0,00
E5600056,P007,923,0645,0,00
E5600056,P007,924,0645,0,00
E5600056,P007,936,0645,0,00
E5600056,P008,922,0645,43,10
E5600056,P008,923,0645,64,10
E5600056,P008,924,0645,72,10
E5600056,P008,936,0645,5,10
E5600056,P016,922,0645,0,10
E5600056,P016,923,0645,33,10
E5600056,P016,936,0645,12,10
E5600056,P017,922,0645,2,10
E5600056,P017,923,0645,22,10
E5600056,P017,924,0645,0,10
E5600056,P017,936,0645,3,10
E5600056,P018,922,0645,0,10
E5600056,P018,923,0645,17,10
E5600056,P018,924,0645,0,10
E5600056,P018,936,0645,4,10
E5600056,P021,922,0645,0,10
E5600056,P021,923,0645,46,10
E5600056,P021,924,0645,0,10
E5600056,P021,936,0645,4,10
E5600056,P024,922,0645,3,10
E5600056,P024,923,0645,29,10
E5600056,P024,924,0645,2,10
E5600056,P024,936,0645,6,10
E5600056,P034,922,0645,4,10
E5600056,P034,923,0645,37,10
E5600056,P034,936,0645,1,10
E5600056,P004,911,0648,0,00
E5600056,P006,911,0648,3,10
E5600056,P007,911,0648,0,00
E5600056,P008,911,0648,6,10
E5600056,P009,911,0648,2,10
E5600056,P016,911,0648,4,10
E5600056,P017,911,0648,2,10
E5600056,P018,911,0648,3,10
E5600056,P021,911,0648,2,10
E5600056,P022,911,0648,3,10
E5600056,P023,911,0648,1,10
E5600056,P024,911,0648,4,10
E5002890,P001,911,0642,5,10
E5002890,P002,911,0642,5,10
E5002890,P003,911,0642,0,00
S1900710,P070,911,0648,6,10
S1900710,P015,911,0648,0,00
S1900710,P050,911,0648,4,10
S1900710,P056,911,0648,5,10
S1900710,P060,911,0648,2,10
S2202553,P001,911,0642,1,10
S2202553,P002,911,0642,1,10
S2202553,P003,911,0642,1,10
S2100223,P015,911,0648,0,10
E5600841,P001,911,0642,5,10
E5600841,P002,911,0642,6,10
E5600841,P003,911,0642,9,10
E5600841,P004,911,0642,6,10
E5600841,P005,911,0642,8,10
E5600841,P006,911,0642,11,10
E5600841,P007,911,0642,14,10
E5600841,P008,911,0642,7,10
E5600841,P009,911,0642,9,10
E5600841,P010,911,0642,6,10
E5600841,PC23,911,0642,10,10
E5600841,PC83,911,0642,13,10
E5600841,PPB1,911,0642,8,10
E5600841,PPC1,911,0642,5,10
E5600841,PR54,911,0642,3,10
E5600841,PR61,911,0642,7,10
E5600841,PR62,911,0642,4,10
E5600841,PS11,911,0642,11,10
E5600841,PS12,911,0642,6,10
E5600841,PS31,911,0642,7,10
E5600841,PS32,911,0642,4,10
E5600841,PS51,911,0642,12,10
E5600841,PS52,911,0642,8,10
E5600841,PS71,911,0642,0,00
E5600841,PS72,911,0642,0,00
S2201109,P711,911,0630,15,10
S2201109,P731,911,0630,18,10
S2201109,P741,911,0630,15,10
S2201109,P751,911,0630,15,10
S2201109,P711,923,0630,23,10
S2201109,P711,936,0630,6,10
S2201109,P711,922,0630,9,10
S2201109,P731,923,0630,60,10
S2201109,P731,936,0630,6,10
S2201109,P731,922,0630,12,10
S2201109,P741,923,0630,50,10
S2201109,P741,936,0630,5,10
S2201109,P741,922,0630,24,10
S2201109,P751,923,0630,55,10
S2201109,P751,936,0630,6,10
S2201109,P751,922,0630,21,10
S2201109,P711,911,0642,15,10
S2201109,P731,911,0642,18,10
S2201109,P741,911,0642,15,10
S2201109,P751,911,0642,15,10
E4900744,P001,911,0648,0,00
E4900744,P002,911,0648,0,00
E4900744,P023,911,0648,0,00
E5600869,P001,911,0554,4,10
E5600869,P001,922,0545,143,10
E5600869,P001,923,0545,133,10
E5600869,P001,936,0545,7,10
E5600869,P001,222,0500,142,10
E5600869,P001,223,0500,131,10
E5600869,P001,236,0500,6,10
E5600869,P001,248,0500,58661,10
E5600869,P001,259,0500,107,10
E5600869,P001,911,0600,4,10
E5600869,P001,911,0606,4,10
E5600869,P001,922,0600,144,10
E5600869,P001,923,0600,132,10
E5600869,P001,936,0600,6,10
E5600869,P001,911,0612,4,10
E5600869,P001,911,0618,4,10
E5600869,P001,911,0624,4,10
E5600869,P001,922,0615,144,10
E5600869,P001,923,0615,132,10
E5600869,P001,936,0615,6,10
E5600869,P001,911,0630,4,10
E5600869,P001,911,0636,4,10
E5600869,P001,922,0630,135,10
E5600869,P001,923,0630,131,10
E5600869,P001,936,0630,7,10
E5600869,P001,911,0642,4,10
E4900333,P001,911,0642,9,10
E4900333,P002,911,0642,0,00
E4900333,P003,911,0642,0,32
E4900333,P103,911,0642,0,32
E4900333,P021,911,0642,0,20
E4900333,P105,911,0642,10,10
S2300438,P001,911,0648,5,10
E5601197,P002,911,0648,3,10
E5601197,P003,911,0648,3,10
E5600332,P001,911,0648,6,10
E5600332,P002,911,0648,4,10
E5600332,P003,911,0648,4,10
E5600789,P001,911,0648,3,10
E5600869,P001,911,0648,4,10
S1900685,P002,911,0648,12,10
S1900685,P421,911,0648,11,10
S1900685,P411,911,0648,4,10
E5400878,P010,911,0636,1,10
S2300401,P011,911,0648,9,10
S2300429,P701,911,0648,0,00
S2300429,PF01,911,0648,8,10
E5600850,PC01,911,0648,0,00
S1901066,P004,911,0648,0,20
E5600056,P004,911,0654,0,00
E5600056,P006,911,0654,3,10
E5600056,P007,911,0654,0,00
E5600056,P008,911,0654,6,10
E5600056,P009,911,0654,1,10
E5600056,P016,911,0654,4,10
E5600056,P017,911,0654,2,10
E5600056,P018,911,0654,3,10
E5600056,P021,911,0654,2,10
E5600056,P022,911,0654,3,10
E5600056,P023,911,0654,1,10
E5600056,P024,911,0654,4,10
E5002890,P001,911,0648,5,10
E5002890,P002,911,0648,6,10
E5002890,P003,911,0648,0,00
S1900710,P015,911,0654,0,00
S1900710,P050,911,0654,4,10
S1900710,P056,911,0654,4,10
S1900710,P060,911,0654,4,10
S1900710,P070,911,0654,6,10
S2202553,P001,911,0648,1,10
S2202553,P002,911,0648,1,10
S2202553,P003,911,0648,1,10
S2100223,P015,911,0654,0,10
S2100223,P015,922,0645,0,10
S2100223,P015,923,0645,0,10
S2100223,P015,924,0645,0,10
S2100223,P015,936,0645,0,10
S2100223,P015,222,0600,0,
S2100223,P015,223,0600,0,
S2100223,P015,224,0600,0,
S2100223,P015,236,0600,0,
S2100223,P015,248,0600,0,
S2100223,P015,259,0600,0,
E5600841,P001,911,0648,5,10
E5600841,P002,911,0648,6,10
E5600841,P003,911,0648,9,10
E5600841,P004,911,0648,6,10
E5600841,P005,911,0648,8,10
E5600841,P006,911,0648,11,10
E5600841,P007,911,0648,14,10
E5600841,P008,911,0648,7,10
E5600841,P009,911,0648,9,10
E5600841,P010,911,0648,6,10
E5600841,PC23,911,0648,11,10
E5600841,PC83,911,0648,13,10
E5600841,PPB1,911,0648,8,10
E5600841,PPC1,911,0648,5,10
E5600841,PR54,911,0648,4,10
E5600841,PR61,911,0648,7,10
E5600841,PR62,911,0648,4,10
E5600841,PS11,911,0648,11,10
E5600841,PS12,911,0648,6,10
E5600841,PS31,911,0648,7,10
E5600841,PS32,911,0648,4,10
E5600841,PS51,911,0648,11,10
E5600841,PS52,911,0648,8,10
E5600841,PS71,911,0648,0,00
E5600841,PS72,911,0648,0,00
S2201109,P711,911,0648,15,10
S2201109,P731,911,0648,19,10
S2201109,P741,911,0648,15,10
S2201109,P751,911,0648,15,10
E4900744,P001,911,0654,0,00
E4900744,P002,911,0654,0,00
E4900744,P023,911,0654,0,00
E4900744,P001,923,0645,0,00
E4900744,P023,923,0645,0,00
E4900744,P001,936,0645,0,00
E4900744,P023,936,0645,0,00
E4900744,P001,223,0600,0,00
E4900744,P023,223,0600,0,00
E4900744,P001,236,0600,0,00
E4900744,P023,236,0600,0,00
E4900744,P001,248,0600,0,00
E4900744,P023,248,0600,0,00
E4900744,P001,259,0600,0,00
E4900744,P023,259,0600,0,00
E5400878,P001,923,0630,0,20
E5400878,P001,936,0630,0,20
E5400878,P002,923,0630,19,10
E5400878,P002,936,0630,15,10
E5400878,P003,923,0630,16,10
E5400878,P003,936,0630,15,10
E5400878,P010,923,0630,18,10
E5400878,P010,936,0630,13,10
S2300438,P001,922,0645,0,20
S2300438,P001,923,0645,0,20
S2300438,P001,936,0645,0,20
E4900333,P001,911,0648,9,10
E4900333,P002,911,0648,0,00
E4900333,P003,911,0648,0,32
E4900333,P103,911,0648,0,32
E4900333,P021,911,0648,6,10
E4900333,P105,911,0648,9,10
S2300438,P001,911,0654,5,10
E5601197,P002,911,0654,3,10
E5601197,P003,911,0654,3,10
E5600332,P001,911,0654,4,10
E5600332,P002,911,0654,4,10
E5600332,P003,911,0654,4,10
E5600789,P001,911,0654,3,10
E5002890,P001,911,0654,5,10
E5002890,P002,911,0654,5,10
E5002890,P003,911,0654,0,00
E5002890,P001,922,0645,0,10
E5002890,P002,922,0645,0,10
E5002890,P003,922,0645,0,00
E5002890,P001,923,0645,112,10
E5002890,P002,923,0645,111,10
E5002890,P003,923,0645,0,00
E5002890,P001,924,0645,5,10
E5002890,P002,924,0645,5,10
E5002890,P003,924,0645,0,00
E5002890,P001,926,0645,15,10
E5002890,P002,926,0645,11,10
E5002890,P003,926,0645,0,00
E5002890,P001,936,0645,12,10
E5002890,P002,936,0645,13,10
E5002890,P003,936,0645,0,00
E5002890,P001,222,0600,0,10
E5002890,P002,222,0600,0,10
E5002890,P003,222,0600,0,00
E5002890,P001,223,0600,118,10
E5002890,P002,223,0600,105,10
E5002890,P003,223,0600,0,00
E5002890,P001,224,0600,5,10
E5002890,P002,224,0600,5,10
E5002890,P003,224,0600,0,00
E5002890,P001,226,0600,17,10
E5002890,P002,226,0600,10,10
E5002890,P003,226,0600,0,00
E5002890,P001,236,0600,12,10
E5002890,P002,236,0600,12,10
E5002890,P003,236,0600,0,00
E5002890,P001,248,0600,52830,10
E5002890,P002,248,0600,62800,10
E5002890,P003,248,0600,0,00
E5002890,P001,259,0600,167,10
E5002890,P002,259,0600,159,10
E5002890,P003,259,0600,0,00
E5600869,P001,911,0654,4,10
E5600869,P001,922,0645,131,10
E5600869,P001,923,0645,129,10
E5600869,P001,936,0645,7,10
E5600869,P001,222,0600,138,10
E5600869,P001,223,0600,131,10
E5600869,P001,236,0600,7,10
E5600869,P001,248,0600,56386,10
E5600869,P001,259,0600,108,10
S1900710,P015,911,0700,0,00
S1900710,P050,911,0700,4,10
S1900710,P056,911,0700,5,10
S1900710,P060,911,0700,5,10
S1900710,P070,911,0700,6,10
S1900710,P015,923,0700,0,00
S1900710,P015,936,0700,0,00
S1900710,P015,922,0700,0,00
S1900710,P050,923,0700,99,10
S1900710,P050,936,0700,6,10
S1900710,P050,922,0700,54,10
S1900710,P056,923,0700,34,10
S1900710,P056,936,0700,4,10
S1900710,P056,922,0700,23,10
S1900710,P060,923,0700,24,10
S1900710,P060,936,0700,5,10
S1900710,P060,922,0700,24,10
S1900710,P070,923,0700,19,10
S1900710,P070,936,0700,8,10
S1900710,P070,922,0700,17,10
S1900710,P015,248,0700,0,00
S1900710,P015,223,0700,0,00
S1900710,P015,236,0700,0,00
S1900710,P015,222,0700,0,00
S1900710,P015,259,0700,0,00
S1900710,P050,248,0700,67176,10
S1900710,P050,223,0700,99,10
S1900710,P050,236,0700,6,10
S1900710,P050,222,0700,54,10
S1900710,P050,259,0700,136,10
S1900710,P056,248,0700,174816,10
S1900710,P056,223,0700,38,10
S1900710,P056,236,0700,4,10
S1900710,P056,222,0700,23,10
S1900710,P056,259,0700,125,10
S1900710,P060,248,0700,158652,10
S1900710,P060,223,0700,24,10
S1900710,P060,236,0700,5,10
S1900710,P060,222,0700,24,10
S1900710,P060,259,0700,122,10
S1900710,P070,248,0700,166284,10
S1900710,P070,223,0700,21,10
S1900710,P070,236,0700,8,10
S1900710,P070,222,0700,17,10
S1900710,P070,259,0700,85,10
S1900685,P002,911,0654,12,10
S1900685,P421,911,0654,12,10
S1900685,P421,922,0645,16,10
S1900685,P421,923,0645,56,10
S1900685,P421,936,0645,5,10
S1900685,P421,222,0600,17,10
S1900685,P421,223,0600,67,10
S1900685,P421,236,0600,6,10
S1900685,P421,248,0600,306715,10
S1900685,P421,259,0600,52,10
S1900685,P411,911,0654,4,10
S1900685,P411,222,0600,29,10
S1900685,P411,922,0645,29,10
S1900685,P411,223,0600,67,10
S1900685,P411,923,0645,66,10
S1900685,P411,236,0600,12,10
S1900685,P411,936,0645,12,10
S1900685,P411,248,0600,18798,10
S1900685,P411,259,0600,128,10
S2300401,P011,911,0600,9,10
S2300401,P011,923,0600,60,10
S2300401,P011,936,0600,7,10
S2300401,P011,922,0600,38,10
S2300401,P011,248,0600,173376,10
S2300401,P011,223,0600,61,10
S2300401,P011,236,0600,6,10
S2300401,P011,222,0600,39,10
S2300401,P011,259,0600,52,10
S2300401,P011,923,0645,62,10
S2300401,P011,936,0645,6,10
S2300401,P011,922,0645,38,10
S2300429,P701,922,0645,0,00
S2300429,P701,923,0645,0,00
S2300429,P701,936,0645,0,00
S2300429,PF01,922,0645,0,20
S2300429,PF01,923,0645,0,20
S2300429,PF01,936,0645,0,20
E5600850,PC01,923,0645,0,00
E5600850,PC01,924,0645,0,00
E5600850,PC01,936,0645,0,00
E5600850,PC01,926,0645,0,00
S1901066,P004,922,0645,229,10
S1901066,P004,923,0645,180,10
S1901066,P004,924,0645,0,10
S1901066,P004,936,0645,4,10
S1901066,P004,937,0645,11,10
E5400878,P010,911,0642,1,10
S2300401,P011,911,0654,9,10
S2300429,P701,911,0654,0,00
S2300429,PF01,911,0654,8,10
E5600850,PC01,911,0654,0,00
S1901066,P004,911,0654,6,10
E5600056,P004,911,0700,0,00
E5600056,P006,911,0700,3,10
E5600056,P007,911,0700,0,00
E5600056,P008,911,0700,6,10
E5600056,P009,911,0700,2,10
E5600056,P016,911,0700,4,10
E5600056,P017,911,0700,2,10
E5600056,P018,911,0700,3,10
E5600056,P021,911,0700,2,10
E5600056,P022,911,0700,3,10
E5600056,P023,911,0700,1,10
E5600056,P024,911,0700,4,10
E5600056,P004,922,0700,0,00
E5600056,P004,923,0700,0,00
E5600056,P004,924,0700,0,00
E5600056,P004,936,0700,0,00
E5600056,P006,922,0700,26,10
E5600056,P006,923,0700,54,10
E5600056,P006,924,0700,0,10
E5600056,P006,936,0700,6,10
E5600056,P007,922,0700,0,00
E5600056,P007,923,0700,0,00
E5600056,P007,924,0700,0,00
E5600056,P007,936,0700,0,00
E5600056,P008,922,0700,43,10
E5600056,P008,923,0700,65,10
E5600056,P008,924,0700,50,10
E5600056,P008,936,0700,5,10
E5600056,P016,922,0700,0,10
E5600056,P016,923,0700,33,10
E5600056,P016,936,0700,12,10
E5600056,P017,922,0700,2,10
E5600056,P017,923,0700,23,10
E5600056,P017,924,0700,0,10
E5600056,P017,936,0700,3,10
E5600056,P018,922,0700,0,10
E5600056,P018,923,0700,16,10
E5600056,P018,936,0700,4,10
E5600056,P021,922,0700,0,10
E5600056,P021,923,0700,45,10
E5600056,P021,936,0700,4,10
E5600056,P024,922,0700,3,10
E5600056,P024,923,0700,30,10
E5600056,P024,924,0700,2,10
E5600056,P024,936,0700,6,10
E5600056,P034,923,0700,0,20
E5600056,P034,936,0700,0,20
E5600056,P004,222,0700,0,00
E5600056,P004,223,0700,0,00
E5600056,P004,224,0700,0,00
E5600056,P004,236,0700,0,00
E5600056,P004,248,0700,0,00
E5600056,P004,259,0700,0,00
E5600056,P006,222,0700,26,10
E5600056,P006,223,0700,64,10
E5600056,P006,224,0700,0,10
E5600056,P006,236,0700,5,10
S2202553,P001,911,0654,1,10
S2202553,P002,911,0654,1,10
S2202553,P003,911,0654,1,10
S2202553,P001,922,0645,8,10
S2202553,P002,922,0645,11,10
S2202553,P003,922,0645,8,10
S2202553,P001,923,0645,90,10
S2202553,P002,923,0645,88,10
S2202553,P003,923,0645,79,10
S2202553,P001,924,0645,3,10
S2202553,P002,924,0645,1,10
S2202553,P003,924,0645,41,10
S2202553,P001,926,0645,14,10
S2202553,P002,926,0645,15,10
S2202553,P003,926,0645,13,10
S2202553,P001,936,0645,11,10
S2202553,P002,936,0645,11,10
S2202553,P003,936,0645,8,10
S2202553,P001,222,0600,10,10
S2202553,P002,222,0600,9,10
S2202553,P003,222,0600,7,10
S2202553,P001,223,0600,89,10
S2202553,P002,223,0600,85,10
S2202553,P003,223,0600,82,10
S2202553,P001,224,0600,7,10
S2202553,P002,224,0600,9,10
S2202553,P003,224,0600,24,10
S2202553,P001,226,0600,18,10
S2202553,P002,226,0600,14,10
S2202553,P003,226,0600,24,10
S2202553,P001,236,0600,11,10
S2202553,P002,236,0600,10,10
S2202553,P003,236,0600,9,10
S2202553,P001,248,0600,102833,10
S2202553,P002,248,0600,109516,10
S2202553,P003,248,0600,103188,10
S2202553,P001,259,0600,141,10
S2202553,P002,259,0600,134,10
S2202553,P003,259,0600,147,10
S2100223,P015,911,0700,0,10
S2201109,P711,923,0645,20,10
S2201109,P711,936,0645,6,10
S2201109,P711,922,0645,8,10
S2201109,P731,923,0645,59,10
S2201109,P731,936,0645,6,10
S2201109,P731,922,0645,12,10
S2201109,P741,923,0645,49,10
S2201109,P741,936,0645,5,10
S2201109,P741,922,0645,24,10
S2201109,P751,923,0645,52,10
S2201109,P751,936,0645,6,10
S2201109,P751,922,0645,21,10
S2201109,P711,911,0654,15,10
S2201109,P731,911,0654,18,10
S2201109,P741,911,0654,15,10
S2201109,P751,911,0654,15,10
E4900333,P001,911,0654,9,10
E4900333,P002,911,0654,0,00
E4900333,P003,911,0654,0,32
E4900333,P103,911,0654,0,32
E4900333,P021,911,0654,6,10
E4900333,P105,911,0654,9,10
E4900333,P001,922,0645,1,10
E4900333,P002,922,0645,0,00
E4900333,P003,922,0645,0,32
E4900333,P103,922,0645,0,32
E4900333,P021,922,0645,0,10
E4900333,P105,922,0645,49,10
E4900333,P001,923,0645,80,10
E4900333,P002,923,0645,0,00
E4900333,P003,923,0645,0,32
E4900333,P103,923,0645,0,32
E4900333,P021,923,0645,34,10
E4900333,P105,923,0645,71,10
E4900333,P001,936,0645,13,10
E4900333,P002,936,0645,0,00
E4900333,P003,936,0645,0,32
E4900333,P103,936,0645,0,32
E4900333,P021,936,0645,7,10
E4900333,P105,936,0645,10,10
E4900333,P001,259,0600,87,10
E4900333,P002,259,0600,0,00
E4900333,P003,259,0600,0,32
E4900333,P103,259,0600,0,32
E4900333,P021,259,0600,126,10
E4900333,P105,259,0600,166,10
E4900333,P001,222,0600,1,10
E4900333,P002,222,0600,0,00
E4900333,P003,222,0600,0,32
E4900333,P103,222,0600,0,32
E4900333,P021,222,0600,0,10
E4900333,P105,222,0600,49,10
E4900333,P001,223,0600,80,10
E4900333,P002,223,0600,0,00
E4900333,P003,223,0600,0,32
E4900333,P103,223,0600,0,32
E4900333,P021,223,0600,36,10
E4900333,P105,223,0600,69,10
E4900333,P001,236,0600,13,10
E4900333,P002,236,0600,0,00
E4900333,P003,236,0600,0,32
E4900333,P103,236,0600,0,32
E4900333,P021,236,0600,7,10
E4900333,P105,236,0600,10,10
E4900333,P001,248,0600,40473,10
E4900333,P002,248,0600,0,00
E4900333,P003,248,0600,0,32
E4900333,P103,248,0600,0,32
E4900333,P021,248,0600,103031,10
E4900333,P105,248,0600,168683,10
E4900744,P001,911,0700,0,00
E4900744,P002,911,0700,0,00
E4900744,P023,911,0700,0,00
E5600841,P001,248,0600,178572,10
E5600841,P001,923,0645,15,10
E5600841,P001,223,0600,25,10
E5600841,P001,936,0645,5,10
E5600841,P001,236,0600,5,10
E5600841,P001,911,0654,5,10
E5600841,P001,922,0645,27,10
E5600841,P001,222,0600,30,10
E5600841,P001,259,0600,162,10
E5600841,P002,248,0600,211496,10
E5600841,P002,923,0645,18,10
E5600841,P002,223,0600,18,10
E5600841,P002,936,0645,5,10
E5600841,P002,236,0600,4,10
E5600841,P002,911,0654,6,10
E5600841,P002,922,0645,18,10
E5600841,P002,222,0600,17,10
E5600841,P002,259,0600,162,10
E5600841,P003,248,0600,180571,10
E5600841,P003,923,0645,12,10
E5600841,P003,223,0600,19,10
E5600841,P003,936,0645,5,10
E5600841,P003,236,0600,5,10
E5600841,P003,911,0654,9,10
E5600841,P003,922,0645,24,10
E5600841,P003,222,0600,25,10
E5600841,P003,259,0600,164,10
E5600841,P004,248,0600,175872,10
E5600841,P004,923,0645,20,10
E5600841,P004,223,0600,20,10
E5600841,P004,936,0645,4,10
E5600841,P004,236,0600,4,10
E5600841,P004,911,0654,6,10
E5600841,P004,922,0645,22,10
E5600841,P004,222,0600,22,10
E5600841,P004,259,0600,183,10
E5600841,P005,248,0600,187459,10
E5600841,P005,923,0645,16,10
E5600841,P005,223,0600,15,10
E5600841,P005,936,0645,4,10
E5600841,P005,236,0600,4,10
E5600841,P005,911,0654,8,10
E5600841,P005,922,0645,21,10
E5600841,P005,222,0600,20,10
E5600841,P005,259,0600,191,10
E5600841,P006,248,0600,174548,10
E5600841,P006,923,0645,41,10
E5600841,P006,223,0600,41,10
E5600841,P006,936,0645,6,10
E5600841,P006,236,0600,6,10
E5600841,P006,911,0654,10,10
E5600841,P006,922,0645,34,10
E5600841,P006,222,0600,34,10
E5600841,P006,259,0600,115,10
E5600841,P007,248,0600,181032,10
E5600841,P007,923,0645,68,10
E5600841,P007,223,0600,69,10
E5600841,P007,936,0645,6,10
E5600841,P007,236,0600,6,10
E5600841,P007,911,0654,19,10
E5600841,P007,922,0645,53,10
E5600841,P007,222,0600,53,10
E5600841,P007,259,0600,145,10
E5600841,P008,248,0600,165779,10
E5600841,P008,923,0645,36,10
E5600841,P008,223,0600,41,10
E5600841,P008,936,0645,9,10
E5600841,P008,236,0600,9,10
E5600841,P008,911,0654,7,10
E5600841,P008,922,0645,5,10
E5600841,P008,222,0600,5,10
E5600841,P008,259,0600,48,10
E5600841,P009,248,0600,293549,10
E5600841,P009,923,0645,10,10
E5600841,P009,223,0600,10,10
E5600841,P009,936,0645,5,10
E5600841,P009,236,0600,6,10
E5600841,P009,911,0654,9,10
E5600841,P009,922,0645,24,10
E5600841,P009,222,0600,24,10
E5600841,P009,259,0600,121,10
E5600841,P010,248,0600,363184,10
E5600841,P010,923,0645,10,10
E5600841,P010,223,0600,9,10
E5600841,P010,936,0645,6,10
E5600841,P010,236,0600,5,10
E5600841,P010,911,0654,6,10
E5600841,P010,922,0645,17,10
E5600841,P010,222,0600,17,10
E5600841,P010,259,0600,106,10
E5600841,PC23,248,0600,32095,10
E5600841,PC23,923,0645,58,10
E5600841,PC23,223,0600,61,10
E5600841,PC23,936,0645,8,10
E5600841,PC23,236,0600,8,10
E5600841,PC23,911,0654,9,10
E5600841,PC23,922,0645,28,10
E5600841,PC23,222,0600,29,10
E5600841,PC23,259,0600,155,10
E5600841,PC83,248,0600,208560,10
E5600841,PC83,923,0645,53,10
E5600841,PC83,223,0600,51,10
E5600841,PC83,936,0645,6,10
E5600841,PC83,236,0600,6,10
E5600841,PC83,911,0654,13,10
E5600841,PC83,922,0645,20,10
E5600841,PC83,222,0600,21,10
E5600841,PC83,259,0600,170,10
E5600841,PPB1,248,0600,180209,10
E5600841,PPB1,923,0645,9,10
E5600841,PPB1,223,0600,8,10
E5600841,PPB1,936,0645,9,10
E5600841,PPB1,236,0600,9,10
E5600841,PPB1,911,0654,0,20
E5600841,PPB1,922,0645,23,10
E5600841,PPB1,222,0600,25,10
E5600841,PPB1,259,0600,131,10
E5600841,PPC1,248,0600,641188,10
E5600841,PPC1,923,0645,14,10
E5600841,PPC1,223,0600,12,10
E5600841,PPC1,936,0645,3,10
E5600841,PPC1,236,0600,3,10
E5600841,PPC1,911,0654,5,10
E5600841,PPC1,922,0645,23,10
E5600841,PPC1,222,0600,22,10
E5600841,PPC1,259,0600,129,10
E5600841,PR54,248,0600,51022,10
E5600841,PR54,923,0645,51,10
E5600841,PR54,223,0600,52,10
E5600841,PR54,936,0645,4,10
E5600841,PR54,236,0600,4,10
E5600841,PR54,911,0654,3,10
E5600841,PR54,922,0645,42,10
E5600841,PR54,222,0600,44,10
E5600841,PR54,259,0600,221,10
E5600841,PR61,248,0600,148614,10
E5600841,PR61,923,0645,65,10
E5600841,PR61,223,0600,68,10
E5600841,PR61,936,0645,3,10
E5600841,PR61,236,0600,3,10
E5600841,PR61,911,0654,7,10
E5600841,PR61,922,0645,44,10
E5600841,PR61,222,0600,45,10
E5600841,PR61,259,0600,321,10
E5600841,PR62,248,0600,100018,10
E5600841,PR62,923,0645,47,10
E5600841,PR62,223,0600,46,10
E5600841,PR62,936,0645,4,10
E5600841,PR62,236,0600,4,10
E5600841,PR62,911,0654,4,10
E5600841,PR62,922,0645,21,10
E5600841,PR62,222,0600,22,10
E5600841,PR62,259,0600,312,10
E5600841,PS11,248,0600,844640,10
E5600841,PS11,923,0645,38,10
E5600841,PS11,223,0600,36,10
E5600841,PS11,936,0645,11,10
E5600841,PS11,236,0600,11,10
E5600841,PS11,911,0654,11,10
E5600841,PS11,922,0645,60,10
E5600841,PS11,222,0600,60,10
E5600841,PS11,259,0600,163,10
E5600841,PS12,911,0654,0,20
E5600841,PS31,248,0600,775476,10
E5600841,PS31,923,0645,116,10
E5600841,PS31,223,0600,117,10
E5600841,PS31,936,0645,12,10
E5600841,PS31,236,0600,12,10
E5600841,PS31,911,0654,7,10
E5600841,PS31,922,0645,90,10
E5600841,PS31,222,0600,88,10
E5600841,PS31,259,0600,129,10
E5600841,PS32,911,0654,4,10
E5600841,PS51,248,0600,0,00
E5600841,PS51,923,0645,45,10
E5600841,PS51,223,0600,0,00
E5600841,PS51,936,0645,11,10
E5600841,PS51,236,0600,0,00
E5600841,PS51,911,0654,11,10
E5600841,PS51,922,0645,14,10
E5600841,PS51,222,0600,0,00
E5600841,PS51,259,0600,0,00
E5600841,PS52,911,0654,9,10
E5600841,PS71,248,0600,0,00
E5600841,PS71,923,0645,0,00
E5600841,PS71,223,0600,0,00
E5600841,PS71,936,0645,0,00
E5600841,PS71,236,0600,0,00
E5600841,PS71,911,0654,0,00
E5600841,PS71,922,0645,0,00
E5600841,PS71,222,0600,0,00
E5600841,PS71,259,0600,0,00
E5600841,PS72,911,0654,0,00
E5600850,PC01,911,0700,0,00
S2300438,P001,911,0700,5,10
E5601197,P002,911,0700,3,10
E5601197,P003,911,0700,3,10
E5600056,P004,911,0706,0,00
E5600056,P006,911,0706,3,10
E5600056,P007,911,0706,0,00
E5600056,P008,911,0706,6,10
E5600056,P009,911,0706,2,10
E5600056,P016,911,0706,5,10
E5600056,P017,911,0706,2,10
E5600056,P018,911,0706,3,10
E5600056,P021,911,0706,3,10
E5600056,P022,911,0706,3,10
E5600056,P023,911,0706,1,10
E5600056,P024,911,0706,3,10
E5400878,P010,911,0648,1,10
E5600332,P001,911,0700,5,10
E5600332,P002,911,0700,4,10
E5600332,P003,911,0700,4,10
E5600789,P001,911,0700,3,10
E5002890,P001,911,0700,5,10
E5002890,P002,911,0700,5,10
E5002890,P003,911,0700,0,00
E5600869,P001,911,0700,4,10
S1900710,P015,911,0706,0,00
S1900710,P050,911,0706,4,10
S1900710,P056,911,0706,5,10
S1900710,P060,911,0706,6,10
S1900710,P070,911,0706,6,10
S1900685,P002,911,0700,12,10
S1900685,P421,911,0700,11,10
S1900685,P411,911,0700,4,10
S2100223,P015,911,0706,0,10
S1901066,P004,911,0700,6,10
S2202553,P001,911,0700,1,10
S2202553,P002,911,0700,1,10
S2202553,P003,911,0700,1,10
E5600841,P001,911,0700,0,20
E5600841,P002,911,0700,0,20
E5600841,P003,911,0700,0,20
E5600841,P004,911,0700,0,20
E5600841,P005,911,0700,0,20
E5600841,P006,911,0700,0,20
E5600841,P007,911,0700,0,20
E5600841,P008,911,0700,0,20
E5600841,P009,911,0700,0,20
E5600841,P010,911,0700,0,20
E5600841,PC23,911,0700,0,20
E5600841,PC83,911,0700,0,20
E5600841,PPB1,911,0700,0,20
E5600841,PPC1,911,0700,0,20
E5600841,PR54,911,0700,0,20
E5600841,PR61,911,0700,0,20
E5600841,PR62,911,0700,0,20
E5600841,PS11,911,0700,0,20
E5600841,PS12,911,0700,0,20
E5600841,PS31,911,0700,0,20
E5600841,PS32,911,0700,0,20
E5600841,PS51,911,0700,0,20
E5600841,PS52,911,0700,0,20
E5600841,PS71,911,0700,0,00
E5600841,PS72,911,0700,0,00
E4900333,P001,911,0700,9,10
E4900333,P002,911,0700,0,00
E4900333,P003,911,0700,0,32
E4900333,P103,911,0700,0,32
E4900333,P021,911,0700,6,10
E4900333,P105,911,0700,9,10
E4900744,P001,911,0706,0,00
E4900744,P002,911,0706,0,00
E4900744,P023,911,0706,0,00
S2100223,P015,922,0700,0,10
S2100223,P015,923,0700,0,10
S2100223,P015,924,0700,0,10
S2100223,P015,936,0700,0,10
E5600850,PC01,911,0706,0,00
S2300438,P001,911,0706,5,10
E5601197,P002,911,0706,3,10
E5601197,P003,911,0706,3,10
E5600056,P004,911,0712,0,00
E5600056,P006,911,0712,3,10
E5600056,P007,911,0712,0,00
E5600056,P008,911,0712,6,10
E5600056,P009,911,0712,1,10
E5600056,P016,911,0712,4,10
E5600056,P017,911,0712,2,10
E5600056,P018,911,0712,3,10
E5600056,P021,911,0712,2,10
E5600056,P022,911,0712,3,10
E5600056,P023,911,0712,1,10
E5600056,P024,911,0712,3,10
E5400878,P001,223,0600,21,10
E5400878,P001,236,0600,15,10
E5400878,P001,248,0600,766458,10
E5400878,P001,259,0600,116,10
E5400878,P002,223,0600,19,10
E5400878,P002,236,0600,15,10
E5400878,P002,248,0600,1721491,10
E5400878,P002,259,0600,115,10
E5400878,P003,223,0600,16,10
E5400878,P003,236,0600,15,10
E5400878,P003,248,0600,1577976,10
E5400878,P003,259,0600,114,10
E5400878,P010,223,0600,18,10
E5400878,P010,236,0600,13,10
E5400878,P010,248,0600,1374423,10
E5400878,P010,259,0600,99,10
E5400878,P001,923,0645,21,10
E5400878,P001,936,0645,15,10
E5400878,P002,923,0645,18,10
E5400878,P002,936,0645,14,10
E5400878,P003,923,0645,16,10
E5400878,P003,936,0645,15,10
E5400878,P010,923,0645,18,10
E5400878,P010,936,0645,13,10
E5400878,P010,911,0654,1,10
E5600332,P001,911,0706,4,10
E5600332,P002,911,0706,4,10
E5600332,P003,911,0706,4,10
E5600789,P001,911,0706,3,10
E5002890,P001,911,0706,5,10
E5002890,P002,911,0706,5,10
E5002890,P003,911,0706,0,00
E5600869,P001,911,0706,4,10
S1900710,P015,911,0712,0,00
S1900710,P050,911,0712,4,10
S1900710,P056,911,0712,4,10
S1900710,P060,911,0712,4,10
S1900710,P070,911,0712,6,10
S1900685,P002,911,0706,13,10
S1900685,P421,911,0706,11,10
S1900685,P411,911,0706,4,10
E4900744,P001,923,0700,0,00
E4900744,P023,923,0700,0,00
E4900744,P001,936,0700,0,00
E4900744,P023,936,0700,0,00
S2100223,P015,911,0712,0,10
S2300438,P001,922,0700,0,10
S2300438,P001,923,0700,32,10
S2300438,P001,936,0700,6,10
S2300438,P001,222,0600,0,10
S2300438,P001,223,0600,37,10
S2300438,P001,236,0600,5,10
S2300438,P001,248,0600,51240,10
S2300438,P001,259,0600,123,10
S2300401,P011,911,0706,9,10
S2300429,P701,911,0706,0,00
S2300429,PF01,911,0706,8,10
S1901066,P004,911,0706,6,10
S2202553,P001,911,0706,1,10
S2202553,P002,911,0706,1,10
S2202553,P003,911,0706,1,10
E5600841,P001,911,0706,0,20
E5600841,P002,911,0706,0,20
E5600841,P003,911,0706,0,20
E5600841,P004,911,0706,0,20
E5600841,P005,911,0706,0,20
E5600841,P006,911,0706,0,20
E5600841,P007,911,0706,0,20
E5600841,P008,911,0706,0,20
E5600841,P009,911,0706,0,20
E5600841,P010,911,0706,0,20
E5600841,PC23,911,0706,0,20
E5600841,PC83,911,0706,0,20
E5600841,PPB1,911,0706,8,10
E5600841,PPC1,911,0706,0,20
E5600841,PR54,911,0706,0,20
E5600841,PR61,911,0706,0,20
E5600841,PR62,911,0706,0,20
E5600841,PS11,911,0706,0,20
E5600841,PS12,911,0706,0,20
E5600841,PS31,911,0706,0,20
E5600841,PS32,911,0706,0,20
E5600841,PS51,911,0706,0,20
E5600841,PS52,911,0706,0,20
E5600841,PS71,911,0706,0,00
E5600841,PS72,911,0706,0,00
E4900744,P001,911,0712,0,00
E4900744,P002,911,0712,0,00
E4900744,P023,911,0712,0,00
S2300429,P701,911,0700,0,00
S2300429,P701,922,0700,0,00
S2300429,P701,923,0700,0,00
S2300429,P701,936,0700,0,00
S2300429,PF01,911,0700,8,10
S2300429,PF01,922,0700,0,20
S2300429,PF01,923,0700,0,20
S2300429,PF01,936,0700,0,20
S2300429,P701,222,0600,0,00
S2300429,P701,223,0600,0,00
S2300429,P701,236,0600,0,00
S2300429,P701,248,0600,0,00
S2300429,P701,259,0600,0,00
S2300429,PF01,222,0600,4,10
S2300429,PF01,223,0600,32,10
S2300429,PF01,236,0600,6,10
S2300429,PF01,248,0600,273023,10
S2300429,PF01,259,0600,57,10
E5600850,PC01,923,0700,0,00
E5600850,PC01,924,0700,0,00
E5600850,PC01,936,0700,0,00
E5600850,PC01,926,0700,0,00
E5600850,PC01,223,0600,0,00
E5600850,PC01,224,0600,0,00
E5600850,PC01,236,0600,0,00
E5600850,PC01,226,0600,0,00
E5600850,PC01,248,0600,0,00
E5600850,PC01,259,0600,0,00
S1901066,P004,922,0700,230,10
S1901066,P004,923,0700,180,10
S1901066,P004,924,0700,0,10
S1901066,P004,936,0700,4,10
S1901066,P004,937,0700,11,10
S1901066,P004,222,0600,229,10
S1901066,P004,223,0600,181,10
S1901066,P004,224,0600,1,10
S1901066,P004,236,0600,4,10
S1901066,P004,237,0600,11,10
S1901066,P004,248,0600,119790,10
S1901066,P004,259,0600,238,10
S2201109,P711,911,0706,15,10
S2201109,P731,911,0706,18,10
S2201109,P741,911,0706,15,10
S2201109,P751,911,0706,15,10
E4900333,P001,911,0706,9,10
E4900333,P002,911,0706,0,00
E4900333,P003,911,0706,0,32
E4900333,P103,911,0706,0,32
E4900333,P021,911,0706,6,10
E4900333,P105,911,0706,9,10
E5002890,P001,922,0700,0,10
E5002890,P002,922,0700,0,10
E5002890,P003,922,0700,0,00
E5002890,P001,923,0700,127,10
E5002890,P002,923,0700,119,10
E5002890,P003,923,0700,0,00
E5002890,P001,924,0700,4,10
E5002890,P002,924,0700,6,10
E5002890,P003,924,0700,0,00
E5002890,P001,926,0700,19,10
E5002890,P002,926,0700,5,10
E5002890,P003,926,0700,0,00
E5002890,P001,936,0700,13,10
E5002890,P002,936,0700,12,10
E5002890,P003,936,0700,0,00
E5600869,P001,922,0700,129,10
E5600869,P001,923,0700,128,10
E5600869,P001,936,0700,7,10
S2202553,P001,922,0700,12,10
S2202553,P002,922,0700,9,10
S2202553,P003,922,0700,5,10
S2202553,P001,923,0700,85,10
S2202553,P002,923,0700,87,10
S2202553,P003,923,0700,91,10
S2202553,P001,924,0700,3,10
S2202553,P002,924,0700,1,10
S2202553,P003,924,0700,4,10
S2202553,P001,926,0700,21,10
S2202553,P002,926,0700,16,10
S2202553,P003,926,0700,14,10
S2202553,P001,936,0700,11,10
S2202553,P002,936,0700,11,10
S2202553,P003,936,0700,9,10
S1601990,P001,911,0712,3,10
S1601990,P004,911,0712,5,10
S1601990,P049,911,0712,2,10
S1900710,P070,923,0715,15,10
S1900710,P070,936,0715,8,10
S1900710,P070,922,0715,13,10
S1900710,P015,923,0715,0,00
S1900710,P015,936,0715,0,00
S1900710,P015,922,0715,0,00
S1900710,P050,923,0715,97,10
S1900710,P050,936,0715,5,10
S1900710,P050,922,0715,53,10
S1900710,P056,923,0715,38,10
S1900710,P056,936,0715,4,10
S1900710,P056,922,0715,24,10
S1900710,P060,923,0715,24,10
S1900710,P060,936,0715,5,10
S1900710,P060,922,0715,23,10
S1900685,P421,922,0700,17,10
S1900685,P421,923,0700,56,10
S1900685,P421,936,0700,5,10
S1900685,P411,922,0700,28,10
S1900685,P411,923,0700,64,10
S1900685,P411,936,0700,12,10
E5601197,P002,911,0712,3,10
E5601197,P003,911,0712,3,10
E5600841,P001,923,0700,26,10
E5600841,P001,936,0700,4,10
E5600841,P001,922,0700,31,10
E5600841,P002,923,0700,18,10
E5600841,P002,936,0700,4,10
E5600841,P002,922,0700,17,10
E5600841,P003,923,0700,27,10
E5600841,P003,936,0700,5,10
E5600841,P003,922,0700,28,10
E5600841,P004,923,0700,20,10
E5600841,P004,936,0700,4,10
E5600841,P004,922,0700,21,10
E5600841,P005,923,0700,16,10
E5600841,P005,936,0700,4,10
E5600841,P005,922,0700,21,10
E5600841,P006,923,0700,40,10
E5600841,P006,936,0700,6,10
E5600841,P006,922,0700,35,10
E5600841,P007,923,0700,74,10
E5600841,P007,936,0700,6,10
E5600841,P007,922,0700,56,10
E5600841,P008,923,0700,35,10
E5600841,P008,936,0700,9,10
E5600841,P008,922,0700,5,10
E5600841,P009,923,0700,11,10
E5600841,P009,936,0700,6,10
E5600841,P009,922,0700,23,10
E5600841,P010,923,0700,10,10
E5600841,P010,936,0700,6,10
E5600841,P010,922,0700,16,10
E5600841,PC23,923,0700,71,10
E5600841,PC23,936,0700,8,10
E5600841,PC23,922,0700,30,10
E5600841,PC83,923,0700,64,10
E5600841,PC83,936,0700,9,10
E5600841,PC83,922,0700,24,10
E5600841,PPB1,923,0700,8,10
E5600841,PPB1,936,0700,9,10
E5600841,PPB1,922,0700,21,10
E5600841,PPC1,923,0700,18,10
E5600841,PPC1,936,0700,3,10
E5600841,PPC1,922,0700,22,10
E5600841,PR54,923,0700,53,10
E5600841,PR54,936,0700,4,10
E5600841,PR54,922,0700,43,10
E5600841,PR61,923,0700,73,10
E5600841,PR61,936,0700,3,10
E5600841,PR61,922,0700,42,10
E5600841,PR62,923,0700,49,10
E5600841,PR62,936,0700,4,10
E5600841,PR62,922,0700,19,10
E5600841,PS11,923,0700,39,10
E5600841,PS11,936,0700,11,10
E5600841,PS11,922,0700,64,10
E5600841,PS31,923,0700,108,10
E5600841,PS31,936,0700,0,20
E5600841,PS31,922,0700,90,10
E5600841,PS51,923,0700,45,10
E5600841,PS51,936,0700,11,10
E5600841,PS51,922,0700,20,10
E5600841,PS71,923,0700,0,00
E5600841,PS71,936,0700,0,00
E5600841,PS71,922,0700,0,00
E5600332,P001,911,0712,5,10
E5600332,P002,911,0712,4,10
E5600332,P003,911,0712,4,10
E5600850,PC01,911,0712,0,00
S2300438,P001,911,0712,5,10
E5600056,P004,922,0715,0,00
E5600056,P004,923,0715,0,00
E5600056,P004,924,0715,0,00
E5600056,P004,936,0715,0,00
E5600056,P006,922,0715,20,10
E5600056,P006,923,0715,52,10
E5600056,P006,924,0715,0,10
E5600056,P006,936,0715,6,10
E5600056,P007,922,0715,0,00
E5600056,P007,923,0715,0,00
E5600056,P007,924,0715,0,00
E5600056,P007,936,0715,0,00
E5600056,P008,922,0715,44,10
E5600056,P008,923,0715,66,10
E5600056,P008,924,0715,33,10
E5600056,P008,936,0715,5,10
E5600056,P016,922,0715,0,10
E5600056,P016,923,0715,33,10
E5600056,P016,936,0715,12,10
E5600056,P017,922,0715,2,10
E5600056,P017,923,0715,23,10
E5600056,P017,924,0715,0,10
E5600056,P017,936,0715,3,10
E5600056,P018,922,0715,0,10
E5600056,P018,923,0715,16,10
E5600056,P018,924,0715,0,10
E5600056,P018,936,0715,4,10
E5600056,P021,922,0715,0,10
E5600056,P021,923,0715,44,10
E5600056,P021,924,0715,0,10
E5600056,P021,936,0715,4,10
E5600056,P024,922,0715,3,10
E5600056,P024,923,0715,30,10
E5600056,P024,924,0715,2,10
E5600056,P024,936,0715,6,10
E5600056,P034,922,0715,40,10
E5600056,P034,923,0715,113,10
E5600056,P034,936,0715,1,10
E5400878,P010,911,0700,1,10
E5600789,P001,911,0712,3,10
E5600056,P004,911,0718,0,00
E5600056,P006,911,0718,3,10
E5600056,P007,911,0718,0,00
E5600056,P008,911,0718,6,10
E5600056,P009,911,0718,2,10
E5600056,P016,911,0718,4,10
E5600056,P017,911,0718,2,10
E5600056,P018,911,0718,3,10
E5600056,P021,911,0718,3,10
E5600056,P022,911,0718,3,10
E5600056,P023,911,0718,1,10
E5600056,P024,911,0718,4,10
E5002890,P001,911,0712,5,10
E5002890,P002,911,0712,5,10
E5002890,P003,911,0712,0,00
E5600869,P001,911,0712,4,10
S1900710,P070,911,0718,6,10
S1900710,P015,911,0718,0,00
S1900710,P050,911,0718,4,10
S1900710,P056,911,0718,4,10
S1900710,P060,911,0718,4,10
S1900685,P002,911,0712,13,10
S1900685,P421,911,0712,12,10
S1900685,P411,911,0712,4,10
S2100223,P015,911,0718,0,10
S2300401,P011,911,0712,9,10
S2300429,P701,911,0712,0,00
S2300429,PF01,911,0712,8,10
S1901066,P004,911,0712,6,10
E4900333,P001,922,0700,1,10
E4900333,P002,922,0700,0,00
E4900333,P003,922,0700,0,32
E4900333,P103,922,0700,0,32
E4900333,P021,922,0700,0,10
E4900333,P105,922,0700,48,10
E4900333,P001,923,0700,79,10
E4900333,P002,923,0700,0,00
E4900333,P003,923,0700,0,32
E4900333,P103,923,0700,0,32
E4900333,P021,923,0700,35,10
E4900333,P105,923,0700,70,10
E4900333,P001,936,0700,13,10
E4900333,P002,936,0700,0,00
E4900333,P003,936,0700,0,32
E4900333,P103,936,0700,0,32
E4900333,P021,936,0700,7,10
E4900333,P105,936,0700,10,10
S2202553,P001,911,0712,1,10
S2202553,P002,911,0712,1,10
S2202553,P003,911,0712,1,10
E5600841,P001,911,0712,5,10
E5600841,P002,911,0712,5,10
E5600841,P003,911,0712,9,10
E5600841,P004,911,0712,7,10
E5600841,P005,911,0712,8,10
E5600841,P006,911,0712,0,20
E5600841,P007,911,0712,0,20
E5600841,P008,911,0712,0,20
E5600841,P009,911,0712,9,10
E5600841,P010,911,0712,7,10
E5600841,PC23,911,0712,0,20
E5600841,PC83,911,0712,0,20
E5600841,PPB1,911,0712,8,10
E5600841,PPC1,911,0712,5,10
E5600841,PR54,911,0712,3,10
E5600841,PR61,911,0712,7,10
E5600841,PR62,911,0712,4,10
E5600841,PS11,911,0712,0,20
E5600841,PS12,911,0712,6,10
E5600841,PS31,911,0712,0,20
E5600841,PS32,911,0712,0,20
E5600841,PS51,911,0712,12,10
E5600841,PS52,911,0712,8,10
E5600841,PS71,911,0712,0,00
E5600841,PS72,911,0712,0,00
E4900744,P001,911,0718,0,00
E4900744,P002,911,0718,0,00
E4900744,P023,911,0718,0,00
S2201109,P711,911,0600,15,10
S2201109,P731,911,0600,18,10
S2201109,P741,911,0600,15,10
S2201109,P751,911,0600,15,10
S2201109,P711,923,0600,21,10
S2201109,P711,936,0600,6,10
S2201109,P711,922,0600,7,10
S2201109,P731,923,0600,57,10
S2201109,P731,936,0600,6,10
S2201109,P731,922,0600,12,10
S2201109,P741,923,0600,56,10
S2201109,P741,936,0600,6,10
S2201109,P741,922,0600,21,10
S2201109,P751,923,0600,52,10
S2201109,P751,936,0600,7,10
S2201109,P751,922,0600,21,10
S2201109,P711,248,0600,6854,10
S2201109,P711,223,0600,22,10
S2201109,P711,236,0600,6,10
S2201109,P711,222,0600,8,10
S2201109,P711,259,0600,52,10
S2201109,P731,248,0600,4134,10
S2201109,P731,223,0600,58,10
S2201109,P731,236,0600,6,10
S2201109,P731,222,0600,12,10
S2201109,P731,259,0600,53,10
S2201109,P741,248,0600,5105,10
S2201109,P741,223,0600,53,10
S2201109,P741,236,0600,5,10
S2201109,P741,222,0600,23,10
S2201109,P741,259,0600,53,10
S2201109,P751,248,0600,4796,10
S2201109,P751,223,0600,53,10
S2201109,P751,236,0600,7,10
S2201109,P751,222,0600,21,10
S2201109,P751,259,0600,50,10
S2201109,P711,911,0712,15,10
S2201109,P731,911,0712,18,10
S2201109,P741,911,0712,15,10
S2201109,P751,911,0712,15,10
E4900333,P001,911,0712,9,10
E4900333,P002,911,0712,0,00
E4900333,P003,911,0712,0,32
E4900333,P103,911,0712,0,32
E4900333,P021,911,0712,6,10
E4900333,P105,911,0712,9,10
E5601197,P002,911,0718,4,10
E5601197,P003,911,0718,4,10
E5600850,PC01,911,0718,0,00
S2300438,P001,911,0718,0,20
E5400878,P010,911,0706,2,10
E5600332,P001,911,0718,5,10
E5600332,P002,911,0718,4,10
E5600332,P003,911,0718,4,10
E5600789,P001,911,0718,3,10
E5600056,P004,911,0724,0,00
E5600056,P006,911,0724,3,10
E5600056,P007,911,0724,0,00
E5600056,P008,911,0724,6,10
E5600056,P009,911,0724,2,10
E5600056,P016,911,0724,4,10
E5600056,P017,911,0724,2,10
E5600056,P018,911,0724,3,10
E5600056,P021,911,0724,3,10
E5600056,P022,911,0724,3,10
E5600056,P023,911,0724,1,10
E5600056,P024,911,0724,4,10
E5600869,P001,911,0718,4,10
S1900710,P015,911,0724,0,00
S1900710,P050,911,0724,4,10
S1900710,P056,911,0724,5,10
S1900710,P060,911,0724,5,10
S1900710,P070,911,0724,6,10
S1900685,P002,911,0718,13,10
S1900685,P421,911,0718,13,10
S1900685,P411,911,0718,4,10
S2100223,P015,911,0724,0,10
S2100223,P015,922,0715,0,10
S2100223,P015,923,0715,0,10
S2100223,P015,924,0715,0,10
S2100223,P015,936,0715,0,10
S2201109,P711,911,0718,15,10
S2201109,P731,911,0718,19,10
S2201109,P741,911,0718,15,10
S2201109,P751,911,0718,15,10
S2300401,P011,911,0718,9,10
S2300429,P701,911,0718,0,00
S2300429,PF01,911,0718,9,10
S1901066,P004,911,0718,6,10
S2202553,P001,911,0718,1,10
S2202553,P002,911,0718,1,10
S2202553,P003,911,0718,1,10
E5600841,P001,911,0718,5,10
E5600841,P002,911,0718,5,10
E5600841,P003,911,0718,9,10
E5600841,P004,911,0718,6,10
E5600841,P005,911,0718,8,10
E5600841,P006,911,0718,11,10
E5600841,P007,911,0718,14,10
E5600841,P008,911,0718,8,10
E5600841,P009,911,0718,9,10
E5600841,P010,911,0718,7,10
E5600841,PC23,911,0718,10,10
E5600841,PC83,911,0718,13,10
E5600841,PPB1,911,0718,8,10
E5600841,PPC1,911,0718,6,10
E5600841,PR54,911,0718,3,10
E5600841,PR61,911,0718,7,10
E5600841,PR62,911,0718,4,10
E5600841,PS11,911,0718,11,10
E5600841,PS12,911,0718,6,10
E5600841,PS31,911,0718,0,20
E5600841,PS32,911,0718,0,20
E5600841,PS51,911,0718,12,10
E5600841,PS52,911,0718,7,10
E5600841,PS71,911,0718,0,00
E5600841,PS72,911,0718,0,00
E4900744,P001,911,0724,0,00
E4900744,P002,911,0724,0,00
E4900744,P023,911,0724,0,00
E4900744,P001,923,0715,0,00
E4900744,P023,923,0715,0,00
E4900744,P001,936,0715,0,00
E4900744,P023,936,0715,0,00
E5400878,P001,923,0700,21,10
E5400878,P001,936,0700,15,10
E5400878,P002,923,0700,20,10
E5400878,P002,936,0700,15,10
E5400878,P003,923,0700,0,20
E5400878,P003,936,0700,0,20
E5400878,P010,923,0700,18,10
E5400878,P010,936,0700,13,10
E4900333,P001,911,0718,9,10
E4900333,P002,911,0718,0,00
E4900333,P003,911,0718,0,32
E4900333,P103,911,0718,0,32
E4900333,P021,911,0718,6,10
E4900333,P105,911,0718,9,10
S2300438,P001,922,0715,0,10
S2300438,P001,923,0715,32,10
S2300438,P001,936,0715,6,10
E5002890,P001,911,0718,5,10
E5002890,P002,911,0718,5,10
E5002890,P003,911,0718,0,00
S2300438,P001,911,0724,5,10
E5601197,P002,911,0724,6,10
E5601197,P003,911,0724,6,10
E5600850,PC01,923,0715,0,00
E5600850,PC01,924,0715,0,00
E5600850,PC01,936,0715,0,00
E5600850,PC01,926,0715,0,00
E5600332,P001,911,0724,4,10
E5600332,P002,911,0724,4,10
E5600332,P003,911,0724,4,10
E5600850,PC01,911,0724,0,00
E5600789,P001,911,0724,3,10
E5600056,P004,911,0730,0,00
E5600056,P006,911,0730,3,10
E5600056,P007,911,0730,0,00
E5600056,P008,911,0730,6,10
E5600056,P009,911,0730,2,10
E5600056,P016,911,0730,5,10
E5600056,P017,911,0730,2,10
E5600056,P018,911,0730,3,10
E5600056,P021,911,0730,3,10
E5600056,P022,911,0730,3,10
E5600056,P023,911,0730,1,10
E5600056,P024,911,0730,4,10
E5600056,P004,922,0730,0,00
E5600056,P004,923,0730,0,00
E5600056,P004,924,0730,0,00
E5600056,P004,936,0730,0,00
E5600056,P006,922,0730,23,10
E5600056,P006,923,0730,64,10
E5600056,P006,924,0730,0,10
E5600056,P006,936,0730,5,10
E5600056,P007,922,0730,0,00
E5600056,P007,923,0730,0,00
E5600056,P007,924,0730,0,00
E5600056,P007,936,0730,0,00
E5600056,P008,922,0730,46,10
E5600056,P008,923,0730,65,10
E5600056,P008,924,0730,32,10
E5600056,P008,936,0730,5,10
E5600056,P016,922,0730,0,10
E5600056,P016,923,0730,35,10
E5600056,P016,936,0730,12,10
E5600056,P017,922,0730,2,10
E5600056,P017,923,0730,22,10
E5600056,P017,924,0730,0,10
E5600056,P017,936,0730,3,10
E5600056,P018,922,0730,0,10
E5600056,P018,923,0730,15,10
E5600056,P018,936,0730,4,10
E5600056,P021,922,0730,0,10
E5600056,P021,923,0730,43,10
E5600056,P021,936,0730,4,10
E5600056,P024,922,0730,3,10
E5600056,P024,923,0730,30,10
E5600056,P024,924,0730,2,10
E5600056,P024,936,0730,6,10
E5600056,P034,923,0730,0,20
E5600056,P034,936,0730,0,20
E5600869,P001,911,0724,4,10
E5600869,P001,922,0715,136,10
E5600869,P001,923,0715,131,10
E5600869,P001,936,0715,7,10
S1901066,P004,922,0715,228,10
S1901066,P004,923,0715,180,10
S1901066,P004,924,0715,0,10
S1901066,P004,936,0715,4,10
S1901066,P004,937,0715,11,10
E5400878,P010,911,0712,2,10
S1901066,P004,911,0724,6,10
E5002890,P001,911,0724,5,10
E5002890,P002,911,0724,5,10
E5002890,P003,911,0724,0,00
E5002890,P001,922,0715,0,10
E5002890,P002,922,0715,0,10
E5002890,P003,922,0715,0,00
E5002890,P001,923,0715,110,10
E5002890,P002,923,0715,108,10
E5002890,P003,923,0715,0,00
E5002890,P001,924,0715,4,10
E5002890,P002,924,0715,3,10
E5002890,P003,924,0715,0,00
E5002890,P001,926,0715,18,10
E5002890,P002,926,0715,4,10
E5002890,P003,926,0715,0,00
E5002890,P001,936,0715,13,10
E5002890,P002,936,0715,11,10
E5002890,P003,936,0715,0,00
S1900710,P015,911,0730,0,00
S1900710,P050,911,0730,5,10
S1900710,P056,911,0730,4,10
S1900710,P060,911,0730,4,10
S1900710,P070,911,0730,6,10
S1900710,P015,923,0730,0,00
S1900710,P015,936,0730,0,00
S1900710,P015,922,0730,0,00
S1900710,P050,923,0730,107,10
S1900710,P050,936,0730,6,10
S1900710,P050,922,0730,56,10
S1900710,P056,923,0730,39,10
S1900710,P056,936,0730,4,10
S1900710,P056,922,0730,24,10
S1900710,P060,923,0730,24,10
S1900710,P060,936,0730,5,10
S1900710,P060,922,0730,24,10
S1900710,P070,923,0730,20,10
S1900710,P070,936,0730,8,10
S1900710,P070,922,0730,17,10
S1900685,P002,911,0724,13,10
S1900685,P421,911,0724,13,10
S1900685,P421,922,0715,17,10
S1900685,P421,923,0715,54,10
S1900685,P421,936,0715,5,10
S1900685,P411,911,0724,4,10
S1900685,P411,922,0715,28,10
S1900685,P411,923,0715,64,10
S1900685,P411,936,0715,12,10
S2100223,P015,911,0730,0,10
S2201109,P711,923,0715,17,10
S2201109,P711,936,0715,6,10
S2201109,P711,922,0715,8,10
S2201109,P731,923,0715,58,10
S2201109,P731,936,0715,6,10
S2201109,P731,922,0715,12,10
S2201109,P741,923,0715,51,10
S2201109,P741,936,0715,5,10
S2201109,P741,922,0715,24,10
S2201109,P751,923,0715,52,10
S2201109,P751,936,0715,6,10
S2201109,P751,922,0715,19,10
S2300401,P011,923,0715,64,10
S2300401,P011,936,0715,6,10
S2300401,P011,922,0715,35,10
S2300429,P701,922,0715,0,00
S2300429,P701,923,0715,0,00
S2300429,P701,936,0715,0,00
S2300429,PF01,922,0715,4,10
S2300429,PF01,923,0715,29,10
S2300429,PF01,936,0715,6,10
S2201109,P711,911,0724,15,10
S2201109,P731,911,0724,18,10
S2201109,P741,911,0724,15,10
S2201109,P751,911,0724,15,10
S2300401,P011,911,0724,9,10
S2300429,P701,911,0724,0,00
S2300429,PF01,911,0724,8,10
S2202553,P001,911,0724,1,10
S2202553,P002,911,0724,1,10
S2202553,P003,911,0724,1,10
S2202553,P001,922,0715,10,10
S2202553,P002,922,0715,7,10
S2202553,P003,922,0715,5,10
S2202553,P001,923,0715,87,10
S2202553,P002,923,0715,87,10
S2202553,P003,923,0715,80,10
S2202553,P001,924,0715,5,10
S2202553,P002,924,0715,1,10
S2202553,P003,924,0715,7,10
S2202553,P001,926,0715,17,10
S2202553,P002,926,0715,10,10
S2202553,P003,926,0715,15,10
S2202553,P001,936,0715,10,10
S2202553,P002,936,0715,10,10
S2202553,P003,936,0715,9,10
E5600841,P001,923,0715,15,10
E5600841,P001,936,0715,4,10
E5600841,P001,911,0724,5,10
E5600841,P001,922,0715,26,10
E5600841,P002,923,0715,17,10
E5600841,P002,936,0715,4,10
E5600841,P002,911,0724,5,10
E5600841,P002,922,0715,17,10
E5600841,P003,923,0715,15,10
E5600841,P003,936,0715,5,10
E5600841,P003,911,0724,9,10
E5600841,P003,922,0715,23,10
E5600841,P004,923,0715,20,10
E5600841,P004,936,0715,3,10
E5600841,P004,911,0724,6,10
E5600841,P004,922,0715,20,10
E5600841,P005,923,0715,16,10
E5600841,P005,936,0715,3,10
E5600841,P005,911,0724,8,10
E5600841,P005,922,0715,20,10
E5600841,P006,923,0715,53,10
E5600841,P006,936,0715,6,10
E5600841,P006,911,0724,11,10
E5600841,P006,922,0715,52,10
E5600841,P007,923,0715,66,10
E5600841,P007,936,0715,5,10
E5600841,P007,911,0724,14,10
E5600841,P007,922,0715,86,10
E5600841,P008,923,0715,34,10
E5600841,P008,936,0715,9,10
E5600841,P008,911,0724,10,10
E5600841,P008,922,0715,21,10
E5600841,P009,923,0715,11,10
E5600841,P009,936,0715,6,10
E5600841,P009,911,0724,9,10
E5600841,P009,922,0715,24,10
E5600841,P010,923,0715,10,10
E5600841,P010,936,0715,6,10
E5600841,P010,911,0724,7,10
E5600841,P010,922,0715,17,10
E5600841,PC23,923,0715,77,10
E5600841,PC23,936,0715,9,10
E5600841,PC23,911,0724,11,10
E5600841,PC23,922,0715,41,10
E5600841,PC83,923,0715,78,10
E5600841,PC83,936,0715,8,10
E5600841,PC83,911,0724,13,10
E5600841,PC83,922,0715,0,20
E5600841,PPB1,923,0715,8,10
E5600841,PPB1,936,0715,8,10
E5600841,PPB1,911,0724,8,10
E5600841,PPB1,922,0715,22,10
E5600841,PPC1,923,0715,20,10
E5600841,PPC1,936,0715,3,10
E5600841,PPC1,911,0724,6,10
E5600841,PPC1,922,0715,22,10
E5600841,PR54,923,0715,56,10
E5600841,PR54,936,0715,5,10
E5600841,PR54,911,0724,3,10
E5600841,PR54,922,0715,42,10
E5600841,PR61,923,0715,76,10
E5600841,PR61,936,0715,3,10
E5600841,PR61,911,0724,7,10
E5600841,PR61,922,0715,42,10
E5600841,PR62,923,0715,51,10
E5600841,PR62,936,0715,4,10
E5600841,PR62,911,0724,4,10
E5600841,PR62,922,0715,20,10
E5600841,PS11,923,0715,38,10
E5600841,PS11,936,0715,11,10
E5600841,PS11,911,0724,11,10
E5600841,PS11,922,0715,61,10
E5600841,PS12,911,0724,7,10
E5600841,PS31,923,0715,106,10
E5600841,PS31,936,0715,12,10
E5600841,PS31,911,0724,7,10
E5600841,PS31,922,0715,80,10
E5600841,PS32,911,0724,4,10
E5600841,PS51,923,0715,41,10
E5600841,PS51,936,0715,11,10
E5600841,PS51,911,0724,12,10
E5600841,PS51,922,0715,19,10
E5600841,PS52,911,0724,8,10
E5600841,PS71,923,0715,0,00
E5600841,PS71,936,0715,0,00
E5600841,PS71,911,0724,0,00
E5600841,PS71,922,0715,0,00
E5600841,PS72,911,0724,0,00
E4900744,P001,911,0730,0,00
E4900744,P002,911,0730,0,00
E4900744,P023,911,0730,0,00
E4900333,P001,911,0724,9,10
E4900333,P002,911,0724,0,00
E4900333,P003,911,0724,0,32
E4900333,P103,911,0724,0,32
E4900333,P021,911,0724,6,10
E4900333,P105,911,0724,9,10
E4900333,P001,922,0715,1,10
E4900333,P002,922,0715,0,00
E4900333,P003,922,0715,0,32
E4900333,P103,922,0715,0,32
E4900333,P021,922,0715,0,10
E4900333,P105,922,0715,48,10
E4900333,P001,923,0715,78,10
E4900333,P002,923,0715,0,00
E4900333,P003,923,0715,0,32
E4900333,P103,923,0715,0,32
E4900333,P021,923,0715,34,10
E4900333,P105,923,0715,69,10
E4900333,P001,936,0715,13,10
E4900333,P002,936,0715,0,00
E4900333,P003,936,0715,0,32
E4900333,P103,936,0715,0,32
E4900333,P021,936,0715,8,10
E4900333,P105,936,0715,10,10
E5601197,P002,911,0730,5,10
E5601197,P003,911,0730,5,10
E5600332,P001,911,0730,4,10
E5600332,P002,911,0730,4,10
E5600332,P003,911,0730,4,10
E5600850,PC01,911,0730,0,00
S2300438,P001,911,0730,5,10
E5600789,P001,911,0730,3,10
E5600869,P001,911,0730,4,10
S2202553,P001,911,0730,1,10
S2202553,P002,911,0730,1,10
S2202553,P003,911,0730,1,10
E5400878,P010,911,0718,1,10
S1901066,P004,911,0730,5,10
E5600056,P004,911,0736,0,00
E5600056,P006,911,0736,3,10
E5600056,P007,911,0736,0,00
E5600056,P008,911,0736,6,10
E5600056,P009,911,0736,2,10
E5600056,P016,911,0736,4,10
E5600056,P017,911,0736,2,10
E5600056,P018,911,0736,3,10
E5600056,P021,911,0736,3,10
E5600056,P022,911,0736,3,10
E5600056,P023,911,0736,1,10
E5600056,P024,911,0736,4,10
E5002890,P001,911,0730,5,10
E5002890,P002,911,0730,5,10
E5002890,P003,911,0730,0,00
S1900685,P002,911,0730,13,10
S1900685,P421,911,0730,13,10
S1900685,P411,911,0730,4,10
S2100223,P015,911,0736,0,10
E5600841,P001,911,0730,5,10
E5600841,P002,911,0730,5,10
E5600841,P003,911,0730,9,10
E5600841,P004,911,0730,6,10
E5600841,P005,911,0730,8,10
E5600841,P006,911,0730,11,10
E5600841,P007,911,0730,14,10
E5600841,P008,911,0730,10,10
E5600841,P009,911,0730,9,10
E5600841,P010,911,0730,7,10
E5600841,PC23,911,0730,11,10
E5600841,PC83,911,0730,13,10
E5600841,PPB1,911,0730,8,10
E5600841,PPC1,911,0730,6,10
E5600841,PR54,911,0730,3,10
E5600841,PR61,911,0730,7,10
E5600841,PR62,911,0730,4,10
E5600841,PS11,911,0730,11,10
E5600841,PS12,911,0730,8,10
E5600841,PS31,911,0730,7,10
E5600841,PS32,911,0730,4,10
E5600841,PS51,911,0730,12,10
E5600841,PS52,911,0730,8,10
E5600841,PS71,911,0730,0,00
E5600841,PS72,911,0730,0,00
E4900744,P001,911,0736,0,00
E4900744,P002,911,0736,0,00
E4900744,P023,911,0736,0,00
E4900333,P001,911,0730,9,10
E4900333,P002,911,0730,0,00
E4900333,P003,911,0730,0,32
E4900333,P103,911,0730,0,32
E4900333,P021,911,0730,6,10
E4900333,P105,911,0730,9,10
S2100223,P015,922,0730,0,10
S2100223,P015,923,0730,0,10
S2100223,P015,924,0730,0,10
S2100223,P015,936,0730,0,10
S2300438,P001,911,0736,5,10
E5601197,P002,911,0736,4,10
E5601197,P003,911,0736,4,10
E5600332,P001,911,0736,4,10
E5600332,P002,911,0736,4,10
E5600332,P003,911,0736,4,10
E5600850,PC01,911,0736,0,00
E5600789,P001,911,0736,0,00
E5002890,P001,911,0736,5,10
E5002890,P002,911,0736,5,10
E5002890,P003,911,0736,0,00
E5600869,P001,911,0736,4,10
S1900685,P002,911,0736,13,10
S1900685,P421,911,0736,12,10
S1900685,P411,911,0736,4,10
S2202553,P001,911,0736,1,10
S2202553,P002,911,0736,1,10
S2202553,P003,911,0736,1,10
E4900744,P001,923,0730,0,00
E4900744,P023,923,0730,0,00
E4900744,P001,936,0730,0,00
E4900744,P023,936,0730,0,00
S2100223,P015,911,0742,0,10
E5400878,P001,923,0715,21,10
E5400878,P001,936,0715,15,10
E5400878,P002,923,0715,19,10
E5400878,P002,936,0715,15,10
E5400878,P003,923,0715,17,10
E5400878,P003,936,0715,15,10
E5400878,P010,923,0715,18,10
E5400878,P010,936,0715,13,10
E5400878,P010,911,0724,1,10
S2300438,P001,922,0730,0,10
S2300438,P001,923,0730,31,10
S2300438,P001,936,0730,6,10
S1901066,P004,911,0736,6,10
E5600056,P004,911,0742,0,00
E5600056,P006,911,0742,3,10
E5600056,P007,911,0742,0,00
E5600056,P008,911,0742,0,20
E5600056,P009,911,0742,2,10
E5600056,P016,911,0742,4,10
E5600056,P017,911,0742,0,20
E5600056,P018,911,0742,3,10
E5600056,P021,911,0742,0,20
E5600056,P022,911,0742,3,10
E5600056,P023,911,0742,1,10
E5600056,P024,911,0742,0,20
E5600850,PC01,923,0730,0,00
E5600850,PC01,924,0730,0,00
E5600850,PC01,936,0730,0,00
E5600850,PC01,926,0730,0,00
S2201109,P711,911,0736,15,10
S2201109,P731,911,0736,18,10
S2201109,P741,911,0736,15,10
S2201109,P751,911,0736,15,10
S2300401,P011,911,0736,9,10
S2300429,P701,911,0736,0,00
S2300429,PF01,911,0736,8,10
E5600841,P001,911,0736,5,10
E5600841,P002,911,0736,5,10
E5600841,P003,911,0736,9,10
E5600841,P004,911,0736,6,10
E5600841,P005,911,0736,8,10
E5600841,P006,911,0736,11,10
E5600841,P007,911,0736,13,10
E5600841,P008,911,0736,12,10
E5600841,P009,911,0736,9,10
E5600841,P010,911,0736,7,10
E5600841,PC23,911,0736,10,10
E5600841,PC83,911,0736,13,10
E5600841,PPB1,911,0736,8,10
E5600841,PPC1,911,0736,5,10
E5600841,PR54,911,0736,3,10
E5600841,PR61,911,0736,7,10
E5600841,PR62,911,0736,4,10
E5600841,PS11,911,0736,11,10
E5600841,PS12,911,0736,7,10
E5600841,PS31,911,0736,7,10
E5600841,PS32,911,0736,4,10
E5600841,PS51,911,0736,12,10
E5600841,PS52,911,0736,8,10
E5600841,PS71,911,0736,0,00
E5600841,PS72,911,0736,0,00
S1901066,P004,922,0730,229,10
S1901066,P004,923,0730,180,10
S1901066,P004,924,0730,0,10
S1901066,P004,936,0730,4,10
S1901066,P004,937,0730,11,10
E5002890,P001,922,0730,0,10
E5002890,P002,922,0730,0,10
E5002890,P003,922,0730,0,00
E5002890,P001,923,0730,105,10
E5002890,P002,923,0730,88,10
E5002890,P003,923,0730,0,00
E5002890,P001,924,0730,5,10
E5002890,P002,924,0730,3,10
E5002890,P003,924,0730,0,00
E5002890,P001,926,0730,14,10
E5002890,P002,926,0730,4,10
E5002890,P003,926,0730,0,00
E5002890,P001,936,0730,13,10
E5002890,P002,936,0730,12,10
E5002890,P003,936,0730,0,00
E5600869,P001,922,0730,141,10
E5600869,P001,923,0730,130,10
E5600869,P001,936,0730,7,10
E4900744,P001,911,0742,0,00
E4900744,P002,911,0742,0,00
E4900744,P023,911,0742,0,00
S2300401,P011,911,0730,9,10
S2300401,P011,923,0730,57,10
S2300401,P011,936,0730,6,10
S2300401,P011,922,0730,34,10
S2300429,P701,911,0730,0,00
S2300429,P701,922,0730,0,00
S2300429,P701,923,0730,0,00
S2300429,P701,936,0730,0,00
S2300429,PF01,911,0730,8,10
S2300429,PF01,922,0730,4,10
S2300429,PF01,923,0730,28,10
S2300429,PF01,936,0730,6,10
E4900333,P001,911,0736,9,10
E4900333,P002,911,0736,0,00
E4900333,P003,911,0736,0,32
E4900333,P103,911,0736,0,32
E4900333,P021,911,0736,6,10
E4900333,P105,911,0736,9,10
S2202553,P001,922,0730,8,10
S2202553,P002,922,0730,23,10
S2202553,P003,922,0730,6,10
S2202553,P001,923,0730,88,10
S2202553,P002,923,0730,82,10
S2202553,P003,923,0730,81,10
S2202553,P001,924,0730,3,10
S2202553,P002,924,0730,1,10
S2202553,P003,924,0730,11,10
S2202553,P001,926,0730,14,10
S2202553,P002,926,0730,28,10
S2202553,P003,926,0730,14,10
S2202553,P001,936,0730,10,10
S2202553,P002,936,0730,10,10
S2202553,P003,936,0730,8,10
S1601990,P001,911,0742,5,10
S1601990,P004,911,0742,4,10
S1601990,P049,911,0742,2,10
S2300438,P001,911,0742,5,10
S1900685,P421,922,0730,15,10
S1900685,P421,923,0730,58,10
S1900685,P421,936,0730,6,10
S1900685,P411,922,0730,28,10
S1900685,P411,923,0730,63,10
S1900685,P411,936,0730,12,10
E5601197,P002,911,0742,4,10
E5601197,P003,911,0742,3,10
E5600841,P001,923,0730,15,10
E5600841,P001,936,0730,5,10
E5600841,P001,922,0730,26,10
E5600841,P002,923,0730,18,10
E5600841,P002,936,0730,5,10
E5600841,P002,922,0730,18,10
E5600841,P003,923,0730,12,10
E5600841,P003,936,0730,5,10
E5600841,P003,922,0730,23,10
E5600841,P004,923,0730,20,10
E5600841,P004,936,0730,4,10
E5600841,P004,922,0730,20,10
E5600841,P005,923,0730,15,10
E5600841,P005,936,0730,4,10
E5600841,P005,922,0730,20,10
E5600841,P006,923,0730,40,10
E5600841,P006,936,0730,5,10
E5600841,P006,922,0730,54,10
E5600841,P007,923,0730,51,10
E5600841,P007,936,0730,5,10
E5600841,P007,922,0730,75,10
E5600841,P008,923,0730,42,10
E5600841,P008,936,0730,10,10
E5600841,P008,922,0730,14,10
E5600841,P009,923,0730,13,10
E5600841,P009,936,0730,5,10
E5600841,P009,922,0730,26,10
E5600841,P010,923,0730,14,10
E5600841,P010,936,0730,5,10
E5600841,P010,922,0730,19,10
E5600841,PC23,923,0730,79,10
E5600841,PC23,936,0730,10,10
E5600841,PC23,922,0730,40,10
E5600841,PC83,923,0730,73,10
E5600841,PC83,936,0730,9,10
E5600841,PC83,922,0730,0,30
E5600841,PPB1,923,0730,11,10
E5600841,PPB1,936,0730,8,10
E5600841,PPB1,922,0730,25,10
E5600841,PPC1,923,0730,20,10
E5600841,PPC1,936,0730,3,10
E5600841,PPC1,922,0730,23,10
E5600841,PR54,923,0730,59,10
E5600841,PR54,936,0730,5,10
E5600841,PR54,922,0730,42,10
E5600841,PR61,923,0730,75,10
E5600841,PR61,936,0730,4,10
E5600841,PR61,922,0730,43,10
E5600841,PR62,923,0730,53,10
E5600841,PR62,936,0730,4,10
E5600841,PR62,922,0730,20,10
E5600841,PS11,923,0730,38,10
E5600841,PS11,936,0730,11,10
E5600841,PS11,922,0730,61,10
E5600841,PS31,923,0730,111,10
E5600841,PS31,936,0730,12,10
E5600841,PS31,922,0730,88,10
E5600841,PS51,923,0730,39,10
E5600841,PS51,936,0730,11,10
E5600841,PS51,922,0730,19,10
E5600841,PS71,923,0730,0,00
E5600841,PS71,936,0730,0,00
E5600841,PS71,922,0730,0,00
S2300401,P011,911,0742,9,10
E5600332,P001,911,0742,4,10
E5600332,P002,911,0742,4,10
E5600332,P003,911,0742,4,10
E5600850,PC01,911,0742,0,00
E4900333,P001,922,0730,1,10
E4900333,P002,922,0730,0,00
E4900333,P003,922,0730,0,32
E4900333,P103,922,0730,0,32
E4900333,P021,922,0730,0,10
E4900333,P105,922,0730,47,10
E4900333,P001,923,0730,76,10
E4900333,P002,923,0730,0,00
E4900333,P003,923,0730,0,32
E4900333,P103,923,0730,0,32
E4900333,P021,923,0730,34,10
E4900333,P105,923,0730,69,10
E4900333,P001,936,0730,13,10
E4900333,P002,936,0730,0,00
E4900333,P003,936,0730,0,32
E4900333,P103,936,0730,0,32
E4900333,P021,936,0730,8,10
E4900333,P105,936,0730,10,10
E5600789,P001,911,0742,0,00
E5002890,P001,911,0742,5,10
E5002890,P002,911,0742,5,10
E5002890,P003,911,0742,0,00
E5600869,P001,911,0742,4,10
S2202553,P001,911,0742,1,10
S2202553,P002,911,0742,1,10
S2202553,P003,911,0742,1,10
S2100223,P015,911,0748,0,10
E5400878,P010,911,0730,2,10
S1900710,P050,911,0736,5,10
S1900710,P056,911,0736,4,10
S1900710,P060,911,0736,2,10
S1900710,P015,911,0736,0,00
S1900710,P070,911,0736,6,10
S1900710,P056,911,0742,4,10
S1900710,P015,911,0742,0,00
S1900710,P050,911,0742,4,10
S1900710,P060,911,0742,5,10
S1900710,P070,911,0742,6,10
S1901066,P004,911,0742,5,10
E5600056,P004,922,0745,0,00
E5600056,P004,923,0745,0,00
E5600056,P004,924,0745,0,00
E5600056,P004,936,0745,0,00
E5600056,P006,922,0745,0,20
E5600056,P006,923,0745,0,20
E5600056,P006,924,0745,0,20
E5600056,P006,936,0745,0,20
E5600056,P007,922,0745,0,00
E5600056,P007,923,0745,0,00
E5600056,P007,924,0745,0,00
E5600056,P007,936,0745,0,00
E5600056,P008,922,0745,0,20
E5600056,P008,923,0745,0,20
E5600056,P008,924,0745,0,20
E5600056,P008,936,0745,0,20
E5600056,P016,922,0745,0,20
E5600056,P016,923,0745,0,20
E5600056,P016,936,0745,0,20
E5600056,P017,922,0745,0,20
E5600056,P017,923,0745,0,20
E5600056,P017,924,0745,0,20
E5600056,P017,936,0745,0,20
E5600056,P018,922,0745,0,20
E5600056,P018,923,0745,0,20
E5600056,P018,924,0745,0,20
E5600056,P018,936,0745,0,20
E5600056,P021,922,0745,0,20
E5600056,P021,923,0745,0,20
E5600056,P021,924,0745,0,20
E5600056,P021,936,0745,0,20
E5600056,P024,922,0745,0,20
E5600056,P024,923,0745,0,20
E5600056,P024,924,0745,0,20
E5600056,P024,936,0745,0,20
E5600056,P034,922,0745,5,10
E5600056,P034,923,0745,47,10
E5600056,P034,936,0745,1,10
S1900710,P056,923,0745,40,10
S1900710,P056,936,0745,4,10
S1900710,P056,922,0745,23,10
S1900710,P015,923,0745,0,00
S1900710,P015,936,0745,0,00
S1900710,P015,922,0745,0,00
S1900710,P050,923,0745,113,10
S1900710,P050,936,0745,6,10
S1900710,P050,922,0745,62,10
S1900710,P060,923,0745,24,10
S1900710,P060,936,0745,5,10
S1900710,P060,922,0745,25,10
S1900710,P070,923,0745,24,10
S1900710,P070,936,0745,8,10
S1900710,P070,922,0745,17,10
E5600056,P004,911,0748,0,00
E5600056,P006,911,0748,0,20
E5600056,P007,911,0748,0,00
E5600056,P008,911,0748,0,00
E5600056,P009,911,0748,2,10
E5600056,P016,911,0748,4,10
E5600056,P017,911,0748,0,20
E5600056,P018,911,0748,0,20
E5600056,P021,911,0748,0,20
E5600056,P022,911,0748,2,10
E5600056,P023,911,0748,1,10
E5600056,P024,911,0748,0,00
S1900710,P015,911,0748,0,00
S1900710,P050,911,0748,5,10
S1900710,P056,911,0748,4,10
S1900710,P060,911,0748,5,10
S1900710,P070,911,0748,6,10
S1900685,P002,911,0742,13,10
S1900685,P421,911,0742,14,10
S1900685,P411,911,0742,4,10
S2201109,P711,911,0730,15,10
S2201109,P731,911,0730,18,10
S2201109,P741,911,0730,15,10
S2201109,P751,911,0730,15,10
S2201109,P711,923,0730,18,10
S2201109,P711,936,0730,6,10
S2201109,P711,922,0730,7,10
S2201109,P731,923,0730,57,10
S2201109,P731,936,0730,6,10
S2201109,P731,922,0730,12,10
S2201109,P741,923,0730,51,10
S2201109,P741,936,0730,5,10
S2201109,P741,922,0730,25,10
S2201109,P751,923,0730,53,10
S2201109,P751,936,0730,6,10
S2201109,P751,922,0730,19,10
S2201109,P711,911,0742,15,10
S2201109,P731,911,0742,18,10
S2201109,P741,911,0742,15,10
S2201109,P751,911,0742,15,10
S2300429,P701,911,0742,0,00
S2300429,PF01,911,0742,8,10
E5600841,P001,911,0742,5,10
E5600841,P002,911,0742,5,10
E5600841,P003,911,0742,9,10
E5600841,P004,911,0742,6,10
E5600841,P005,911,0742,8,10
E5600841,P006,911,0742,11,10
E5600841,P007,911,0742,13,10
E5600841,P008,911,0742,12,10
E5600841,P009,911,0742,9,10
E5600841,P010,911,0742,7,10
E5600841,PC23,911,0742,10,10
E5600841,PC83,911,0742,13,10
E5600841,PPB1,911,0742,8,10
E5600841,PPC1,911,0742,5,10
E5600841,PR54,911,0742,3,10
E5600841,PR61,911,0742,7,10
E5600841,PR62,911,0742,4,10
E5600841,PS11,911,0742,11,10
E5600841,PS12,911,0742,6,10
E5600841,PS31,911,0742,7,10
E5600841,PS32,911,0742,4,10
E5600841,PS51,911,0742,12,10
E5600841,PS52,911,0742,8,10
E5600841,PS71,911,0742,0,00
E5600841,PS72,911,0742,0,00
E4900744,P001,911,0748,0,00
E4900744,P002,911,0748,0,00
E4900744,P023,911,0748,0,00
E4900333,P001,911,0742,9,10
E4900333,P002,911,0742,0,00
E4900333,P003,911,0742,0,32
E4900333,P103,911,0742,0,32
E4900333,P021,911,0742,6,10
E4900333,P105,911,0742,9,10
S2300438,P001,911,0748,5,10
E5601197,P002,911,0748,4,10
E5601197,P003,911,0748,3,10
S2300401,P011,911,0748,9,10
S2300429,P701,911,0748,0,00
S2300429,PF01,911,0748,8,10
E5600332,P001,911,0748,0,20
E5600332,P002,911,0748,0,20
E5600332,P003,911,0748,0,20
E5600850,PC01,911,0748,0,00
E5600789,P001,911,0748,0,00
E5002890,P001,911,0748,5,10
E5002890,P002,911,0748,5,10
E5002890,P003,911,0748,0,00
E5600869,P001,911,0748,4,10
S2202553,P001,911,0748,1,10
S2202553,P002,911,0748,1,10
S2202553,P003,911,0748,1,10
S2100223,P015,911,0754,0,10
S2100223,P015,922,0745,0,10
S2100223,P015,923,0745,0,10
S2100223,P015,924,0745,0,10
S2100223,P015,936,0745,0,10
S2100223,P015,222,0700,0,
S2100223,P015,223,0700,0,
S2100223,P015,224,0700,0,
S2100223,P015,236,0700,0,
S2100223,P015,248,0700,0,
S2100223,P015,259,0700,0,
E5400878,P010,911,0736,1,10
S1901066,P004,911,0748,6,10
E5600056,P004,911,0754,0,00
E5600056,P006,911,0754,0,20
E5600056,P007,911,0754,3,10
E5600056,P008,911,0754,6,10
E5600056,P009,911,0754,2,10
E5600056,P016,911,0754,4,10
E5600056,P017,911,0754,0,20
E5600056,P018,911,0754,0,20
E5600056,P021,911,0754,0,00
E5600056,P022,911,0754,8,10
E5600056,P023,911,0754,1,10
E5600056,P024,911,0754,3,10
S1900710,P015,911,0754,0,00
S1900710,P050,911,0754,7,10
S1900710,P056,911,0754,5,10
S1900710,P060,911,0754,5,10
S1900710,P070,911,0754,6,10
S1900685,P002,911,0748,13,10
S1900685,P421,911,0748,11,10
S1900685,P411,911,0748,4,10
S2201109,P711,911,0748,15,10
S2201109,P731,911,0748,18,10
S2201109,P741,911,0748,15,10
S2201109,P751,911,0748,15,10
E5600841,P001,911,0748,5,10
E5600841,P002,911,0748,5,10
E5600841,P003,911,0748,9,10
E5600841,P004,911,0748,6,10
E5600841,P005,911,0748,8,10
E5600841,P006,911,0748,11,10
E5600841,P007,911,0748,13,10
E5600841,P008,911,0748,12,10
E5600841,P009,911,0748,9,10
E5600841,P010,911,0748,7,10
E5600841,PC23,911,0748,9,10
E5600841,PC83,911,0748,14,10
E5600841,PPB1,911,0748,8,10
E5600841,PPC1,911,0748,5,10
E5600841,PR54,911,0748,3,10
E5600841,PR61,911,0748,7,10
E5600841,PR62,911,0748,4,10
E5600841,PS11,911,0748,11,10
E5600841,PS12,911,0748,7,10
E5600841,PS31,911,0748,7,10
E5600841,PS32,911,0748,4,10
E5600841,PS51,911,0748,12,10
E5600841,PS52,911,0748,8,10
E5600841,PS71,911,0748,0,00
E5600841,PS72,911,0748,0,00
E4900744,P001,911,0754,0,00
E4900744,P002,911,0754,0,00
E4900744,P023,911,0754,0,00
E4900744,P001,923,0745,0,00
E4900744,P023,923,0745,0,00
E4900744,P001,936,0745,0,00
E4900744,P023,936,0745,0,00
E4900744,P001,223,0700,0,00
E4900744,P023,223,0700,0,00
E4900744,P001,236,0700,0,00
E4900744,P023,236,0700,0,00
E4900744,P001,248,0700,0,00
E4900744,P023,248,0700,0,00
E4900744,P001,259,0700,0,00
E4900744,P023,259,0700,0,00
E5400878,P001,923,0730,21,10
E5400878,P001,936,0730,15,10
E5400878,P002,923,0730,19,10
E5400878,P002,936,0730,14,10
E5400878,P003,923,0730,17,10
E5400878,P003,936,0730,15,10
E5400878,P010,923,0730,0,20
E5400878,P010,936,0730,0,20
E4900333,P001,911,0748,9,10
E4900333,P002,911,0748,0,00
E4900333,P003,911,0748,0,32
E4900333,P103,911,0748,0,32
E4900333,P021,911,0748,6,10
E4900333,P105,911,0748,10,10
E5601197,P002,911,0754,4,10
E5601197,P003,911,0754,3,10
S2300401,P011,911,0700,9,10
S2300401,P011,923,0700,63,10
S2300401,P011,936,0700,6,10
S2300401,P011,922,0700,36,10
S2300401,P011,248,0700,192096,10
S2300401,P011,223,0700,60,10
S2300401,P011,236,0700,6,10
S2300401,P011,222,0700,35,10
S2300401,P011,259,0700,52,10
S2300401,P011,923,0745,57,10
S2300401,P011,936,0745,6,10
S2300401,P011,922,0745,34,10
S2300429,P701,922,0745,0,00
S2300429,P701,923,0745,0,00
S2300429,P701,936,0745,0,00
S2300429,PF01,922,0745,5,10
S2300429,PF01,923,0745,27,10
S2300429,PF01,936,0745,6,10
E5600850,PC01,923,0745,0,00
E5600850,PC01,924,0745,0,00
E5600850,PC01,936,0745,0,00
E5600850,PC01,926,0745,0,00
S2300438,P001,922,0745,0,10
S2300438,P001,923,0745,28,10
S2300438,P001,936,0745,6,10
E5400878,P010,911,0742,1,10
S2300401,P011,911,0754,9,10
S2300429,P701,911,0754,0,00
S2300429,PF01,911,0754,9,10
E5600332,P001,911,0754,5,10
E5600332,P002,911,0754,4,10
E5600332,P003,911,0754,4,10
S2300438,P001,911,0754,5,10
E5600789,P001,911,0754,0,00
E5002890,P001,911,0754,5,10
E5002890,P002,911,0754,5,10
E5002890,P003,911,0754,0,00
E5002890,P001,922,0745,0,10
E5002890,P002,922,0745,0,10
E5002890,P003,922,0745,0,00
E5002890,P001,923,0745,124,10
E5002890,P002,923,0745,93,10
E5002890,P003,923,0745,0,00
E5002890,P001,924,0745,5,10
E5002890,P002,924,0745,4,10
E5002890,P003,924,0745,0,00
E5002890,P001,926,0745,16,10
E5002890,P002,926,0745,7,10
E5002890,P003,926,0745,0,00
E5002890,P001,936,0745,12,10
E5002890,P002,936,0745,12,10
E5002890,P003,936,0745,0,00
E5002890,P001,222,0700,0,10
E5002890,P002,222,0700,0,10
E5002890,P003,222,0700,0,00
E5002890,P001,223,0700,117,10
E5002890,P002,223,0700,102,10
E5002890,P003,223,0700,0,00
E5002890,P001,224,0700,5,10
E5002890,P002,224,0700,4,10
E5002890,P003,224,0700,0,00
E5002890,P001,226,0700,17,10
E5002890,P002,226,0700,5,10
E5002890,P003,226,0700,0,00
E5002890,P001,236,0700,13,10
E5002890,P002,236,0700,12,10
E5002890,P003,236,0700,0,00
E5002890,P001,248,0700,51681,10
E5002890,P002,248,0700,63838,10
E5002890,P003,248,0700,0,00
E5002890,P001,259,0700,164,10
E5002890,P002,259,0700,157,10
E5002890,P003,259,0700,0,00
E5600869,P001,911,0754,4,10
E5600869,P001,922,0745,138,10
E5600869,P001,923,0745,131,10
E5600869,P001,936,0745,7,10
E5600869,P001,222,0700,136,10
E5600869,P001,223,0700,130,10
E5600869,P001,236,0700,7,10
E5600869,P001,248,0700,54671,10
E5600869,P001,259,0700,105,10
S2100223,P015,911,0800,0,10
S1901066,P004,922,0745,0,20
S1901066,P004,923,0745,0,20
S1901066,P004,924,0745,0,20
S1901066,P004,936,0745,0,20
S1901066,P004,937,0745,0,32
E5600850,PC01,911,0754,0,00
S1901066,P004,911,0754,6,10
E5600056,P004,911,0800,4,10
E5600056,P006,911,0800,3,10
E5600056,P007,911,0800,3,10
E5600056,P008,911,0800,6,10
E5600056,P009,911,0800,2,10
E5600056,P016,911,0800,4,10
E5600056,P017,911,0800,2,10
E5600056,P018,911,0800,3,10
E5600056,P021,911,0800,3,10
E5600056,P022,911,0800,3,10
E5600056,P023,911,0800,1,10
E5600056,P024,911,0800,3,10
E5600056,P004,922,0800,0,20
E5600056,P004,923,0800,0,20
E5600056,P004,924,0800,0,20
E5600056,P004,936,0800,0,20
E5600056,P006,922,0800,0,20
E5600056,P006,923,0800,0,20
E5600056,P006,924,0800,0,20
E5600056,P006,936,0800,0,20
E5600056,P007,922,0800,0,20
E5600056,P007,923,0800,0,20
E5600056,P007,924,0800,0,20
E5600056,P007,936,0800,0,20
E5600056,P008,922,0800,0,20
E5600056,P008,923,0800,0,20
E5600056,P008,924,0800,0,20
E5600056,P008,936,0800,0,20
E5600056,P016,922,0800,0,20
E5600056,P016,923,0800,0,20
E5600056,P016,936,0800,0,20
E5600056,P017,922,0800,0,20
E5600056,P017,923,0800,0,20
E5600056,P017,924,0800,0,20
E5600056,P017,936,0800,0,20
E5600056,P018,922,0800,0,20
E5600056,P018,923,0800,0,20
E5600056,P018,936,0800,0,20
E5600056,P021,922,0800,0,20
E5600056,P021,923,0800,0,20
E5600056,P021,936,0800,0,20
E5600056,P024,922,0800,0,20
E5600056,P024,923,0800,0,20
E5600056,P024,924,0800,0,20
E5600056,P024,936,0800,0,20
E5600056,P034,923,0800,50,10
E5600056,P034,936,0800,1,10
E5600056,P004,222,0800,0,00
E5600056,P004,223,0800,0,00
E5600056,P004,224,0800,0,00
E5600056,P004,236,0800,0,00
E5600056,P004,248,0800,0,00
E5600056,P004,259,0800,0,00
E5600056,P006,222,0800,46,10
E5600056,P006,223,0800,81,10
E5600056,P006,224,0800,26,10
E5600056,P006,236,0800,4,10
E2000554,P003,911,0800,12,10
E2000554,P003,923,0800,37,10
E2000554,P003,922,0800,13,10
E2000554,P003,936,0800,5,10
E2000554,P003,248,0700,301734,10
E2000554,P003,259,0700,54,10
E2000554,P003,223,0700,38,10
E2000554,P003,222,0700,12,10
E2000554,P003,236,0700,5,10
S1900710,P015,911,0800,0,00
S1900710,P050,911,0800,6,10
S1900710,P056,911,0800,4,10
S1900710,P060,911,0800,5,10
S1900710,P070,911,0800,6,10
S1900710,P015,923,0800,0,00
S1900710,P015,936,0800,0,00
S1900710,P015,922,0800,0,00
S1900710,P050,923,0800,109,10
S1900710,P050,936,0800,5,10
S1900710,P050,922,0800,66,10
S1900710,P056,923,0800,41,10
S1900710,P056,936,0800,4,10
S1900710,P056,922,0800,24,10
S1900710,P060,923,0800,24,10
S1900710,P060,936,0800,4,10
S1900710,P060,922,0800,26,10
S1900710,P070,923,0800,21,10
S1900710,P070,936,0800,8,10
S1900710,P070,922,0800,17,10
S1900710,P015,248,0800,0,00
S1900710,P015,223,0800,0,00
S1900710,P015,236,0800,0,00
S1900710,P015,222,0800,0,00
S1900710,P015,259,0800,0,00
S1900710,P050,248,0800,74520,10
S1900710,P050,223,0800,107,10
S1900710,P050,236,0800,5,10
S1900710,P050,222,0800,59,10
S1900710,P050,259,0800,139,10
S1900710,P056,248,0800,175464,10
S1900710,P056,223,0800,39,10
S1900710,P056,236,0800,4,10
S1900710,P056,222,0800,24,10
S1900710,P056,259,0800,126,10
S1900710,P060,248,0800,171504,10
S1900710,P060,223,0800,24,10
S1900710,P060,236,0800,5,10
S1900710,P060,222,0800,24,10
S1900710,P060,259,0800,122,10
S1900710,P070,248,0800,174636,10
S1900710,P070,223,0800,20,10
S1900710,P070,236,0800,8,10
S1900710,P070,222,0800,16,10
S1900710,P070,259,0800,85,10
S1900685,P002,911,0754,14,10
S1900685,P421,911,0754,12,10
S1900685,P421,922,0745,16,10
S1900685,P421,923,0745,61,10
S1900685,P421,936,0745,6,10
S1900685,P421,222,0700,16,10
S1900685,P421,223,0700,57,10
S1900685,P421,236,0700,5,10
S1900685,P421,248,0700,309170,10
S1900685,P421,259,0700,52,10
S1900685,P411,911,0754,4,10
S1900685,P411,222,0700,28,10
S1900685,P411,922,0745,27,10
S1900685,P411,223,0700,64,10
S1900685,P411,923,0745,65,10
S1900685,P411,236,0700,12,10
S1900685,P411,936,0745,12,10
S1900685,P411,248,0700,20237,10
S1900685,P411,259,0700,130,10
S2202553,P001,911,0754,1,10
S2202553,P002,911,0754,1,10
S2202553,P003,911,0754,1,10
S2202553,P001,922,0745,11,10
S2202553,P002,922,0745,5,10
S2202553,P003,922,0745,9,10
S2202553,P001,923,0745,83,10
S2202553,P002,923,0745,99,10
S2202553,P003,923,0745,85,10
S2202553,P001,924,0745,3,10
S2202553,P002,924,0745,1,10
S2202553,P003,924,0745,5,10
S2202553,P001,926,0745,19,10
S2202553,P002,926,0745,14,10
S2202553,P003,926,0745,19,10
S2202553,P001,936,0745,10,10
S2202553,P002,936,0745,11,10
S2202553,P003,936,0745,9,10
S2202553,P001,222,0700,10,10
S2202553,P002,222,0700,11,10
S2202553,P003,222,0700,6,10
S2202553,P001,223,0700,86,10
S2202553,P002,223,0700,89,10
S2202553,P003,223,0700,84,10
S2202553,P001,224,0700,3,10
S2202553,P002,224,0700,1,10
S2202553,P003,224,0700,6,10
S2202553,P001,226,0700,18,10
S2202553,P002,226,0700,17,10
S2202553,P003,226,0700,16,10
S2202553,P001,236,0700,10,10
S2202553,P002,236,0700,11,10
S2202553,P003,236,0700,9,10
S2202553,P001,248,0700,106861,10
S2202553,P002,248,0700,110119,10
S2202553,P003,248,0700,111233,10
S2202553,P001,259,0700,141,10
S2202553,P002,259,0700,135,10
S2202553,P003,259,0700,148,10
S2001314,P004,911,0800,0,00
S2001314,P004,923,0800,0,00
S2001314,P004,922,0800,0,00
S2001314,P004,936,0800,0,00
S2001314,P004,248,0700,0,00
S2001314,P004,259,0700,0,00
S2001314,P004,223,0700,0,00
S2001314,P004,222,0700,0,00
S2001314,P004,236,0700,0,00
S2201109,P711,923,0745,20,10
S2201109,P711,936,0745,6,10
S2201109,P711,922,0745,7,10
S2201109,P731,923,0745,55,10
S2201109,P731,936,0745,6,10
S2201109,P731,922,0745,12,10
S2201109,P741,923,0745,53,10
S2201109,P741,936,0745,5,10
S2201109,P741,922,0745,24,10
S2201109,P751,923,0745,53,10
S2201109,P751,936,0745,6,10
S2201109,P751,922,0745,18,10
S2201109,P711,911,0754,15,10
S2201109,P731,911,0754,18,10
S2201109,P741,911,0754,15,10
S2201109,P751,911,0754,15,10
E4900744,P001,911,0800,0,00
E4900744,P002,911,0800,0,00
E4900744,P023,911,0800,0,00
E4900333,P001,911,0754,9,10
E4900333,P002,911,0754,0,00
E4900333,P003,911,0754,0,32
E4900333,P103,911,0754,0,32
E4900333,P021,911,0754,6,10
E4900333,P105,911,0754,10,10
E4900333,P001,922,0745,1,10
E4900333,P002,922,0745,0,00
E4900333,P003,922,0745,0,32
E4900333,P103,922,0745,0,32
E4900333,P021,922,0745,0,10
E4900333,P105,922,0745,47,10
E4900333,P001,923,0745,74,10
E4900333,P002,923,0745,0,00
E4900333,P003,923,0745,0,32
E4900333,P103,923,0745,0,32
E4900333,P021,923,0745,29,10
E4900333,P105,923,0745,65,10
E4900333,P001,936,0745,13,10
E4900333,P002,936,0745,0,00
E4900333,P003,936,0745,0,32
E4900333,P103,936,0745,0,32
E4900333,P021,936,0745,8,10
E4900333,P105,936,0745,10,10
E4900333,P001,259,0700,87,10
E4900333,P002,259,0700,0,00
E4900333,P003,259,0700,0,32
E4900333,P103,259,0700,0,32
E4900333,P021,259,0700,126,10
E4900333,P105,259,0700,166,10
E4900333,P001,222,0700,1,10
E4900333,P002,222,0700,0,00
E4900333,P003,222,0700,0,32
E4900333,P103,222,0700,0,32
E4900333,P021,222,0700,0,10
E4900333,P105,222,0700,47,10
E4900333,P001,223,0700,77,10
E4900333,P002,223,0700,0,00
E4900333,P003,223,0700,0,32
E4900333,P103,223,0700,0,32
E4900333,P021,223,0700,33,10
E4900333,P105,223,0700,68,10
E4900333,P001,236,0700,13,10
E4900333,P002,236,0700,0,00
E4900333,P003,236,0700,0,32
E4900333,P103,236,0700,0,32
E4900333,P021,236,0700,8,10
E4900333,P105,236,0700,10,10
E4900333,P001,248,0700,41185,10
E4900333,P002,248,0700,0,00
E4900333,P003,248,0700,0,32
E4900333,P103,248,0700,0,32
E4900333,P021,248,0700,101327,10
E4900333,P105,248,0700,167942,10
E5600841,P001,248,0700,187295,10
E5600841,P001,923,0745,22,10
E5600841,P001,223,0700,20,10
E5600841,P001,936,0745,4,10
E5600841,P001,236,0700,4,10
E5600841,P001,911,0754,5,10
E5600841,P001,922,0745,29,10
E5600841,P001,222,0700,28,10
E5600841,P001,259,0700,167,10
E5600841,P002,248,0700,214042,10
E5600841,P002,923,0745,18,10
E5600841,P002,223,0700,18,10
E5600841,P002,936,0745,4,10
E5600841,P002,236,0700,4,10
E5600841,P002,911,0754,5,10
E5600841,P002,922,0745,17,10
E5600841,P002,222,0700,17,10
E5600841,P002,259,0700,166,10
E5600841,P003,248,0700,177446,10
E5600841,P003,923,0745,24,10
E5600841,P003,223,0700,19,10
E5600841,P003,936,0745,5,10
E5600841,P003,236,0700,5,10
E5600841,P003,911,0754,9,10
E5600841,P003,922,0745,25,10
E5600841,P003,222,0700,25,10
E5600841,P003,259,0700,165,10
E5600841,P004,248,0700,173188,10
E5600841,P004,923,0745,20,10
E5600841,P004,223,0700,20,10
E5600841,P004,936,0745,4,10
E5600841,P004,236,0700,4,10
E5600841,P004,911,0754,6,10
E5600841,P004,922,0745,20,10
E5600841,P004,222,0700,21,10
E5600841,P004,259,0700,183,10
E5600841,P005,248,0700,186368,10
E5600841,P005,923,0745,15,10
E5600841,P005,223,0700,16,10
E5600841,P005,936,0745,4,10
E5600841,P005,236,0700,4,10
E5600841,P005,911,0754,8,10
E5600841,P005,922,0745,20,10
E5600841,P005,222,0700,20,10
E5600841,P005,259,0700,191,10
E5600841,P006,248,0700,220213,10
E5600841,P006,923,0745,37,10
E5600841,P006,223,0700,42,10
E5600841,P006,936,0745,5,10
E5600841,P006,236,0700,5,10
E5600841,P006,911,0754,11,10
E5600841,P006,922,0745,54,10
E5600841,P006,222,0700,49,10
E5600841,P006,259,0700,118,10
E5600841,P007,248,0700,207171,10
E5600841,P007,923,0745,47,10
E5600841,P007,223,0700,60,10
E5600841,P007,936,0745,5,10
E5600841,P007,236,0700,5,10
E5600841,P007,911,0754,13,10
E5600841,P007,922,0745,73,10
E5600841,P007,222,0700,72,10
E5600841,P007,259,0700,141,10
E5600841,P008,248,0700,178549,10
E5600841,P008,923,0745,59,10
E5600841,P008,223,0700,42,10
E5600841,P008,936,0745,10,10
E5600841,P008,236,0700,9,10
E5600841,P008,911,0754,11,10
E5600841,P008,922,0745,10,10
E5600841,P008,222,0700,13,10
E5600841,P008,259,0700,48,10
E5600841,P009,248,0700,270958,10
E5600841,P009,923,0745,26,10
E5600841,P009,223,0700,15,10
E5600841,P009,936,0745,7,10
E5600841,P009,236,0700,6,10
E5600841,P009,911,0754,9,10
E5600841,P009,922,0745,32,10
E5600841,P009,222,0700,26,10
E5600841,P009,259,0700,118,10
E5600841,P010,248,0700,331173,10
E5600841,P010,923,0745,26,10
E5600841,P010,223,0700,15,10
E5600841,P010,936,0745,6,10
E5600841,P010,236,0700,6,10
E5600841,P010,911,0754,7,10
E5600841,P010,922,0745,23,10
E5600841,P010,222,0700,19,10
E5600841,P010,259,0700,103,10
E5600841,PC23,248,0700,34579,10
E5600841,PC23,923,0745,75,10
E5600841,PC23,223,0700,76,10
E5600841,PC23,936,0745,9,10
E5600841,PC23,236,0700,9,10
E5600841,PC23,911,0754,9,10
E5600841,PC23,922,0745,35,10
E5600841,PC23,222,0700,36,10
E5600841,PC23,259,0700,163,10
E5600841,PC83,248,0700,195077,10
E5600841,PC83,923,0745,56,10
E5600841,PC83,223,0700,68,10
E5600841,PC83,936,0745,6,10
E5600841,PC83,236,0700,8,10
E5600841,PC83,911,0754,13,10
E5600841,PC83,922,0745,0,30
E5600841,PC83,222,0700,0,30
E5600841,PC83,259,0700,170,10
E5600841,PPB1,248,0700,196710,10
E5600841,PPB1,923,0745,17,10
E5600841,PPB1,223,0700,11,10
E5600841,PPB1,936,0745,8,10
E5600841,PPB1,236,0700,8,10
E5600841,PPB1,911,0754,8,10
E5600841,PPB1,922,0745,30,10
E5600841,PPB1,222,0700,24,10
E5600841,PPB1,259,0700,133,10
E5600841,PPC1,248,0700,689488,10
E5600841,PPC1,923,0745,22,10
E5600841,PPC1,223,0700,20,10
E5600841,PPC1,936,0745,3,10
E5600841,PPC1,236,0700,3,10
E5600841,PPC1,911,0754,5,10
E5600841,PPC1,922,0745,23,10
E5600841,PPC1,222,0700,22,10
E5600841,PPC1,259,0700,130,10
E5600841,PR54,248,0700,47177,10
E5600841,PR54,923,0745,69,10
E5600841,PR54,223,0700,59,10
E5600841,PR54,936,0745,5,10
E5600841,PR54,236,0700,5,10
E5600841,PR54,911,0754,3,10
E5600841,PR54,922,0745,41,10
E5600841,PR54,222,0700,42,10
E5600841,PR54,259,0700,226,10
E5600841,PR61,248,0700,148114,10
E5600841,PR61,923,0745,71,10
E5600841,PR61,223,0700,73,10
E5600841,PR61,936,0745,3,10
E5600841,PR61,236,0700,3,10
E5600841,PR61,911,0754,7,10
E5600841,PR61,922,0745,43,10
E5600841,PR61,222,0700,42,10
E5600841,PR61,259,0700,317,10
E5600841,PR62,248,0700,97697,10
E5600841,PR62,923,0745,49,10
E5600841,PR62,223,0700,51,10
E5600841,PR62,936,0745,4,10
E5600841,PR62,236,0700,4,10
E5600841,PR62,911,0754,4,10
E5600841,PR62,922,0745,20,10
E5600841,PR62,222,0700,20,10
E5600841,PR62,259,0700,312,10
E5600841,PS11,248,0700,844674,10
E5600841,PS11,923,0745,37,10
E5600841,PS11,223,0700,38,10
E5600841,PS11,936,0745,11,10
E5600841,PS11,236,0700,11,10
E5600841,PS11,911,0754,11,10
E5600841,PS11,922,0745,61,10
E5600841,PS11,222,0700,62,10
E5600841,PS11,259,0700,164,10
E5600841,PS12,911,0754,7,10
E5600841,PS31,248,0700,743657,10
E5600841,PS31,923,0745,111,10
E5600841,PS31,223,0700,109,10
E5600841,PS31,936,0745,12,10
E5600841,PS31,236,0700,12,10
E5600841,PS31,911,0754,7,10
E5600841,PS31,922,0745,86,10
E5600841,PS31,222,0700,86,10
E5600841,PS31,259,0700,132,10
E5600841,PS32,911,0754,4,10
E5600841,PS51,248,0700,867767,10
E5600841,PS51,923,0745,39,10
E5600841,PS51,223,0700,41,10
E5600841,PS51,936,0745,11,10
E5600841,PS51,236,0700,11,10
E5600841,PS51,911,0754,12,10
E5600841,PS51,922,0745,19,10
E5600841,PS51,222,0700,19,10
E5600841,PS51,259,0700,134,10
E5600841,PS52,911,0754,9,10
E5600841,PS71,248,0700,0,00
E5600841,PS71,923,0745,0,00
E5600841,PS71,223,0700,0,00
E5600841,PS71,936,0745,0,00
E5600841,PS71,236,0700,0,00
E5600841,PS71,911,0754,0,00
E5600841,PS71,922,0745,0,00
E5600841,PS71,222,0700,0,00
E5600841,PS71,259,0700,0,00
E5600841,PS72,911,0754,0,00
E5600332,P001,911,0800,4,10
E5600332,P002,911,0800,4,10
E5600332,P003,911,0800,4,10
E5601197,P002,911,0800,3,10
E5601197,P003,911,0800,3,10
E5600056,P004,911,0806,4,10
E5600056,P006,911,0806,3,10
E5600056,P007,911,0806,3,10
E5600056,P008,911,0806,6,10
E5600056,P009,911,0806,2,10
E5600056,P016,911,0806,1,10
E5600056,P017,911,0806,2,10
E5600056,P018,911,0806,3,10
E5600056,P021,911,0806,3,10
E5600056,P022,911,0806,3,10
E5600056,P023,911,0806,1,10
E5600056,P024,911,0806,3,10
E5400878,P010,911,0748,1,10
S2300438,P001,911,0800,5,10
E5600789,P001,911,0800,0,00
E5002890,P001,911,0800,5,10
E5002890,P002,911,0800,5,10
E5002890,P003,911,0800,0,00
E5600869,P001,911,0800,4,10
S2100223,P015,911,0806,0,10
E5600850,PC01,911,0800,0,00
S1901066,P004,911,0800,6,10
S1900710,P015,911,0806,0,00
S1900710,P050,911,0806,5,10
S1900710,P056,911,0806,5,10
S1900710,P060,911,0806,4,10
S1900710,P070,911,0806,6,10
S1900685,P002,911,0800,13,10
S1900685,P421,911,0800,11,10
S1900685,P411,911,0800,4,10
S2202553,P001,911,0800,1,10
S2202553,P002,911,0800,1,10
S2202553,P003,911,0800,1,10
E5600841,P001,911,0800,5,10
E5600841,P002,911,0800,5,10
E5600841,P003,911,0800,9,10
E5600841,P004,911,0800,6,10
E5600841,P005,911,0800,8,10
E5600841,P006,911,0800,11,10
E5600841,P007,911,0800,13,10
E5600841,P008,911,0800,11,10
E5600841,P009,911,0800,9,10
E5600841,P010,911,0800,7,10
E5600841,PC23,911,0800,9,10
E5600841,PC83,911,0800,13,10
E5600841,PPB1,911,0800,8,10
E5600841,PPC1,911,0800,5,10
E5600841,PR54,911,0800,3,10
E5600841,PR61,911,0800,7,10
E5600841,PR62,911,0800,4,10
E5600841,PS11,911,0800,11,10
E5600841,PS12,911,0800,8,10
E5600841,PS31,911,0800,7,10
E5600841,PS32,911,0800,4,10
E5600841,PS51,911,0800,12,10
E5600841,PS52,911,0800,10,10
E5600841,PS71,911,0800,0,00
E5600841,PS72,911,0800,0,00
E4900744,P001,911,0806,0,00
E4900744,P002,911,0806,0,00
E4900744,P023,911,0806,0,00
S2300438,P001,911,0806,5,10
S2100223,P015,922,0800,0,10
S2100223,P015,923,0800,0,10
S2100223,P015,924,0800,0,10
S2100223,P015,936,0800,0,10
E5600798,P003,911,0000,0,00
E5600798,P003,911,0006,0,00
E5600798,P003,911,0012,0,00
E5600798,P003,911,0018,0,00
E5600798,P003,911,0024,0,00
E5600798,P003,911,0030,0,00
E5600798,P003,911,0036,1,10
E5600798,P003,911,0042,2,10
E5600798,P003,911,0048,3,10
E5600798,P003,911,0054,3,10
E5600798,P003,911,0100,1,10
E5600798,P003,911,0106,0,00
E5600798,P003,911,0112,0,00
E5600798,P003,911,0118,0,00
E5600798,P003,911,0124,0,00
E5600798,P003,911,0130,1,10
E5600798,P003,911,0136,1,10
E5600798,P003,911,0142,2,10
E5600798,P003,911,0148,3,10
E5600798,P003,911,0154,2,10
E5600798,P003,911,0200,3,10
E5600798,P003,911,0206,2,10
E5600798,P003,911,0212,3,10
E5600798,P003,911,0218,1,10
E5600798,P003,911,0224,2,10
E5600798,P003,911,0230,2,10
E5600798,P003,911,0236,1,10
E5600798,P003,911,0242,1,10
E5600798,P003,911,0248,1,10
E5600798,P003,911,0254,1,10
E5600798,P003,911,0300,1,10
E5600798,P003,911,0306,1,10
E5600798,P003,911,0312,0,00
E5600798,P003,911,0318,1,10
E5600798,P003,911,0324,3,10
E5600798,P003,911,0330,5,10
E5600798,P003,911,0336,4,10
E5600798,P003,911,0342,4,10
E5600798,P003,911,0348,2,10
E5600798,P003,911,0354,2,10
E5600798,P003,911,0400,2,10
E5600798,P003,911,0406,3,10
E5600798,P003,911,0412,3,10
E5600798,P003,911,0418,2,10
E5600798,P003,911,0424,2,10
E5600798,P003,911,0430,4,10
E5600798,P003,911,0436,4,10
E5600798,P003,911,0442,3,10
E5600798,P003,911,0448,2,10
E5600798,P003,911,0454,1,10
E5600798,P003,911,0500,3,10
E5600798,P003,911,0506,3,10
E5600798,P003,911,0512,4,10
E5600798,P003,911,0518,5,10
E5600798,P003,911,0524,5,10
E5600798,P003,911,0530,2,10
E5600798,P003,911,0536,2,10
E5600798,P003,911,0542,0,00
E5600798,P003,911,0548,0,00
E5600798,P003,911,0554,0,00
E5600798,P003,911,0600,0,00
E5600798,P003,911,0606,0,00
E5600798,P003,911,0612,1,10
E5600798,P003,911,0618,1,10
E5600798,P003,911,0624,1,10
E5600798,P003,911,0630,0,00
E5600798,P003,911,0636,1,10
E5600798,P003,911,0642,1,10
E5600798,P003,911,0648,1,10
E5600798,P003,911,0654,0,00
E5600798,P003,911,0700,1,10
E5600798,P003,911,0706,1,10
E5600798,P003,911,0712,1,10
E5600798,P003,911,0718,0,00
E5600798,P003,911,0724,1,10
E5600798,P003,911,0730,1,10
E5600798,P003,911,0736,3,10
E5600798,P003,911,0742,2,10
E5600798,P003,911,0748,2,10
E5600798,P003,911,0754,2,10
E4900333,P001,911,0800,9,10
E4900333,P002,911,0800,0,00
E4900333,P003,911,0800,0,32
E4900333,P103,911,0800,0,32
E4900333,P021,911,0800,6,10
E4900333,P105,911,0800,10,10
E5600798,P003,911,0800,1,10
E5600332,P001,911,0806,4,10
E5600332,P002,911,0806,4,10
E5600332,P003,911,0806,4,10
E5601197,P002,911,0806,3,10
E5601197,P003,911,0806,3,10
E5600850,PC01,911,0806,0,00
E5600056,P004,911,0812,4,10
E5600056,P006,911,0812,3,10
E5600056,P007,911,0812,3,10
E5600056,P008,911,0812,6,10
E5600056,P009,911,0812,2,10
E5600056,P016,911,0812,6,10
E5600056,P017,911,0812,2,10
E5600056,P018,911,0812,3,10
E5600056,P021,911,0812,3,10
E5600056,P022,911,0812,3,10
E5600056,P023,911,0812,1,10
E5600056,P024,911,0812,3,10
E4900744,P001,923,0800,0,00
E4900744,P023,923,0800,0,00
E4900744,P001,936,0800,0,00
E4900744,P023,936,0800,0,00
E5400878,P001,223,0700,21,10
E5400878,P001,236,0700,15,10
E5400878,P001,248,0700,766303,10
E5400878,P001,259,0700,116,10
E5400878,P002,223,0700,19,10
E5400878,P002,236,0700,15,10
E5400878,P002,248,0700,1670631,10
E5400878,P002,259,0700,115,10
E5400878,P003,223,0700,17,10
E5400878,P003,236,0700,15,10
E5400878,P003,248,0700,1487231,10
E5400878,P003,259,0700,114,10
E5400878,P010,223,0700,18,10
E5400878,P010,236,0700,13,10
E5400878,P010,248,0700,1410749,10
E5400878,P010,259,0700,99,10
E5400878,P001,923,0745,21,10
E5400878,P001,936,0745,15,10
E5400878,P002,923,0745,19,10
E5400878,P002,936,0745,14,10
E5400878,P003,923,0745,16,10
E5400878,P003,936,0745,15,10
E5400878,P010,923,0745,18,10
E5400878,P010,936,0745,13,10
E5400878,P010,911,0754,1,10
S2300401,P011,911,0806,9,10
S2300429,P701,911,0806,0,00
S2300429,PF01,911,0806,0,20
E5600789,P001,911,0806,0,00
E5600869,P001,911,0806,4,10
S2202553,P001,911,0806,1,10
S2202553,P002,911,0806,1,10
S2202553,P003,911,0806,1,10
S2100223,P015,911,0812,0,10
S2300438,P001,922,0800,0,10
S2300438,P001,923,0800,32,10
S2300438,P001,936,0800,6,10
S2300438,P001,222,0700,0,10
S2300438,P001,223,0700,31,10
S2300438,P001,236,0700,6,10
S2300438,P001,248,0700,51616,10
S2300438,P001,259,0700,123,10
S1901066,P004,911,0806,6,10
S1900710,P015,911,0812,0,00
S1900710,P050,911,0812,5,10
S1900710,P056,911,0812,4,10
S1900710,P060,911,0812,5,10
S1900710,P070,911,0812,6,10
S1900685,P002,911,0806,13,10
S1900685,P421,911,0806,13,10
S1900685,P411,911,0806,4,10
E5600841,P001,911,0806,5,10
E5600841,P002,911,0806,5,10
E5600841,P003,911,0806,9,10
E5600841,P004,911,0806,6,10
E5600841,P005,911,0806,8,10
E5600841,P006,911,0806,11,10
E5600841,P007,911,0806,13,10
E5600841,P008,911,0806,11,10
E5600841,P009,911,0806,9,10
E5600841,P010,911,0806,7,10
E5600841,PC23,911,0806,10,10
E5600841,PC83,911,0806,14,10
E5600841,PPB1,911,0806,8,10
E5600841,PPC1,911,0806,5,10
E5600841,PR54,911,0806,3,10
E5600841,PR61,911,0806,7,10
E5600841,PR62,911,0806,4,10
E5600841,PS11,911,0806,11,10
E5600841,PS12,911,0806,7,10
E5600841,PS31,911,0806,7,10
E5600841,PS32,911,0806,4,10
E5600841,PS51,911,0806,12,10
E5600841,PS52,911,0806,9,10
E5600841,PS71,911,0806,0,00
E5600841,PS72,911,0806,0,00
S2201109,P711,911,0806,15,10
S2201109,P731,911,0806,19,10
S2201109,P741,911,0806,15,10
S2201109,P751,911,0806,15,10
E4900744,P001,911,0812,0,00
E4900744,P002,911,0812,0,00
E4900744,P023,911,0812,0,00
E5600850,PC01,923,0800,0,00
E5600850,PC01,924,0800,0,00
E5600850,PC01,936,0800,0,00
E5600850,PC01,926,0800,0,00
E5600850,PC01,223,0700,0,00
E5600850,PC01,224,0700,0,00
E5600850,PC01,236,0700,0,00
E5600850,PC01,226,0700,0,00
E5600850,PC01,248,0700,0,00
E5600850,PC01,259,0700,0,00
S1901066,P004,922,0800,0,20
S1901066,P004,923,0800,0,20
S1901066,P004,924,0800,0,20
S1901066,P004,936,0800,0,20
S1901066,P004,937,0800,0,32
S1901066,P004,222,0700,229,10
S1901066,P004,223,0700,180,10
S1901066,P004,224,0700,1,10
S1901066,P004,236,0700,4,10
S1901066,P004,237,0700,11,10
S1901066,P004,248,0700,122095,10
S1901066,P004,259,0700,242,10
E5600869,P001,922,0800,134,10
E5600869,P001,923,0800,127,10
E5600869,P001,936,0800,7,10
S1900710,P070,923,0815,20,10
S1900710,P070,936,0815,8,10
S1900710,P070,922,0815,17,10
S1900710,P015,923,0815,0,00
S1900710,P015,936,0815,0,00
S1900710,P015,922,0815,0,00
S1900710,P050,923,0815,110,10
S1900710,P050,936,0815,5,10
S1900710,P050,922,0815,68,10
S1900710,P056,923,0815,40,10
S1900710,P056,936,0815,4,10
S1900710,P056,922,0815,24,10
S1900710,P060,923,0815,24,10
S1900710,P060,936,0815,5,10
S1900710,P060,922,0815,25,10
S1900685,P421,922,0800,18,10
S1900685,P421,923,0800,62,10
S1900685,P421,936,0800,5,10
S1900685,P411,922,0800,27,10
S1900685,P411,923,0800,66,10
S1900685,P411,936,0800,12,10
S2202553,P001,922,0800,12,10
S2202553,P002,922,0800,7,10
S2202553,P003,922,0800,6,10
S2202553,P001,923,0800,100,10
S2202553,P002,923,0800,96,10
S2202553,P003,923,0800,91,10
S2202553,P001,924,0800,4,10
S2202553,P002,924,0800,1,10
S2202553,P003,924,0800,1,10
S2202553,P001,926,0800,33,11
S2202553,P002,926,0800,11,10
S2202553,P003,926,0800,20,10
S2202553,P001,936,0800,11,10
S2202553,P002,936,0800,11,10
S2202553,P003,936,0800,8,10
S2001314,P004,923,0815,0,00
S2001314,P004,922,0815,0,00
S2001314,P004,936,0815,0,00
S2300429,P701,911,0800,0,00
S2300429,P701,922,0800,0,00
S2300429,P701,923,0800,0,00
S2300429,P701,936,0800,0,00
S2300429,PF01,911,0800,8,10
S2300429,PF01,922,0800,8,10
S2300429,PF01,923,0800,25,10
S2300429,PF01,936,0800,6,10
S2300429,P701,222,0700,0,00
S2300429,P701,223,0700,0,00
S2300429,P701,236,0700,0,00
S2300429,P701,248,0700,0,00
S2300429,P701,259,0700,0,00
S2300429,PF01,222,0700,4,10
S2300429,PF01,223,0700,28,10
S2300429,PF01,236,0700,6,10
S2300429,PF01,248,0700,272847,10
S2300429,PF01,259,0700,57,10
E4900333,P001,911,0806,9,10
E4900333,P002,911,0806,0,00
E4900333,P003,911,0806,0,32
E4900333,P103,911,0806,0,32
E4900333,P021,911,0806,6,10
E4900333,P105,911,0806,10,10
E5600332,P001,911,0812,4,10
E5600332,P002,911,0812,4,10
E5600332,P003,911,0812,4,10
E5600850,PC01,911,0812,0,00
S2300438,P001,911,0812,5,10
S1901066,P004,911,0812,6,10
E5600056,P004,922,0815,56,10
E5600056,P004,923,0815,56,10
E5600056,P004,924,0815,55,10
E5600056,P004,936,0815,1,10
E5600056,P006,922,0815,61,10
E5600056,P006,923,0815,58,10
E5600056,P006,924,0815,60,10
E5600056,P006,936,0815,1,10
E5600056,P007,922,0815,12,10
E5600056,P007,923,0815,12,10
E5600056,P007,924,0815,13,10
E5600056,P007,936,0815,1,10
E5600056,P008,922,0815,7,10
E5600056,P008,923,0815,12,10
E5600056,P008,924,0815,8,10
E5600056,P008,936,0815,2,10
E5600056,P016,922,0815,0,20
E5600056,P016,923,0815,147,10
E5600056,P016,936,0815,16,10
E5600056,P017,922,0815,32,10
E5600056,P017,923,0815,30,10
E5600056,P017,924,0815,29,10
E5600056,P017,936,0815,1,10
E5600056,P018,922,0815,0,20
E5600056,P018,923,0815,0,20
E5600056,P018,924,0815,0,20
E5600056,P018,936,0815,0,20
E5600056,P021,922,0815,0,20
E5600056,P021,923,0815,0,20
E5600056,P021,924,0815,0,20
E5600056,P021,936,0815,0,20
E5600056,P024,922,0815,6,10
E5600056,P024,923,0815,5,10
E5600056,P024,924,0815,4,10
E5600056,P024,936,0815,0,20
E5600056,P034,922,0815,5,10
E5600056,P034,923,0815,52,10
E5600056,P034,936,0815,1,10
E5601197,P002,911,0812,3,10
E5601197,P003,911,0812,3,10
E5600056,P004,911,0818,4,10
E5600056,P006,911,0818,3,10
E5600056,P007,911,0818,3,10
E5600056,P008,911,0818,6,10
E5600056,P009,911,0818,2,10
E5600056,P016,911,0818,5,10
E5600056,P017,911,0818,3,10
E5600056,P018,911,0818,3,10
E5600056,P021,911,0818,3,10
E5600056,P022,911,0818,3,10
E5600056,P023,911,0818,0,10
E5600056,P024,911,0818,4,10
S1601990,P001,911,0812,4,10
S1601990,P004,911,0812,4,10
S1601990,P049,911,0812,2,10
S2001314,P004,911,0818,0,00
E5600841,P001,923,0800,15,10
E5600841,P001,936,0800,4,10
E5600841,P001,922,0800,25,10
E5600841,P002,923,0800,17,10
E5600841,P002,936,0800,4,10
E5600841,P002,922,0800,17,10
E5600841,P003,923,0800,13,10
E5600841,P003,936,0800,5,10
E5600841,P003,922,0800,23,10
E5600841,P004,923,0800,21,10
E5600841,P004,936,0800,4,10
E5600841,P004,922,0800,20,10
E5600841,P005,923,0800,16,10
E5600841,P005,936,0800,4,10
E5600841,P005,922,0800,20,10
E5600841,P006,923,0800,45,10
E5600841,P006,936,0800,5,10
E5600841,P006,922,0800,53,10
E5600841,P007,923,0800,44,10
E5600841,P007,936,0800,5,10
E5600841,P007,922,0800,71,10
E5600841,P008,923,0800,77,10
E5600841,P008,936,0800,10,10
E5600841,P008,922,0800,9,10
E5600841,P009,923,0800,26,10
E5600841,P009,936,0800,6,10
E5600841,P009,922,0800,27,10
E5600841,P010,923,0800,25,10
E5600841,P010,936,0800,6,10
E5600841,P010,922,0800,21,10
E5600841,PC23,923,0800,66,10
E5600841,PC23,936,0800,8,10
E5600841,PC23,922,0800,31,10
E5600841,PC83,923,0800,54,10
E5600841,PC83,936,0800,6,10
E5600841,PC83,922,0800,0,30
E5600841,PPB1,923,0800,15,10
E5600841,PPB1,936,0800,8,10
E5600841,PPB1,922,0800,25,10
E5600841,PPC1,923,0800,22,10
E5600841,PPC1,936,0800,3,10
E5600841,PPC1,922,0800,23,10
E5600841,PR54,923,0800,70,10
E5600841,PR54,936,0800,5,10
E5600841,PR54,922,0800,37,10
E5600841,PR61,923,0800,73,10
E5600841,PR61,936,0800,3,10
E5600841,PR61,922,0800,44,10
E5600841,PR62,923,0800,53,10
E5600841,PR62,936,0800,4,10
E5600841,PR62,922,0800,22,10
E5600841,PS11,923,0800,37,10
E5600841,PS11,936,0800,11,10
E5600841,PS11,922,0800,59,10
E5600841,PS31,923,0800,112,10
E5600841,PS31,936,0800,12,10
E5600841,PS31,922,0800,87,10
E5600841,PS51,923,0800,39,10
E5600841,PS51,936,0800,11,10
E5600841,PS51,922,0800,17,10
E5600841,PS71,923,0800,0,00
E5600841,PS71,936,0800,0,00
E5600841,PS71,922,0800,0,00
E5400878,P010,911,0800,1,10
S2300401,P011,911,0812,9,10
S2300429,P701,911,0812,0,00
S2300429,PF01,911,0812,8,10
E4900333,P001,922,0800,1,10
E4900333,P002,922,0800,0,00
E4900333,P003,922,0800,0,32
E4900333,P103,922,0800,0,32
E4900333,P021,922,0800,0,10
E4900333,P105,922,0800,46,10
E4900333,P001,923,0800,74,10
E4900333,P002,923,0800,0,00
E4900333,P003,923,0800,0,32
E4900333,P103,923,0800,0,32
E4900333,P021,923,0800,31,10
E4900333,P105,923,0800,65,10
E4900333,P001,936,0800,13,10
E4900333,P002,936,0800,0,00
E4900333,P003,936,0800,0,32
E4900333,P103,936,0800,0,32
E4900333,P021,936,0800,8,10
E4900333,P105,936,0800,10,10
E5600789,P001,911,0812,0,00
E5600869,P001,911,0812,4,10
S2100223,P015,911,0818,0,10
S1900710,P070,911,0818,6,10
S1900710,P015,911,0818,0,00
S1900710,P050,911,0818,6,10
S1900710,P056,911,0818,5,10
S1900710,P060,911,0818,3,10
S1900685,P002,911,0812,14,10
S1900685,P421,911,0812,12,10
S1900685,P411,911,0812,4,10
S2202553,P001,911,0812,1,10
S2202553,P002,911,0812,1,10
S2202553,P003,911,0812,2,10
E5600841,P001,911,0812,5,10
E5600841,P002,911,0812,5,10
E5600841,P003,911,0812,9,10
E5600841,P004,911,0812,6,10
E5600841,P005,911,0812,8,10
E5600841,P006,911,0812,12,10
E5600841,P007,911,0812,13,10
E5600841,P008,911,0812,11,10
E5600841,P009,911,0812,9,10
E5600841,P010,911,0812,7,10
E5600841,PC23,911,0812,9,10
E5600841,PC83,911,0812,13,10
E5600841,PPB1,911,0812,8,10
E5600841,PPC1,911,0812,5,10
E5600841,PR54,911,0812,3,10
E5600841,PR61,911,0812,7,10
E5600841,PR62,911,0812,4,10
E5600841,PS11,911,0812,11,10
E5600841,PS12,911,0812,6,10
E5600841,PS31,911,0812,7,10
E5600841,PS32,911,0812,4,10
E5600841,PS51,911,0812,12,10
E5600841,PS52,911,0812,9,10
E5600841,PS71,911,0812,0,00
E5600841,PS72,911,0812,0,00
S2005081,P401,911,0006,12,10
S2005081,P401,911,0012,13,10
S2005081,P401,923,0015,69,10
S2005081,P401,922,0015,8,10
S2005081,P401,936,0015,6,10
S2005081,P401,911,0018,12,10
S2005081,P401,911,0024,12,10
S2005081,P401,911,0030,12,10
S2005081,P401,923,0030,61,10
S2005081,P401,922,0030,8,10
S2005081,P401,936,0030,6,10
S2005081,P401,911,0036,8,10
S2005081,P401,911,0042,9,10
S2005081,P401,923,0045,67,10
S2005081,P401,922,0045,7,10
S2005081,P401,936,0045,6,10
S2005081,P401,911,0048,9,10
S2005081,P401,911,0054,9,10
S2005081,P401,911,0100,9,10
S2005081,P401,923,0100,63,10
S2005081,P401,922,0100,8,10
S2005081,P401,936,0100,6,10
S2005081,P401,248,0000,180575,10
S2005081,P401,259,0000,54,10
S2005081,P401,223,0000,65,10
S2005081,P401,222,0000,8,10
S2005081,P401,236,0000,6,10
S2005081,P401,911,0106,9,10
S2005081,P401,911,0112,9,10
S2005081,P401,923,0115,68,10
S2005081,P401,922,0115,9,10
S2005081,P401,936,0115,6,10
S2005081,P401,911,0118,8,10
S2005081,P401,911,0124,9,10
S2005081,P401,911,0130,9,10
S2005081,P401,923,0130,71,10
S2005081,P401,922,0130,10,10
S2005081,P401,936,0130,6,10
S2005081,P401,911,0136,8,10
S2005081,P401,911,0142,16,10
S2005081,P401,923,0145,72,10
S2005081,P401,922,0145,10,10
S2005081,P401,936,0145,6,10
S2005081,P401,911,0148,17,10
S2005081,P401,911,0154,9,10
S2005081,P401,911,0200,10,10
S2005081,P401,923,0200,75,10
S2005081,P401,922,0200,11,10
S2005081,P401,936,0200,6,10
S2005081,P401,248,0100,181464,10
S2005081,P401,259,0100,54,10
S2005081,P401,223,0100,71,10
S2005081,P401,222,0100,10,10
S2005081,P401,236,0100,6,10
S2005081,P401,911,0206,9,10
S2005081,P401,911,0212,9,10
S2005081,P401,923,0215,78,10
S2005081,P401,922,0215,12,10
S2005081,P401,936,0215,7,10
S2005081,P401,911,0218,10,10
S2005081,P401,911,0224,9,10
S2005081,P401,911,0230,8,10
S2005081,P401,923,0230,74,10
S2005081,P401,922,0230,12,10
S2005081,P401,936,0230,7,10
S2005081,P401,911,0236,9,10
S2005081,P401,911,0242,11,10
S2005081,P401,923,0245,73,10
S2005081,P401,922,0245,11,10
S2005081,P401,936,0245,7,10
S2005081,P401,911,0248,7,10
S2005081,P401,911,0254,8,10
S2005081,P401,911,0300,7,10
S2005081,P401,923,0300,72,10
S2005081,P401,922,0300,11,10
S2005081,P401,936,0300,6,10
S2005081,P401,248,0200,180040,10
S2005081,P401,259,0200,54,10
S2005081,P401,223,0200,74,10
S2005081,P401,222,0200,12,10
S2005081,P401,236,0200,7,10
S2005081,P401,911,0306,8,10
S2005081,P401,911,0312,8,10
S2005081,P401,923,0315,71,10
S2005081,P401,922,0315,11,10
S2005081,P401,936,0315,7,10
S2005081,P401,911,0318,9,10
S2005081,P401,911,0324,8,10
S2005081,P401,911,0330,0,32
S2005081,P401,923,0330,73,10
S2005081,P401,922,0330,11,10
S2005081,P401,936,0330,7,10
S2005081,P401,911,0336,0,32
S2005081,P401,911,0342,16,10
S2005081,P401,923,0345,76,10
S2005081,P401,922,0345,11,10
S2005081,P401,936,0345,7,10
S2005081,P401,911,0348,17,10
S2005081,P401,911,0354,17,10
S2005081,P401,911,0400,17,10
S2005081,P401,923,0400,70,10
S2005081,P401,922,0400,11,10
S2005081,P401,936,0400,7,10
S2005081,P401,248,0300,181444,10
S2005081,P401,259,0300,54,10
S2005081,P401,223,0300,73,10
S2005081,P401,222,0300,11,10
S2005081,P401,236,0300,7,10
S2005081,P401,911,0406,17,10
S2005081,P401,911,0412,17,10
S2005081,P401,923,0415,74,10
S2005081,P401,922,0415,11,10
S2005081,P401,936,0415,7,10
S2005081,P401,911,0418,16,10
S2005081,P401,911,0424,16,10
S2005081,P401,911,0430,18,10
S2005081,P401,923,0430,73,10
S2005081,P401,922,0430,11,10
S2005081,P401,936,0430,7,10
S2005081,P401,911,0436,17,10
S2005081,P401,911,0442,13,10
S2005081,P401,923,0445,69,10
S2005081,P401,922,0445,10,10
S2005081,P401,936,0445,6,10
S2005081,P401,911,0448,13,10
S2005081,P401,911,0454,11,10
S2005081,P401,911,0500,13,10
S2005081,P401,923,0500,60,10
S2005081,P401,922,0500,11,10
S2005081,P401,936,0500,6,10
S2005081,P401,248,0400,180719,10
S2005081,P401,259,0400,54,10
S2005081,P401,223,0400,69,10
S2005081,P401,222,0400,11,10
S2005081,P401,236,0400,6,10
S2005081,P401,911,0506,12,10
S2005081,P401,911,0512,14,10
S2005081,P401,923,0515,65,10
S2005081,P401,922,0515,12,10
S2005081,P401,936,0515,6,10
S2005081,P401,911,0518,12,10
S2005081,P401,911,0524,12,10
S2005081,P401,911,0530,11,10
S2005081,P401,923,0530,67,10
S2005081,P401,922,0530,12,10
S2005081,P401,936,0530,6,10
S2005081,P401,911,0536,10,10
S2005081,P401,911,0542,12,10
S2005081,P401,923,0545,64,10
S2005081,P401,922,0545,12,10
S2005081,P401,936,0545,6,10
S2005081,P401,911,0548,11,10
S2005081,P401,911,0554,10,10
S2005081,P401,911,0600,10,10
S2005081,P401,923,0600,71,10
S2005081,P401,922,0600,12,10
S2005081,P401,936,0600,6,10
S2005081,P401,248,0500,182368,10
S2005081,P401,259,0500,54,10
S2005081,P401,223,0500,67,10
S2005081,P401,222,0500,12,10
S2005081,P401,236,0500,6,10
S2005081,P401,911,0606,9,10
S2005081,P401,911,0612,0,32
S2005081,P401,923,0615,71,10
S2005081,P401,922,0615,12,10
S2005081,P401,936,0615,6,10
S2005081,P401,911,0618,0,32
E4900333,P001,911,0812,9,10
E4900333,P002,911,0812,0,00
E4900333,P003,911,0812,0,32
E4900333,P103,911,0812,0,32
E4900333,P021,911,0812,6,10
E4900333,P105,911,0812,0,20
E4900744,P001,911,0818,0,00
E4900744,P002,911,0818,0,00
E4900744,P023,911,0818,0,00
S2005081,P401,911,0624,0,32
S2005081,P401,911,0630,17,10
S2005081,P401,923,0630,70,10
S2005081,P401,922,0630,11,10
S2005081,P401,936,0630,6,10
S2005081,P401,911,0636,17,10
S2005081,P401,911,0642,19,10
S2005081,P401,923,0645,71,10
S2005081,P401,922,0645,11,10
S2005081,P401,936,0645,6,10
S2005081,P401,911,0648,13,10
S2005081,P401,911,0654,9,10
S2201109,P711,911,0700,15,10
S2201109,P731,911,0700,18,10
S2201109,P741,911,0700,15,10
S2201109,P751,911,0700,15,10
S2201109,P711,923,0700,17,10
S2201109,P711,936,0700,6,10
S2201109,P711,922,0700,8,10
S2201109,P731,923,0700,59,10
S2201109,P731,936,0700,6,10
S2201109,P731,922,0700,11,10
S2201109,P741,923,0700,50,10
S2201109,P741,936,0700,5,10
S2201109,P741,922,0700,24,10
S2201109,P751,923,0700,52,10
S2201109,P751,936,0700,6,10
S2201109,P751,922,0700,20,10
S2201109,P711,248,0700,7290,10
S2201109,P711,223,0700,18,10
S2201109,P711,236,0700,6,10
S2201109,P711,222,0700,8,10
S2201109,P711,259,0700,53,10
S2201109,P731,248,0700,4199,10
S2201109,P731,223,0700,57,10
S2201109,P731,236,0700,6,10
S2201109,P731,222,0700,12,10
S2201109,P731,259,0700,53,10
S2201109,P741,248,0700,5503,10
S2201109,P741,223,0700,51,10
S2201109,P741,236,0700,5,10
S2201109,P741,222,0700,24,10
S2201109,P741,259,0700,53,10
S2201109,P751,248,0700,5110,10
S2201109,P751,223,0700,53,10
S2201109,P751,236,0700,6,10
S2201109,P751,222,0700,19,10
S2201109,P751,259,0700,50,10
S2005081,P401,911,0700,10,10
S2005081,P401,923,0700,67,10
S2005081,P401,922,0700,11,10
S2005081,P401,936,0700,6,10
S2005081,P401,248,0600,180154,10
S2005081,P401,259,0600,54,10
S2005081,P401,223,0600,70,10
S2005081,P401,222,0600,11,10
S2005081,P401,236,0600,6,10
S2005081,P401,911,0706,11,10
S2005081,P401,911,0712,9,10
S2005081,P401,923,0715,66,10
S2005081,P401,922,0715,11,10
S2005081,P401,936,0715,6,10
S2005081,P401,911,0718,10,10
S2005081,P401,911,0724,11,10
S2005081,P401,911,0730,0,32
S2005081,P401,923,0730,63,10
S2005081,P401,922,0730,12,10
S2005081,P401,936,0730,6,10
S2005081,P401,911,0736,9,10
S2005081,P401,911,0742,10,10
S2005081,P401,923,0745,62,10
S2005081,P401,922,0745,12,10
S2005081,P401,936,0745,6,10
S2005081,P401,911,0748,10,10
S2005081,P401,911,0754,9,10
S2005081,P401,911,0800,10,10
S2005081,P401,923,0800,58,10
S2005081,P401,922,0800,11,10
S2005081,P401,936,0800,6,10
S2005081,P401,248,0700,181695,10
S2005081,P401,259,0700,54,10
S2005081,P401,223,0700,62,10
S2005081,P401,222,0700,12,10
S2005081,P401,236,0700,6,10
S2005081,P401,911,0806,11,10
S2201109,P711,911,0812,15,10
S2201109,P731,911,0812,18,10
S2201109,P741,911,0812,15,10
S2201109,P751,911,0812,15,10
S2005081,P401,911,0812,12,10
S2005081,P401,923,0815,63,10
S2005081,P401,922,0815,12,10
S2005081,P401,936,0815,6,10
S2005081,P401,911,0818,12,10
S2300438,P001,911,0818,5,10
E5600332,P001,911,0818,4,10
E5600332,P002,911,0818,4,10
E5600332,P003,911,0818,4,10
E5601197,P002,911,0818,3,10
E5601197,P003,911,0818,3,10
E5600850,PC01,911,0818,0,00
S1901066,P004,911,0818,6,10
E5600056,P004,911,0824,0,00
E5600056,P006,911,0824,3,10
E5600056,P007,911,0824,0,00
E5600056,P008,911,0824,6,10
E5600056,P009,911,0824,1,10
E5600056,P016,911,0824,5,10
E5600056,P017,911,0824,2,10
E5600056,P018,911,0824,3,10
E5600056,P021,911,0824,3,10
E5600056,P022,911,0824,3,10
E5600056,P023,911,0824,7,10
E5600056,P024,911,0824,3,10
E5600869,P001,911,0818,4,10
E5400878,P010,911,0806,2,10
S2300401,P011,911,0818,9,10
S2300429,P701,911,0818,0,00
S2300429,PF01,911,0818,8,10
E5600789,P001,911,0818,0,00
S2100223,P015,911,0824,0,10
S2100223,P015,922,0815,0,10
S2100223,P015,923,0815,0,10
S2100223,P015,924,0815,0,10
S2100223,P015,936,0815,0,10
S2201109,P711,911,0818,15,10
S2201109,P731,911,0818,19,10
S2201109,P741,911,0818,15,10
S2201109,P751,911,0818,15,10
S1900710,P015,911,0824,0,00
S1900710,P050,911,0824,6,10
S1900710,P056,911,0824,6,10
S1900710,P060,911,0824,2,10
S1900710,P070,911,0824,6,10
S1900685,P002,911,0818,14,10
S1900685,P421,911,0818,12,10
S1900685,P411,911,0818,4,10
S2202553,P001,911,0818,1,10
S2202553,P002,911,0818,1,10
S2202553,P003,911,0818,1,10
E5600841,P001,911,0818,5,10
E5600841,P002,911,0818,5,10
E5600841,P003,911,0818,9,10
E5600841,P004,911,0818,6,10
E5600841,P005,911,0818,8,10
E5600841,P006,911,0818,12,10
E5600841,P007,911,0818,13,10
E5600841,P008,911,0818,10,10
E5600841,P009,911,0818,9,10
E5600841,P010,911,0818,7,10
E5600841,PC23,911,0818,9,10
E5600841,PC83,911,0818,13,10
E5600841,PPB1,911,0818,8,10
E5600841,PPC1,911,0818,5,10
E5600841,PR54,911,0818,3,10
E5600841,PR61,911,0818,7,10
E5600841,PR62,911,0818,4,10
E5600841,PS11,911,0818,11,10
E5600841,PS12,911,0818,7,10
E5600841,PS31,911,0818,7,10
E5600841,PS32,911,0818,4,10
E5600841,PS51,911,0818,12,10
E5600841,PS52,911,0818,8,10
E5600841,PS71,911,0818,0,00
E5600841,PS72,911,0818,0,00
E4900333,P001,911,0818,0,20
E4900333,P002,911,0818,0,00
E4900333,P003,911,0818,0,32
E4900333,P103,911,0818,0,32
E4900333,P021,911,0818,6,10
E4900333,P105,911,0818,0,20
E4900744,P001,911,0824,0,00
E4900744,P002,911,0824,0,00
E4900744,P023,911,0824,0,00
E4900744,P001,923,0815,0,00
E4900744,P023,923,0815,0,00
E4900744,P001,936,0815,0,00
E4900744,P023,936,0815,0,00
S3200688,P001,911,0000,10,10
S3200688,P002,911,0000,11,10
S3200688,P003,911,0000,8,10
S3200688,P004,911,0000,10,10
S3200688,P001,911,0006,10,10
S3200688,P002,911,0006,11,10
S3200688,P003,911,0006,12,10
S3200688,P004,911,0006,9,10
S3200688,P001,922,0000,49,10
S3200688,P001,923,0000,58,10
S3200688,P001,936,0000,4,10
S3200688,P002,922,0000,46,10
S3200688,P002,923,0000,55,10
S3200688,P002,936,0000,5,10
S3200688,P003,922,0000,51,10
S3200688,P003,923,0000,56,10
S3200688,P003,936,0000,5,10
S3200688,P004,922,0000,48,10
S3200688,P004,923,0000,62,10
S3200688,P004,936,0000,5,10
S3200688,P504,923,0000,18,10
S3200688,P504,936,0000,15,10
S3200688,P604,923,0000,18,10
S3200688,P604,936,0000,16,10
S3200688,P704,923,0000,21,10
S3200688,P704,936,0000,16,10
S3200688,P804,923,0000,20,10
S3200688,P804,936,0000,15,10
S3200688,P904,923,0000,19,10
S3200688,P904,936,0000,15,10
S3200688,P001,911,0012,10,10
S3200688,P002,911,0012,11,10
S3200688,P003,911,0012,8,10
S3200688,P004,911,0012,9,10
S3200688,P001,911,0018,10,10
S3200688,P002,911,0018,11,10
S3200688,P003,911,0018,8,10
S3200688,P004,911,0018,9,10
S3200688,P001,922,0015,49,10
S3200688,P001,923,0015,59,10
S3200688,P001,936,0015,5,10
S3200688,P002,922,0015,46,10
S3200688,P002,923,0015,55,10
S3200688,P002,936,0015,5,10
S3200688,P003,922,0015,52,10
S3200688,P003,923,0015,57,10
S3200688,P003,936,0015,5,10
S3200688,P004,922,0015,49,10
S3200688,P004,923,0015,64,10
S3200688,P004,936,0015,5,10
S3200688,P504,923,0015,18,10
S3200688,P504,936,0015,15,10
S3200688,P604,923,0015,18,10
S3200688,P604,936,0015,16,10
S3200688,P704,923,0015,21,10
S3200688,P704,936,0015,16,10
S3200688,P804,923,0015,19,10
S3200688,P804,936,0015,15,10
S3200688,P904,923,0015,19,10
S3200688,P904,936,0015,15,10
S3200688,P001,911,0024,10,10
S3200688,P002,911,0024,11,10
S3200688,P003,911,0024,7,10
S3200688,P004,911,0024,12,10
S3200688,P001,911,0030,10,10
S3200688,P002,911,0030,11,10
S3200688,P003,911,0030,7,10
S3200688,P004,911,0030,10,10
S3200688,P001,911,0036,10,10
S3200688,P002,911,0036,11,10
S3200688,P003,911,0036,7,10
S3200688,P004,911,0036,10,10
S3200688,P001,922,0030,49,10
S3200688,P001,923,0030,59,10
S3200688,P001,936,0030,5,10
S3200688,P002,922,0030,47,10
S3200688,P002,923,0030,56,10
S3200688,P002,936,0030,5,10
S3200688,P003,922,0030,53,10
S3200688,P003,923,0030,57,10
S3200688,P003,936,0030,5,10
S3200688,P004,922,0030,49,10
S3200688,P004,923,0030,62,10
S3200688,P004,936,0030,5,10
S3200688,P504,923,0030,18,10
S3200688,P504,936,0030,15,10
S3200688,P604,923,0030,17,10
S3200688,P604,936,0030,16,10
S3200688,P704,923,0030,20,10
S3200688,P704,936,0030,16,10
S3200688,P804,923,0030,19,10
S3200688,P804,936,0030,15,10
S3200688,P904,923,0030,19,10
S3200688,P904,936,0030,15,10
S3200688,P001,911,0042,10,10
S3200688,P002,911,0042,11,10
S3200688,P003,911,0042,7,10
S3200688,P004,911,0042,10,10
S3200688,P001,911,0048,10,10
S3200688,P002,911,0048,11,10
S3200688,P003,911,0048,7,10
S3200688,P004,911,0048,10,10
S3200688,P001,222,0000,49,10
S3200688,P001,223,0000,59,10
S3200688,P001,236,0000,4,10
S3200688,P001,248,0000,1608734,10
S3200688,P001,259,0000,97,10
S3200688,P002,222,0000,47,10
S3200688,P002,223,0000,55,10
S3200688,P002,236,0000,5,10
S3200688,P002,248,0000,1491279,10
S3200688,P002,259,0000,89,10
S3200688,P003,222,0000,52,10
S3200688,P003,223,0000,57,10
S3200688,P003,236,0000,5,10
S3200688,P003,248,0000,2061603,10
S3200688,P003,259,0000,100,10
S3200688,P004,222,0000,49,10
S3200688,P004,223,0000,62,10
S3200688,P004,236,0000,5,10
S3200688,P004,248,0000,2006694,10
S3200688,P004,259,0000,101,10
S3200688,P504,223,0000,18,10
S3200688,P504,236,0000,15,10
S3200688,P504,248,0000,1796724,10
S3200688,P504,259,0000,102,10
S3200688,P604,223,0000,18,10
S3200688,P604,236,0000,16,10
S3200688,P604,248,0000,1995273,10
S3200688,P604,259,0000,108,10
S3200688,P704,223,0000,21,10
S3200688,P704,236,0000,16,10
S3200688,P704,248,0000,2093385,10
S3200688,P704,259,0000,105,10
S3200688,P804,223,0000,19,10
S3200688,P804,236,0000,15,10
S3200688,P804,248,0000,2368444,10
S3200688,P804,259,0000,107,10
S3200688,P904,223,0000,19,10
S3200688,P904,236,0000,15,10
S3200688,P904,248,0000,1418146,10
S3200688,P904,259,0000,111,10
S3200688,P001,922,0045,49,10
S3200688,P001,923,0045,59,10
S3200688,P001,936,0045,4,10
S3200688,P002,922,0045,48,10
S3200688,P002,923,0045,55,10
S3200688,P002,936,0045,5,10
S3200688,P003,922,0045,53,10
S3200688,P003,923,0045,57,10
S3200688,P003,936,0045,5,10
S3200688,P004,922,0045,51,10
S3200688,P004,923,0045,59,10
S3200688,P004,936,0045,5,10
S3200688,P504,923,0045,18,10
S3200688,P504,936,0045,15,10
S3200688,P604,923,0045,17,10
S3200688,P604,936,0045,16,10
S3200688,P704,923,0045,20,10
S3200688,P704,936,0045,16,10
S3200688,P804,923,0045,19,10
S3200688,P804,936,0045,15,10
S3200688,P904,923,0045,19,10
S3200688,P904,936,0045,15,10
S3200688,P001,911,0054,10,10
S3200688,P002,911,0054,11,10
S3200688,P003,911,0054,7,10
S3200688,P004,911,0054,9,10
S3200688,P001,911,0100,10,10
S3200688,P002,911,0100,11,10
S3200688,P003,911,0100,7,10
S3200688,P004,911,0100,9,10
S3200688,P001,911,0106,10,10
S3200688,P002,911,0106,11,10
S3200688,P003,911,0106,10,10
S3200688,P004,911,0106,9,10
S3200688,P001,922,0100,49,10
S3200688,P001,923,0100,59,10
S3200688,P001,936,0100,5,10
S3200688,P002,922,0100,48,10
S3200688,P002,923,0100,57,10
S3200688,P002,936,0100,5,10
S3200688,P003,922,0100,52,10
S3200688,P003,923,0100,58,10
S3200688,P003,936,0100,5,10
S3200688,P004,922,0100,49,10
S3200688,P004,923,0100,57,10
S3200688,P004,936,0100,5,10
S3200688,P504,923,0100,18,10
S3200688,P504,936,0100,15,10
S3200688,P604,923,0100,17,10
S3200688,P604,936,0100,15,10
S3200688,P704,923,0100,20,10
S3200688,P704,936,0100,16,10
S3200688,P804,923,0100,19,10
S3200688,P804,936,0100,15,10
S3200688,P904,923,0100,18,10
S3200688,P904,936,0100,15,10
S3200688,P001,911,0112,10,10
S3200688,P002,911,0112,11,10
S3200688,P003,911,0112,7,10
S3200688,P004,911,0112,9,10
S3200688,P001,911,0118,10,10
S3200688,P002,911,0118,11,10
S3200688,P003,911,0118,7,10
S3200688,P004,911,0118,9,10
S3200688,P001,922,0115,49,10
S3200688,P001,923,0115,59,10
S3200688,P001,936,0115,5,10
S3200688,P002,922,0115,47,10
S3200688,P002,923,0115,57,10
S3200688,P002,936,0115,5,10
S3200688,P003,922,0115,52,10
S3200688,P003,923,0115,56,10
S3200688,P003,936,0115,5,10
S3200688,P004,922,0115,48,10
S3200688,P004,923,0115,60,10
S3200688,P004,936,0115,5,10
S3200688,P504,923,0115,18,10
S3200688,P504,936,0115,15,10
S3200688,P604,923,0115,17,10
S3200688,P604,936,0115,15,10
S3200688,P704,923,0115,20,10
S3200688,P704,936,0115,16,10
S3200688,P804,923,0115,18,10
S3200688,P804,936,0115,15,10
S3200688,P904,923,0115,18,10
S3200688,P904,936,0115,15,10
S3200688,P001,911,0124,10,10
S3200688,P002,911,0124,11,10
S3200688,P003,911,0124,7,10
S3200688,P004,911,0124,12,10
S3200688,P001,911,0130,10,10
S3200688,P002,911,0130,11,10
S3200688,P003,911,0130,7,10
S3200688,P004,911,0130,10,10
S3200688,P001,911,0136,10,10
S3200688,P002,911,0136,11,10
S3200688,P003,911,0136,7,10
S3200688,P004,911,0136,9,10
S3200688,P001,922,0130,50,10
S3200688,P001,923,0130,60,10
S3200688,P001,936,0130,5,10
S3200688,P002,922,0130,49,10
S3200688,P002,923,0130,55,10
S3200688,P002,936,0130,5,10
S3200688,P003,922,0130,52,10
S3200688,P003,923,0130,57,10
S3200688,P003,936,0130,5,10
S3200688,P004,922,0130,51,10
S3200688,P004,923,0130,60,10
S3200688,P004,936,0130,5,10
S3200688,P504,923,0130,18,10
S3200688,P504,936,0130,15,10
S3200688,P604,923,0130,18,10
S3200688,P604,936,0130,16,10
S3200688,P704,923,0130,21,10
S3200688,P704,936,0130,16,10
S3200688,P804,923,0130,19,10
S3200688,P804,936,0130,15,10
S3200688,P904,923,0130,19,10
S3200688,P904,936,0130,15,10
S3200688,P001,911,0142,10,10
S3200688,P002,911,0142,11,10
S3200688,P003,911,0142,7,10
S3200688,P004,911,0142,9,10
S3200688,P001,911,0148,10,10
S3200688,P002,911,0148,11,10
S3200688,P003,911,0148,7,10
S3200688,P004,911,0148,9,10
S3200688,P001,222,0100,50,10
S3200688,P001,223,0100,60,10
S3200688,P001,236,0100,5,10
S3200688,P001,248,0100,1596790,10
S3200688,P001,259,0100,98,10
S3200688,P002,222,0100,49,10
S3200688,P002,223,0100,56,10
S3200688,P002,236,0100,5,10
S3200688,P002,248,0100,1482001,10
S3200688,P002,259,0100,90,10
S3200688,P003,222,0100,52,10
S3200688,P003,223,0100,57,10
S3200688,P003,236,0100,5,10
S3200688,P003,248,0100,2067278,10
S3200688,P003,259,0100,100,10
S3200688,P004,222,0100,50,10
S3200688,P004,223,0100,59,10
S3200688,P004,236,0100,5,10
S3200688,P004,248,0100,2009599,10
S3200688,P004,259,0100,99,10
S3200688,P504,223,0100,18,10
S3200688,P504,236,0100,15,10
S3200688,P504,248,0100,1813884,10
S3200688,P504,259,0100,102,10
S3200688,P604,223,0100,17,10
S3200688,P604,236,0100,16,10
S3200688,P604,248,0100,2033356,10
S3200688,P604,259,0100,108,10
S3200688,P704,223,0100,21,10
S3200688,P704,236,0100,16,10
S3200688,P704,248,0100,2114895,10
S3200688,P704,259,0100,106,10
S3200688,P804,223,0100,19,10
S3200688,P804,236,0100,15,10
S3200688,P804,248,0100,2415777,10
S3200688,P804,259,0100,108,10
S3200688,P904,223,0100,19,10
S3200688,P904,236,0100,15,10
S3200688,P904,248,0100,1448648,10
S3200688,P904,259,0100,111,10
S3200688,P001,922,0145,50,10
S3200688,P001,923,0145,60,10
S3200688,P001,936,0145,5,10
S3200688,P002,922,0145,50,10
S3200688,P002,923,0145,57,10
S3200688,P002,936,0145,5,10
S3200688,P003,922,0145,52,10
S3200688,P003,923,0145,57,10
S3200688,P003,936,0145,5,10
S3200688,P004,922,0145,50,10
S3200688,P004,923,0145,58,10
S3200688,P004,936,0145,5,10
S3200688,P504,923,0145,18,10
S3200688,P504,936,0145,15,10
S3200688,P604,923,0145,18,10
S3200688,P604,936,0145,16,10
S3200688,P704,923,0145,21,10
S3200688,P704,936,0145,16,10
S3200688,P804,923,0145,20,10
S3200688,P804,936,0145,15,10
S3200688,P904,923,0145,19,10
S3200688,P904,936,0145,15,10
S3200688,P001,911,0154,10,10
S3200688,P002,911,0154,11,10
S3200688,P003,911,0154,7,10
S3200688,P004,911,0154,10,10
S3200688,P001,911,0200,10,10
S3200688,P002,911,0200,11,10
S3200688,P003,911,0200,7,10
S3200688,P004,911,0200,10,10
S3200688,P001,911,0206,10,10
S3200688,P002,911,0206,11,10
S3200688,P003,911,0206,11,10
S3200688,P004,911,0206,11,10
S3200688,P001,922,0200,50,10
S3200688,P001,923,0200,60,10
S3200688,P001,936,0200,5,10
S3200688,P002,922,0200,50,10
S3200688,P002,923,0200,57,10
S3200688,P002,936,0200,5,10
S3200688,P003,922,0200,52,10
S3200688,P003,923,0200,56,10
S3200688,P003,936,0200,5,10
S3200688,P004,922,0200,50,10
S3200688,P004,923,0200,58,10
S3200688,P004,936,0200,5,10
S3200688,P504,923,0200,18,10
S3200688,P504,936,0200,15,10
S3200688,P604,923,0200,18,10
S3200688,P604,936,0200,16,10
S3200688,P704,923,0200,21,10
S3200688,P704,936,0200,16,10
S3200688,P804,923,0200,19,10
S3200688,P804,936,0200,15,10
S3200688,P904,923,0200,19,10
S3200688,P904,936,0200,15,10
S3200688,P001,911,0212,10,10
S3200688,P002,911,0212,11,10
S3200688,P003,911,0212,7,10
S3200688,P004,911,0212,11,10
S3200688,P001,911,0218,10,10
S3200688,P002,911,0218,11,10
S3200688,P003,911,0218,7,10
S3200688,P004,911,0218,10,10
S3200688,P001,922,0215,49,10
S3200688,P001,923,0215,59,10
S3200688,P001,936,0215,4,10
S3200688,P002,922,0215,50,10
S3200688,P002,923,0215,56,10
S3200688,P002,936,0215,5,10
S3200688,P003,922,0215,53,10
S3200688,P003,923,0215,59,10
S3200688,P003,936,0215,5,10
S3200688,P004,922,0215,51,10
S3200688,P004,923,0215,61,10
S3200688,P004,936,0215,5,10
S3200688,P504,923,0215,18,10
S3200688,P504,936,0215,15,10
S3200688,P604,923,0215,18,10
S3200688,P604,936,0215,16,10
S3200688,P704,923,0215,21,10
S3200688,P704,936,0215,16,10
S3200688,P804,923,0215,20,10
S3200688,P804,936,0215,15,10
S3200688,P904,923,0215,19,10
S3200688,P904,936,0215,15,10
S3200688,P001,911,0224,10,10
S3200688,P002,911,0224,11,10
S3200688,P003,911,0224,7,10
S3200688,P004,911,0224,12,10
S3200688,P001,911,0230,10,10
S3200688,P002,911,0230,11,10
S3200688,P003,911,0230,7,10
S3200688,P004,911,0230,10,10
S3200688,P001,911,0236,10,10
S3200688,P002,911,0236,11,10
S3200688,P003,911,0236,7,10
S3200688,P004,911,0236,10,10
S3200688,P001,922,0230,49,10
S3200688,P001,923,0230,58,10
S3200688,P001,936,0230,4,10
S3200688,P002,922,0230,49,10
S3200688,P002,923,0230,55,10
S3200688,P002,936,0230,5,10
S3200688,P003,922,0230,51,10
S3200688,P003,923,0230,58,10
S3200688,P003,936,0230,5,10
S3200688,P004,922,0230,50,10
S3200688,P004,923,0230,59,10
S3200688,P004,936,0230,5,10
S3200688,P504,923,0230,18,10
S3200688,P504,936,0230,15,10
S3200688,P604,923,0230,18,10
S3200688,P604,936,0230,16,10
S3200688,P704,923,0230,21,10
S3200688,P704,936,0230,16,10
S3200688,P804,923,0230,19,10
S3200688,P804,936,0230,15,10
S3200688,P904,923,0230,19,10
S3200688,P904,936,0230,15,10
S3200688,P001,911,0242,10,10
S3200688,P002,911,0242,11,10
S3200688,P003,911,0242,7,10
S3200688,P004,911,0242,10,10
S3200688,P001,911,0248,10,10
S3200688,P002,911,0248,11,10
S3200688,P003,911,0248,7,10
S3200688,P004,911,0248,10,10
S3200688,P001,222,0200,49,10
S3200688,P001,223,0200,59,10
S3200688,P001,236,0200,4,10
S3200688,P001,248,0200,1603843,10
S3200688,P001,259,0200,98,10
S3200688,P002,222,0200,50,10
S3200688,P002,223,0200,56,10
S3200688,P002,236,0200,5,10
S3200688,P002,248,0200,1489787,10
S3200688,P002,259,0200,90,10
S3200688,P003,222,0200,52,10
S3200688,P003,223,0200,58,10
S3200688,P003,236,0200,5,10
S3200688,P003,248,0200,2063123,10
S3200688,P003,259,0200,99,10
S3200688,P004,222,0200,50,10
S3200688,P004,223,0200,59,10
S3200688,P004,236,0200,5,10
S3200688,P004,248,0200,2016244,10
S3200688,P004,259,0200,97,10
S3200688,P504,223,0200,18,10
S3200688,P504,236,0200,15,10
S3200688,P504,248,0200,1793448,10
S3200688,P504,259,0200,102,10
S3200688,P604,223,0200,18,10
S3200688,P604,236,0200,16,10
S3200688,P604,248,0200,2063044,10
S3200688,P604,259,0200,108,10
S3200688,P704,223,0200,21,10
S3200688,P704,236,0200,16,10
S3200688,P704,248,0200,2141607,10
S3200688,P704,259,0200,106,10
S3200688,P804,223,0200,19,10
S3200688,P804,236,0200,15,10
S3200688,P804,248,0200,2479799,10
S3200688,P804,259,0200,108,10
S3200688,P904,223,0200,19,10
S3200688,P904,236,0200,15,10
S3200688,P904,248,0200,1477988,10
S3200688,P904,259,0200,112,10
S3200688,P001,922,0245,48,10
S3200688,P001,923,0245,58,10
S3200688,P001,936,0245,4,10
S3200688,P002,922,0245,50,10
S3200688,P002,923,0245,56,10
S3200688,P002,936,0245,5,10
S3200688,P003,922,0245,53,10
S3200688,P003,923,0245,58,10
S3200688,P003,936,0245,5,10
S3200688,P004,922,0245,49,10
S3200688,P004,923,0245,59,10
S3200688,P004,936,0245,5,10
S3200688,P504,923,0245,18,10
S3200688,P504,936,0245,15,10
S3200688,P604,923,0245,18,10
S3200688,P604,936,0245,16,10
S3200688,P704,923,0245,21,10
S3200688,P704,936,0245,16,10
S3200688,P804,923,0245,19,10
S3200688,P804,936,0245,15,10
S3200688,P904,923,0245,19,10
S3200688,P904,936,0245,15,10
S3200688,P001,911,0254,10,10
S3200688,P002,911,0254,11,10
S3200688,P003,911,0254,7,10
S3200688,P004,911,0254,10,10
S3200688,P001,911,0300,10,10
S3200688,P002,911,0300,11,10
S3200688,P003,911,0300,7,10
S3200688,P004,911,0300,10,10
S3200688,P001,911,0306,10,10
S3200688,P002,911,0306,11,10
S3200688,P003,911,0306,12,10
S3200688,P004,911,0306,9,10
S3200688,P001,922,0300,48,10
S3200688,P001,923,0300,58,10
S3200688,P001,936,0300,4,10
S3200688,P002,922,0300,51,10
S3200688,P002,923,0300,55,10
S3200688,P002,936,0300,5,10
S3200688,P003,922,0300,51,10
S3200688,P003,923,0300,57,10
S3200688,P003,936,0300,5,10
S3200688,P004,922,0300,48,10
S3200688,P004,923,0300,57,10
S3200688,P004,936,0300,5,10
S3200688,P504,923,0300,18,10
S3200688,P504,936,0300,15,10
S3200688,P604,923,0300,18,10
S3200688,P604,936,0300,16,10
S3200688,P704,923,0300,21,10
S3200688,P704,936,0300,16,10
S3200688,P804,923,0300,19,10
S3200688,P804,936,0300,15,10
S3200688,P904,923,0300,19,10
S3200688,P904,936,0300,15,10
S3200688,P001,911,0312,10,10
S3200688,P002,911,0312,11,10
S3200688,P003,911,0312,7,10
S3200688,P004,911,0312,9,10
S3200688,P001,911,0318,10,10
S3200688,P002,911,0318,11,10
S3200688,P003,911,0318,7,10
S3200688,P004,911,0318,10,10
S3200688,P001,922,0315,49,10
S3200688,P001,923,0315,58,10
S3200688,P001,936,0315,4,10
S3200688,P002,922,0315,51,10
S3200688,P002,923,0315,55,10
S3200688,P002,936,0315,5,10
S3200688,P003,922,0315,51,10
S3200688,P003,923,0315,58,10
S3200688,P003,936,0315,5,10
S3200688,P004,922,0315,48,10
S3200688,P004,923,0315,61,10
S3200688,P004,936,0315,5,10
S3200688,P504,923,0315,18,10
S3200688,P504,936,0315,15,10
S3200688,P604,923,0315,18,10
S3200688,P604,936,0315,15,10
S3200688,P704,923,0315,21,10
S3200688,P704,936,0315,16,10
S3200688,P804,923,0315,19,10
S3200688,P804,936,0315,15,10
S3200688,P904,923,0315,19,10
S3200688,P904,936,0315,15,10
S3200688,P001,911,0324,10,10
S3200688,P002,911,0324,11,10
S3200688,P003,911,0324,7,10
S3200688,P004,911,0324,13,10
S3200688,P001,911,0330,10,10
S3200688,P002,911,0330,11,10
S3200688,P003,911,0330,7,10
S3200688,P004,911,0330,11,10
S3200688,P001,911,0336,10,10
S3200688,P002,911,0336,11,10
S3200688,P003,911,0336,7,10
S3200688,P004,911,0336,11,10
S3200688,P001,922,0330,48,10
S3200688,P001,923,0330,58,10
S3200688,P001,936,0330,4,10
S3200688,P002,922,0330,52,10
S3200688,P002,923,0330,56,10
S3200688,P002,936,0330,6,10
S3200688,P003,922,0330,52,10
S3200688,P003,923,0330,57,10
S3200688,P003,936,0330,5,10
S3200688,P004,922,0330,46,10
S3200688,P004,923,0330,59,10
S3200688,P004,936,0330,5,10
S3200688,P504,923,0330,17,10
S3200688,P504,936,0330,15,10
S3200688,P604,923,0330,17,10
S3200688,P604,936,0330,15,10
S3200688,P704,923,0330,21,10
S3200688,P704,936,0330,16,10
S3200688,P804,923,0330,19,10
S3200688,P804,936,0330,15,10
S3200688,P904,923,0330,19,10
S3200688,P904,936,0330,15,10
S3200688,P001,911,0342,10,10
S3200688,P002,911,0342,11,10
S3200688,P003,911,0342,7,10
S3200688,P004,911,0342,10,10
S3200688,P001,911,0348,10,10
S3200688,P002,911,0348,11,10
S3200688,P003,911,0348,7,10
S3200688,P004,911,0348,10,10
S3200688,P001,222,0300,48,10
S3200688,P001,223,0300,58,10
S3200688,P001,236,0300,4,10
S3200688,P001,248,0300,1630656,10
S3200688,P001,259,0300,98,10
S3200688,P002,222,0300,51,10
S3200688,P002,223,0300,55,10
S3200688,P002,236,0300,5,10
S3200688,P002,248,0300,1487159,10
S3200688,P002,259,0300,90,10
S3200688,P003,222,0300,52,10
S3200688,P003,223,0300,57,10
S3200688,P003,236,0300,5,10
S3200688,P003,248,0300,2060628,10
S3200688,P003,259,0300,99,10
S3200688,P004,222,0300,47,10
S3200688,P004,223,0300,59,10
S3200688,P004,236,0300,5,10
S3200688,P004,248,0300,2020591,10
S3200688,P004,259,0300,97,10
S3200688,P504,223,0300,18,10
S3200688,P504,236,0300,15,10
S3200688,P504,248,0300,1822948,10
S3200688,P504,259,0300,102,10
S3200688,P604,223,0300,18,10
S3200688,P604,236,0300,15,10
S3200688,P604,248,0300,2104678,10
S3200688,P604,259,0300,107,10
S3200688,P704,223,0300,21,10
S3200688,P704,236,0300,16,10
S3200688,P704,248,0300,2142047,10
S3200688,P704,259,0300,106,10
S3200688,P804,223,0300,19,10
S3200688,P804,236,0300,15,10
S3200688,P804,248,0300,2492358,10
S3200688,P804,259,0300,109,10
S3200688,P904,223,0300,19,10
S3200688,P904,236,0300,15,10
S3200688,P904,248,0300,1478852,10
S3200688,P904,259,0300,114,10
S3200688,P001,922,0345,48,10
S3200688,P001,923,0345,58,10
S3200688,P001,936,0345,4,10
S3200688,P002,922,0345,51,10
S3200688,P002,923,0345,54,10
S3200688,P002,936,0345,5,10
S3200688,P003,922,0345,52,10
S3200688,P003,923,0345,57,10
S3200688,P003,936,0345,5,10
S3200688,P004,922,0345,45,10
S3200688,P004,923,0345,60,10
S3200688,P004,936,0345,5,10
S3200688,P504,923,0345,17,10
S3200688,P504,936,0345,15,10
S3200688,P604,923,0345,17,10
S3200688,P604,936,0345,16,10
S3200688,P704,923,0345,21,10
S3200688,P704,936,0345,16,10
S3200688,P804,923,0345,19,10
S3200688,P804,936,0345,15,10
S3200688,P904,923,0345,19,10
S3200688,P904,936,0345,15,10
S3200688,P001,911,0354,10,10
S3200688,P002,911,0354,11,10
S3200688,P003,911,0354,7,10
S3200688,P004,911,0354,10,10
S3200688,P001,911,0400,10,10
S3200688,P002,911,0400,11,10
S3200688,P003,911,0400,7,10
S3200688,P004,911,0400,10,10
S3200688,P001,911,0406,10,10
S3200688,P002,911,0406,11,10
S3200688,P003,911,0406,12,10
S3200688,P004,911,0406,10,10
S3200688,P001,922,0400,48,10
S3200688,P001,923,0400,58,10
S3200688,P001,936,0400,4,10
S3200688,P002,922,0400,49,10
S3200688,P002,923,0400,56,10
S3200688,P002,936,0400,5,10
S3200688,P003,922,0400,52,10
S3200688,P003,923,0400,57,10
S3200688,P003,936,0400,5,10
S3200688,P004,922,0400,43,10
S3200688,P004,923,0400,57,10
S3200688,P004,936,0400,5,10
S3200688,P504,923,0400,17,10
S3200688,P504,936,0400,15,10
S3200688,P604,923,0400,16,10
S3200688,P604,936,0400,15,10
S3200688,P704,923,0400,19,10
S3200688,P704,936,0400,15,10
S3200688,P804,923,0400,18,10
S3200688,P804,936,0400,15,10
S3200688,P904,923,0400,18,10
S3200688,P904,936,0400,15,10
S3200688,P001,911,0412,10,10
S3200688,P002,911,0412,11,10
S3200688,P003,911,0412,7,10
S3200688,P004,911,0412,9,10
S3200688,P001,911,0418,10,10
S3200688,P002,911,0418,11,10
S3200688,P003,911,0418,7,10
S3200688,P004,911,0418,9,10
S3200688,P001,922,0415,48,10
S3200688,P001,923,0415,58,10
S3200688,P001,936,0415,4,10
S3200688,P002,922,0415,48,10
S3200688,P002,923,0415,57,10
S3200688,P002,936,0415,5,10
S3200688,P003,922,0415,53,10
S3200688,P003,923,0415,57,10
S3200688,P003,936,0415,5,10
S3200688,P004,922,0415,44,10
S3200688,P004,923,0415,61,10
S3200688,P004,936,0415,5,10
S3200688,P504,923,0415,17,10
S3200688,P504,936,0415,15,10
S3200688,P604,923,0415,16,10
S3200688,P604,936,0415,15,10
S3200688,P704,923,0415,20,10
S3200688,P704,936,0415,16,10
S3200688,P804,923,0415,18,10
S3200688,P804,936,0415,15,10
S3200688,P904,923,0415,18,10
S3200688,P904,936,0415,15,10
S3200688,P001,911,0424,10,10
S3200688,P002,911,0424,11,10
S3200688,P003,911,0424,7,10
S3200688,P004,911,0424,11,10
S3200688,P001,911,0430,10,10
S3200688,P002,911,0430,11,10
S3200688,P003,911,0430,7,10
S3200688,P004,911,0430,9,10
S3200688,P001,911,0436,10,10
S3200688,P002,911,0436,11,10
S3200688,P003,911,0436,7,10
S3200688,P004,911,0436,9,10
S3200688,P001,922,0430,48,10
S3200688,P001,923,0430,58,10
S3200688,P001,936,0430,4,10
S3200688,P002,922,0430,48,10
S3200688,P002,923,0430,56,10
S3200688,P002,936,0430,5,10
S3200688,P003,922,0430,53,10
S3200688,P003,923,0430,58,10
S3200688,P003,936,0430,5,10
S3200688,P004,922,0430,42,10
S3200688,P004,923,0430,59,10
S3200688,P004,936,0430,5,10
S3200688,P504,923,0430,17,10
S3200688,P504,936,0430,15,10
S3200688,P604,923,0430,17,10
S3200688,P604,936,0430,16,10
S3200688,P704,923,0430,19,10
S3200688,P704,936,0430,16,10
S3200688,P804,923,0430,18,10
S3200688,P804,936,0430,15,10
S3200688,P904,923,0430,18,10
S3200688,P904,936,0430,15,10
S3200688,P001,911,0442,10,10
S3200688,P002,911,0442,11,10
S3200688,P003,911,0442,7,10
S3200688,P004,911,0442,9,10
S3200688,P001,911,0448,10,10
S3200688,P002,911,0448,11,10
S3200688,P003,911,0448,7,10
S3200688,P004,911,0448,10,10
S3200688,P001,222,0400,48,10
S3200688,P001,223,0400,58,10
S3200688,P001,236,0400,4,10
S3200688,P001,248,0400,1625475,10
S3200688,P001,259,0400,97,10
S3200688,P002,222,0400,48,10
S3200688,P002,223,0400,56,10
S3200688,P002,236,0400,5,10
S3200688,P002,248,0400,1489673,10
S3200688,P002,259,0400,90,10
S3200688,P003,222,0400,53,10
S3200688,P003,223,0400,57,10
S3200688,P003,236,0400,5,10
S3200688,P003,248,0400,2067661,10
S3200688,P003,259,0400,100,10
S3200688,P004,222,0400,43,10
S3200688,P004,223,0400,59,10
S3200688,P004,236,0400,5,10
S3200688,P004,248,0400,2030974,10
S3200688,P004,259,0400,97,10
S3200688,P504,223,0400,17,10
S3200688,P504,236,0400,15,10
S3200688,P504,248,0400,1835187,10
S3200688,P504,259,0400,102,10
S3200688,P604,223,0400,16,10
S3200688,P604,236,0400,15,10
S3200688,P604,248,0400,2067619,10
S3200688,P604,259,0400,107,10
S3200688,P704,223,0400,19,10
S3200688,P704,236,0400,16,10
S3200688,P704,248,0400,2152110,10
S3200688,P704,259,0400,106,10
S3200688,P804,223,0400,18,10
S3200688,P804,236,0400,15,10
S3200688,P804,248,0400,2414188,10
S3200688,P804,259,0400,108,10
S3200688,P904,223,0400,18,10
S3200688,P904,236,0400,15,10
S3200688,P904,248,0400,1438062,10
S3200688,P904,259,0400,114,10
S3200688,P001,922,0445,48,10
S3200688,P001,923,0445,57,10
S3200688,P001,936,0445,4,10
S3200688,P002,922,0445,49,10
S3200688,P002,923,0445,56,10
S3200688,P002,936,0445,5,10
S3200688,P003,922,0445,53,10
S3200688,P003,923,0445,57,10
S3200688,P003,936,0445,5,10
S3200688,P004,922,0445,43,10
S3200688,P004,923,0445,60,10
S3200688,P004,936,0445,5,10
S3200688,P504,923,0445,17,10
S3200688,P504,936,0445,15,10
S3200688,P604,923,0445,16,10
S3200688,P604,936,0445,15,10
S3200688,P704,923,0445,19,10
S3200688,P704,936,0445,15,10
S3200688,P804,923,0445,19,10
S3200688,P804,936,0445,15,10
S3200688,P904,923,0445,18,10
S3200688,P904,936,0445,15,10
S3200688,P001,911,0454,10,10
S3200688,P002,911,0454,11,10
S3200688,P003,911,0454,7,10
S3200688,P004,911,0454,9,10
S3200688,P001,911,0500,10,10
S3200688,P002,911,0500,11,10
S3200688,P003,911,0500,7,10
S3200688,P004,911,0500,10,10
S3200688,P001,911,0506,10,10
S3200688,P002,911,0506,11,10
S3200688,P003,911,0506,11,10
S3200688,P004,911,0506,9,10
S3200688,P001,922,0500,48,10
S3200688,P001,923,0500,57,10
S3200688,P001,936,0500,4,10
S3200688,P002,922,0500,48,10
S3200688,P002,923,0500,54,10
S3200688,P002,936,0500,5,10
S3200688,P003,922,0500,52,10
S3200688,P003,923,0500,57,10
S3200688,P003,936,0500,5,10
S3200688,P004,922,0500,44,10
S3200688,P004,923,0500,59,10
S3200688,P004,936,0500,5,10
S3200688,P504,923,0500,17,10
S3200688,P504,936,0500,15,10
S3200688,P604,923,0500,16,10
S3200688,P604,936,0500,15,10
S3200688,P704,923,0500,19,10
S3200688,P704,936,0500,15,10
S3200688,P804,923,0500,18,10
S3200688,P804,936,0500,15,10
S3200688,P904,923,0500,18,10
S3200688,P904,936,0500,15,10
S3200688,P001,911,0512,10,10
S3200688,P002,911,0512,11,10
S3200688,P003,911,0512,7,10
S3200688,P004,911,0512,9,10
S3200688,P001,911,0518,10,10
S3200688,P002,911,0518,11,10
S3200688,P003,911,0518,7,10
S3200688,P004,911,0518,9,10
S3200688,P001,922,0515,48,10
S3200688,P001,923,0515,58,10
S3200688,P001,936,0515,4,10
S3200688,P002,922,0515,48,10
S3200688,P002,923,0515,56,10
S3200688,P002,936,0515,5,10
S3200688,P003,922,0515,51,10
S3200688,P003,923,0515,58,10
S3200688,P003,936,0515,5,10
S3200688,P004,922,0515,44,10
S3200688,P004,923,0515,61,10
S3200688,P004,936,0515,5,10
S3200688,P504,923,0515,18,10
S3200688,P504,936,0515,15,10
S3200688,P604,923,0515,16,10
S3200688,P604,936,0515,15,10
S3200688,P704,923,0515,20,10
S3200688,P704,936,0515,15,10
S3200688,P804,923,0515,18,10
S3200688,P804,936,0515,15,10
S3200688,P904,923,0515,19,10
S3200688,P904,936,0515,15,10
S3200688,P001,911,0524,10,10
S3200688,P002,911,0524,11,10
S3200688,P003,911,0524,7,10
S3200688,P004,911,0524,12,10
S3200688,P001,911,0530,10,10
S3200688,P002,911,0530,11,10
S3200688,P003,911,0530,7,10
S3200688,P004,911,0530,9,10
S3200688,P001,911,0536,10,10
S3200688,P002,911,0536,11,10
S3200688,P003,911,0536,7,10
S3200688,P004,911,0536,9,10
S3200688,P001,922,0530,48,10
S3200688,P001,923,0530,57,10
S3200688,P001,936,0530,4,10
S3200688,P002,922,0530,48,10
S3200688,P002,923,0530,56,10
S3200688,P002,936,0530,5,10
S3200688,P003,922,0530,52,10
S3200688,P003,923,0530,57,10
S3200688,P003,936,0530,5,10
S3200688,P004,922,0530,44,10
S3200688,P004,923,0530,56,10
S3200688,P004,936,0530,5,10
S3200688,P504,923,0530,17,10
S3200688,P504,936,0530,15,10
S3200688,P604,923,0530,16,10
S3200688,P604,936,0530,15,10
S3200688,P704,923,0530,20,10
S3200688,P704,936,0530,15,10
S3200688,P804,923,0530,18,10
S3200688,P804,936,0530,15,10
S3200688,P904,923,0530,19,10
S3200688,P904,936,0530,15,10
S3200688,P001,911,0542,10,10
S3200688,P002,911,0542,11,10
S3200688,P003,911,0542,7,10
S3200688,P004,911,0542,9,10
S3200688,P001,911,0548,10,10
S3200688,P002,911,0548,11,10
S3200688,P003,911,0548,7,10
S3200688,P004,911,0548,9,10
S3200688,P001,222,0500,48,10
S3200688,P001,223,0500,57,10
S3200688,P001,236,0500,4,10
S3200688,P001,248,0500,1639157,10
S3200688,P001,259,0500,97,10
S3200688,P002,222,0500,48,10
S3200688,P002,223,0500,55,10
S3200688,P002,236,0500,5,10
S3200688,P002,248,0500,1483137,10
S3200688,P002,259,0500,90,10
S3200688,P003,222,0500,52,10
S3200688,P003,223,0500,57,10
S3200688,P003,236,0500,5,10
S3200688,P003,248,0500,2068536,10
S3200688,P003,259,0500,100,10
S3200688,P004,222,0500,45,10
S3200688,P004,223,0500,59,10
S3200688,P004,236,0500,5,10
S3200688,P004,248,0500,2004162,10
S3200688,P004,259,0500,98,10
S3200688,P504,223,0500,17,10
S3200688,P504,236,0500,15,10
S3200688,P504,248,0500,1908653,10
S3200688,P504,259,0500,103,10
S3200688,P604,223,0500,16,10
S3200688,P604,236,0500,15,10
S3200688,P604,248,0500,2317128,10
S3200688,P604,259,0500,109,10
S3200688,P704,223,0500,19,10
S3200688,P704,236,0500,15,10
S3200688,P704,248,0500,2304873,10
S3200688,P704,259,0500,107,10
S3200688,P804,223,0500,18,10
S3200688,P804,236,0500,15,10
S3200688,P804,248,0500,2624928,10
S3200688,P804,259,0500,110,10
S3200688,P904,223,0500,19,10
S3200688,P904,236,0500,15,10
S3200688,P904,248,0500,1240748,10
S3200688,P904,259,0500,116,10
S3200688,P001,922,0545,47,10
S3200688,P001,923,0545,56,10
S3200688,P001,936,0545,4,10
S3200688,P002,922,0545,47,10
S3200688,P002,923,0545,55,10
S3200688,P002,936,0545,6,10
S3200688,P003,922,0545,52,10
S3200688,P003,923,0545,56,10
S3200688,P003,936,0545,5,10
S3200688,P004,922,0545,48,10
S3200688,P004,923,0545,58,10
S3200688,P004,936,0545,5,10
S3200688,P504,923,0545,0,20
S3200688,P504,936,0545,0,20
S3200688,P604,923,0545,16,10
S3200688,P604,936,0545,15,10
S3200688,P704,923,0545,20,10
S3200688,P704,936,0545,15,10
S3200688,P804,923,0545,18,10
S3200688,P804,936,0545,15,10
S3200688,P904,923,0545,19,10
S3200688,P904,936,0545,15,10
S3200688,P001,911,0554,10,10
S3200688,P002,911,0554,11,10
S3200688,P003,911,0554,7,10
S3200688,P004,911,0554,9,10
S3200688,P001,911,0600,10,10
S3200688,P002,911,0600,11,10
S3200688,P003,911,0600,7,10
S3200688,P004,911,0600,9,10
S3200688,P001,911,0606,10,10
S3200688,P002,911,0606,11,10
S3200688,P003,911,0606,12,10
S3200688,P004,911,0606,9,10
S3200688,P001,922,0600,47,10
S3200688,P001,923,0600,56,10
S3200688,P001,936,0600,4,10
S3200688,P002,922,0600,48,10
S3200688,P002,923,0600,56,10
S3200688,P002,936,0600,6,10
S3200688,P003,922,0600,52,10
S3200688,P003,923,0600,55,10
S3200688,P003,936,0600,5,10
S3200688,P004,922,0600,49,10
S3200688,P004,923,0600,56,10
S3200688,P004,936,0600,5,10
S3200688,P504,923,0600,17,10
S3200688,P504,936,0600,15,10
S3200688,P604,923,0600,16,10
S3200688,P604,936,0600,15,10
S3200688,P704,923,0600,19,10
S3200688,P704,936,0600,15,10
S3200688,P804,923,0600,19,10
S3200688,P804,936,0600,15,10
S3200688,P904,923,0600,19,10
S3200688,P904,936,0600,15,10
S3200688,P001,911,0612,10,10
S3200688,P002,911,0612,11,10
S3200688,P003,911,0612,7,10
S3200688,P004,911,0612,9,10
S3200688,P001,911,0618,10,10
S3200688,P002,911,0618,11,10
S3200688,P003,911,0618,7,10
S3200688,P004,911,0618,9,10
S3200688,P001,922,0615,47,10
S3200688,P001,923,0615,56,10
S3200688,P001,936,0615,4,10
S3200688,P002,922,0615,48,10
S3200688,P002,923,0615,55,10
S3200688,P002,936,0615,6,10
S3200688,P003,922,0615,52,10
S3200688,P003,923,0615,59,10
S3200688,P003,936,0615,5,10
S3200688,P004,922,0615,47,10
S3200688,P004,923,0615,58,10
S3200688,P004,936,0615,5,10
S3200688,P504,923,0615,17,10
S3200688,P504,936,0615,15,10
S3200688,P604,923,0615,17,10
S3200688,P604,936,0615,15,10
S3200688,P704,923,0615,20,10
S3200688,P704,936,0615,16,10
S3200688,P804,923,0615,19,10
S3200688,P804,936,0615,15,10
S3200688,P904,923,0615,19,10
S3200688,P904,936,0615,15,10
S3200688,P001,911,0624,10,10
S3200688,P002,911,0624,11,10
S3200688,P003,911,0624,7,10
S3200688,P004,911,0624,12,10
S3200688,P001,911,0630,10,10
S3200688,P002,911,0630,11,10
S3200688,P003,911,0630,7,10
S3200688,P004,911,0630,9,10
S3200688,P001,911,0636,9,10
S3200688,P002,911,0636,11,10
S3200688,P003,911,0636,7,10
S3200688,P004,911,0636,9,10
S3200688,P001,922,0630,47,10
S3200688,P001,923,0630,57,10
S3200688,P001,936,0630,4,10
S3200688,P002,922,0630,48,10
S3200688,P002,923,0630,57,10
S3200688,P002,936,0630,6,10
S3200688,P003,922,0630,52,10
S3200688,P003,923,0630,56,10
S3200688,P003,936,0630,5,10
S3200688,P004,922,0630,49,10
S3200688,P004,923,0630,59,10
S3200688,P004,936,0630,5,10
S3200688,P504,923,0630,18,10
S3200688,P504,936,0630,15,10
S3200688,P604,923,0630,16,10
S3200688,P604,936,0630,15,10
S3200688,P704,923,0630,19,10
S3200688,P704,936,0630,16,10
S3200688,P804,923,0630,20,10
S3200688,P804,936,0630,15,10
S3200688,P904,923,0630,20,10
S3200688,P904,936,0630,15,10
S3200688,P001,911,0642,10,10
S3200688,P002,911,0642,11,10
S3200688,P003,911,0642,7,10
S3200688,P004,911,0642,9,10
S3200688,P001,911,0648,10,10
S3200688,P002,911,0648,0,20
S3200688,P003,911,0648,7,10
S3200688,P004,911,0648,9,10
S3200688,P001,222,0600,47,10
S3200688,P001,223,0600,57,10
S3200688,P001,236,0600,4,10
S3200688,P001,248,0600,1646090,10
S3200688,P001,259,0600,97,10
S3200688,P002,222,0600,48,10
S3200688,P002,223,0600,56,10
S3200688,P002,236,0600,6,10
S3200688,P002,248,0600,1479971,10
S3200688,P002,259,0600,90,10
S3200688,P003,222,0600,52,10
S3200688,P003,223,0600,58,10
S3200688,P003,236,0600,5,10
S3200688,P003,248,0600,2076186,10
S3200688,P003,259,0600,100,10
S3200688,P004,222,0600,48,10
S3200688,P004,223,0600,58,10
S3200688,P004,236,0600,5,10
S3200688,P004,248,0600,2003641,10
S3200688,P004,259,0600,99,10
S3200688,P504,223,0600,17,10
S3200688,P504,236,0600,15,10
S3200688,P504,248,0600,1865445,10
S3200688,P504,259,0600,103,10
S3200688,P604,223,0600,16,10
S3200688,P604,236,0600,15,10
S3200688,P604,248,0600,2337671,10
S3200688,P604,259,0600,109,10
S3200688,P704,223,0600,20,10
S3200688,P704,236,0600,16,10
S3200688,P704,248,0600,2141159,10
S3200688,P704,259,0600,106,10
S3200688,P804,223,0600,19,10
S3200688,P804,236,0600,15,10
S3200688,P804,248,0600,2423679,10
S3200688,P804,259,0600,108,10
S3200688,P904,223,0600,20,10
S3200688,P904,236,0600,15,10
S3200688,P904,248,0600,1151995,10
S3200688,P904,259,0600,119,10
S3200688,P001,922,0645,48,10
S3200688,P001,923,0645,57,10
S3200688,P001,936,0645,4,10
S3200688,P002,922,0645,0,20
S3200688,P002,923,0645,0,20
S3200688,P002,936,0645,6,10
S3200688,P003,922,0645,51,10
S3200688,P003,923,0645,61,10
S3200688,P003,936,0645,5,10
S3200688,P004,922,0645,49,10
S3200688,P004,923,0645,58,10
S3200688,P004,936,0645,5,10
S3200688,P504,923,0645,17,10
S3200688,P504,936,0645,15,10
S3200688,P604,923,0645,16,10
S3200688,P604,936,0645,15,10
S3200688,P704,923,0645,22,10
S3200688,P704,936,0645,16,10
S3200688,P804,923,0645,0,20
S3200688,P804,936,0645,0,20
S3200688,P904,923,0645,20,10
S3200688,P904,936,0645,15,10
S3200688,P001,911,0654,10,10
S3200688,P002,911,0654,11,10
S3200688,P003,911,0654,7,10
S3200688,P004,911,0654,9,10
S3200688,P001,911,0700,10,10
S3200688,P002,911,0700,11,10
S3200688,P003,911,0700,7,10
S3200688,P004,911,0700,0,20
S3200688,P001,911,0706,10,10
S3200688,P002,911,0706,11,10
S3200688,P003,911,0706,12,10
S3200688,P004,911,0706,8,10
S3200688,P001,922,0700,49,10
S3200688,P001,923,0700,59,10
S3200688,P001,936,0700,5,10
S3200688,P002,922,0700,53,10
S3200688,P002,923,0700,56,10
S3200688,P002,936,0700,5,10
S3200688,P003,922,0700,53,10
S3200688,P003,923,0700,60,10
S3200688,P003,936,0700,5,10
S3200688,P004,922,0700,0,20
S3200688,P004,923,0700,0,20
S3200688,P004,936,0700,5,10
S3200688,P504,923,0700,17,10
S3200688,P504,936,0700,15,10
S3200688,P604,923,0700,16,10
S3200688,P604,936,0700,15,10
S3200688,P704,923,0700,21,10
S3200688,P704,936,0700,16,10
S3200688,P804,923,0700,0,20
S3200688,P804,936,0700,15,10
S3200688,P904,923,0700,19,10
S3200688,P904,936,0700,15,10
S3200688,P001,911,0712,10,10
S3200688,P002,911,0712,11,10
S3200688,P003,911,0712,0,20
S3200688,P004,911,0712,8,10
S3200688,P001,911,0718,10,10
S3200688,P002,911,0718,11,10
S3200688,P003,911,0718,7,10
S3200688,P004,911,0718,8,10
S3200688,P001,922,0715,49,10
S3200688,P001,923,0715,59,10
S3200688,P001,936,0715,5,10
S3200688,P002,922,0715,49,10
S3200688,P002,923,0715,55,10
S3200688,P002,936,0715,5,10
S3200688,P003,922,0715,0,20
S3200688,P003,923,0715,0,20
S3200688,P003,936,0715,5,10
S3200688,P004,922,0715,51,10
S3200688,P004,923,0715,60,10
S3200688,P004,936,0715,5,10
S3200688,P504,923,0715,18,10
S3200688,P504,936,0715,15,10
S3200688,P604,923,0715,17,10
S3200688,P604,936,0715,15,10
S3200688,P704,923,0715,21,10
S3200688,P704,936,0715,16,10
S3200688,P804,923,0715,20,10
S3200688,P804,936,0715,15,10
S3200688,P904,923,0715,22,10
S3200688,P904,936,0715,15,10
S3200688,P001,911,0724,0,20
S3200688,P002,911,0724,11,10
S3200688,P003,911,0724,7,10
S3200688,P004,911,0724,12,10
S3200688,P001,911,0730,9,10
S3200688,P002,911,0730,11,10
S3200688,P003,911,0730,7,10
S3200688,P004,911,0730,9,10
S3200688,P001,911,0736,10,10
S3200688,P002,911,0736,11,10
S3200688,P003,911,0736,7,10
S3200688,P004,911,0736,11,10
S3200688,P001,922,0730,49,10
S3200688,P001,923,0730,58,10
S3200688,P001,936,0730,4,10
S3200688,P002,922,0730,48,10
S3200688,P002,923,0730,55,10
S3200688,P002,936,0730,6,10
S3200688,P003,922,0730,53,10
S3200688,P003,923,0730,64,10
S3200688,P003,936,0730,5,10
S3200688,P004,922,0730,52,10
S3200688,P004,923,0730,57,10
S3200688,P004,936,0730,5,10
S3200688,P504,923,0730,20,10
S3200688,P504,936,0730,15,10
S3200688,P604,923,0730,17,10
S3200688,P604,936,0730,15,10
S3200688,P704,923,0730,21,10
S3200688,P704,936,0730,16,10
S3200688,P804,923,0730,20,10
S3200688,P804,936,0730,15,10
S3200688,P904,923,0730,21,10
S3200688,P904,936,0730,15,10
S3200688,P001,911,0742,10,10
S3200688,P002,911,0742,11,10
S3200688,P003,911,0742,7,10
S3200688,P004,911,0742,11,10
S3200688,P001,911,0748,10,10
S3200688,P002,911,0748,11,10
S3200688,P003,911,0748,7,10
S3200688,P004,911,0748,11,10
S3200688,P001,222,0700,49,10
S3200688,P001,223,0700,59,10
S3200688,P001,236,0700,4,10
S3200688,P001,248,0700,1609864,10
S3200688,P001,259,0700,97,10
S3200688,P002,222,0700,49,10
S3200688,P002,223,0700,56,10
S3200688,P002,236,0700,6,10
S3200688,P002,248,0700,1483136,10
S3200688,P002,259,0700,90,10
S3200688,P003,222,0700,54,10
S3200688,P003,223,0700,61,10
S3200688,P003,236,0700,5,10
S3200688,P003,248,0700,2059241,10
S3200688,P003,259,0700,99,10
S3200688,P004,222,0700,52,10
S3200688,P004,223,0700,58,10
S3200688,P004,236,0700,5,10
S3200688,P004,248,0700,2013300,10
S3200688,P004,259,0700,99,10
S3200688,P504,223,0700,18,10
S3200688,P504,236,0700,15,10
S3200688,P504,248,0700,1822819,10
S3200688,P504,259,0700,103,10
S3200688,P604,223,0700,17,10
S3200688,P604,236,0700,15,10
S3200688,P604,248,0700,2279133,10
S3200688,P604,259,0700,109,10
S3200688,P704,223,0700,21,10
S3200688,P704,236,0700,16,10
S3200688,P704,248,0700,2065477,10
S3200688,P704,259,0700,106,10
S3200688,P804,223,0700,20,10
S3200688,P804,236,0700,15,10
S3200688,P804,248,0700,2377787,10
S3200688,P804,259,0700,108,10
S3200688,P904,223,0700,21,10
S3200688,P904,236,0700,15,10
S3200688,P904,248,0700,1123143,10
S3200688,P904,259,0700,121,10
S3200688,P001,922,0745,49,10
S3200688,P001,923,0745,59,10
S3200688,P001,936,0745,4,10
S3200688,P002,922,0745,49,10
S3200688,P002,923,0745,56,10
S3200688,P002,936,0745,6,10
S3200688,P003,922,0745,55,10
S3200688,P003,923,0745,60,10
S3200688,P003,936,0745,5,10
S3200688,P004,922,0745,53,10
S3200688,P004,923,0745,56,10
S3200688,P004,936,0745,5,10
S3200688,P504,923,0745,17,10
S3200688,P504,936,0745,15,10
S3200688,P604,923,0745,17,10
S3200688,P604,936,0745,15,10
S3200688,P704,923,0745,21,10
S3200688,P704,936,0745,16,10
S3200688,P804,923,0745,20,10
S3200688,P804,936,0745,15,10
S3200688,P904,923,0745,20,10
S3200688,P904,936,0745,15,10
S3200688,P001,911,0754,10,10
S3200688,P002,911,0754,11,10
S3200688,P003,911,0754,7,10
S3200688,P004,911,0754,11,10
S3200688,P001,911,0800,10,10
S3200688,P002,911,0800,11,10
S3200688,P003,911,0800,7,10
S3200688,P004,911,0800,11,10
E5400878,P001,923,0800,21,10
E5400878,P001,936,0800,15,10
E5400878,P002,923,0800,19,10
E5400878,P002,936,0800,14,10
E5400878,P003,923,0800,17,10
E5400878,P003,936,0800,15,10
E5400878,P010,923,0800,18,10
E5400878,P010,936,0800,13,10
S2300438,P001,922,0815,0,10
S2300438,P001,923,0815,33,10
S2300438,P001,936,0815,6,10
S2300438,P001,911,0824,5,10
S1900569,P002,911,0000,0,00
S1900569,P012,911,0000,14,10
S1900569,P002,911,0006,0,00
S1900569,P012,911,0006,14,10
S1900569,P002,922,0000,0,00
S1900569,P012,922,0000,19,10
S1900569,P002,923,0000,0,00
S1900569,P012,923,0000,94,10
S1900569,P002,936,0000,0,00
S1900569,P012,936,0000,2,10
E5002890,P001,911,0806,5,10
E5002890,P002,911,0806,5,10
E5002890,P003,911,0806,0,00
E5002890,P001,922,0800,0,10
E5002890,P002,922,0800,0,10
E5002890,P003,922,0800,0,00
E5002890,P001,923,0800,120,10
E5002890,P002,923,0800,90,10
E5002890,P003,923,0800,0,00
E5002890,P001,924,0800,3,10
E5002890,P002,924,0800,3,10
E5002890,P003,924,0800,0,00
E5002890,P001,926,0800,15,10
E5002890,P002,926,0800,8,10
E5002890,P003,926,0800,0,00
E5002890,P001,936,0800,10,10
E5002890,P002,936,0800,12,10
E5002890,P003,936,0800,0,00
S2300429,P701,922,0815,0,00
S2300429,P701,923,0815,0,00
S2300429,P701,936,0815,0,00
S2300429,PF01,922,0815,29,10
S2300429,PF01,923,0815,26,10
S2300429,PF01,936,0815,6,10
E5600850,PC01,923,0815,0,00
E5600850,PC01,924,0815,0,00
E5600850,PC01,936,0815,0,00
E5600850,PC01,926,0815,0,00
S1901066,P004,922,0815,225,10
S1901066,P004,923,0815,178,10
S1901066,P004,924,0815,1,10
S1901066,P004,936,0815,4,10
S1901066,P004,937,0815,11,10
E5002890,P001,911,0812,5,10
E5002890,P002,911,0812,5,10
E5002890,P003,911,0812,0,00
E5002890,P001,911,0818,5,10
E5002890,P002,911,0818,6,10
E5002890,P003,911,0818,0,00
S2300429,P701,911,0824,0,00
S2300429,PF01,911,0824,8,10
E5600332,P001,911,0824,4,10
E5600332,P002,911,0824,4,10
E5600332,P003,911,0824,4,10
E5600850,PC01,911,0824,0,00
S1901066,P004,911,0824,6,10
E5600789,P001,911,0824,0,00
E5601197,P002,911,0824,3,10
E5601197,P003,911,0824,3,10
E5600056,P004,911,0830,0,00
E5600056,P006,911,0830,3,10
E5600056,P007,911,0830,0,00
E5600056,P008,911,0830,6,10
E5600056,P009,911,0830,2,10
E5600056,P016,911,0830,5,10
E5600056,P017,911,0830,2,10
E5600056,P018,911,0830,3,10
E5600056,P021,911,0830,3,10
E5600056,P022,911,0830,3,10
E5600056,P023,911,0830,1,10
E5600056,P024,911,0830,3,10
E5600056,P004,922,0830,0,00
E5600056,P004,923,0830,0,00
E5600056,P004,924,0830,0,00
E5600056,P004,936,0830,0,00
E5600056,P006,922,0830,19,10
E5600056,P006,923,0830,39,10
E5600056,P006,924,0830,0,10
E5600056,P006,936,0830,3,10
E5600056,P007,922,0830,0,00
E5600056,P007,923,0830,0,00
E5600056,P007,924,0830,0,00
E5600056,P007,936,0830,0,00
E5600056,P008,922,0830,51,10
E5600056,P008,923,0830,65,10
E5600056,P008,924,0830,16,10
E5600056,P008,936,0830,5,10
E5600056,P016,922,0830,74,10
E5600056,P016,923,0830,71,10
E5600056,P016,936,0830,1,10
E5600056,P017,922,0830,2,10
E5600056,P017,923,0830,19,10
E5600056,P017,924,0830,0,10
E5600056,P017,936,0830,3,10
E5600056,P018,922,0830,0,20
E5600056,P018,923,0830,0,20
E5600056,P018,936,0830,0,20
E5600056,P021,922,0830,0,20
E5600056,P021,923,0830,0,20
E5600056,P021,936,0830,0,20
E5600056,P024,922,0830,4,10
E5600056,P024,923,0830,31,10
E5600056,P024,924,0830,2,10
E5600056,P024,936,0830,6,10
E5600056,P034,923,0830,53,10
E5600056,P034,936,0830,1,10
E5002890,P001,911,0824,5,10
E5002890,P002,911,0824,6,10
E5002890,P003,911,0824,0,00
E5002890,P001,922,0815,0,10
E5002890,P002,922,0815,0,10
E5002890,P003,922,0815,0,00
E5002890,P001,923,0815,96,10
E5002890,P002,923,0815,104,10
E5002890,P003,923,0815,0,00
E5002890,P001,924,0815,3,10
E5002890,P002,924,0815,2,10
E5002890,P003,924,0815,0,00
E5002890,P001,926,0815,16,10
E5002890,P002,926,0815,8,10
E5002890,P003,926,0815,0,00
E5002890,P001,936,0815,11,10
E5002890,P002,936,0815,11,10
E5002890,P003,936,0815,0,00
E5600869,P001,911,0824,4,10
E5600869,P001,922,0815,137,10
E5600869,P001,923,0815,128,10
E5600869,P001,936,0815,7,10
S2100223,P015,911,0830,0,10
S1900569,P002,911,0012,0,00
S1900569,P012,911,0012,13,10
S1900569,P002,911,0018,0,00
S1900569,P012,911,0018,14,10
S1900569,P002,911,0024,0,00
S1900569,P012,911,0024,14,10
S1900569,P002,922,0015,0,00
S1900569,P012,922,0015,17,10
S1900569,P002,923,0015,0,00
S1900569,P012,923,0015,101,10
S1900569,P002,936,0015,0,00
S1900569,P012,936,0015,3,10
S1900569,P002,911,0030,0,00
S1900569,P012,911,0030,14,10
S1900569,P002,911,0036,0,00
S1900569,P012,911,0036,14,10
S1900569,P002,922,0030,0,00
S1900569,P012,922,0030,17,10
S1900569,P002,923,0030,0,00
S1900569,P012,923,0030,97,10
S1900569,P002,936,0030,0,00
S1900569,P012,936,0030,2,10
S1900569,P002,911,0042,0,00
S1900569,P012,911,0042,13,10
S1900569,P002,911,0048,0,00
S1900569,P012,911,0048,13,10
S1900569,P002,911,0054,0,00
S1900569,P012,911,0054,13,10
S1900569,P002,922,0045,0,00
S1900569,P012,922,0045,16,10
S1900569,P002,923,0045,0,00
S1900569,P012,923,0045,96,10
S1900569,P002,936,0045,0,00
S1900569,P012,936,0045,2,10
S1900569,P002,222,0000,0,00
S1900569,P012,222,0000,17,10
S1900569,P002,223,0000,0,00
S1900569,P012,223,0000,97,10
S1900569,P002,236,0000,0,00
S1900569,P012,236,0000,2,10
S1900569,P002,248,0000,0,00
S1900569,P012,248,0000,127842,10
S1900569,P002,259,0000,0,00
S1900569,P012,259,0000,78,10
S1900569,P002,911,0100,0,00
S1900569,P012,911,0100,13,10
S1900569,P002,911,0106,0,00
S1900569,P012,911,0106,13,10
S1900569,P002,922,0100,0,00
S1900569,P012,922,0100,17,10
S1900569,P002,923,0100,0,00
S1900569,P012,923,0100,98,10
S1900569,P002,936,0100,0,00
S1900569,P012,936,0100,3,10
S1900569,P002,911,0112,0,00
S1900569,P012,911,0112,12,10
S1900569,P002,911,0118,0,00
S1900569,P012,911,0118,12,10
S1900569,P002,911,0124,0,00
S1900569,P012,911,0124,12,10
S1900569,P002,922,0115,0,00
S1900569,P012,922,0115,17,10
S1900569,P002,923,0115,0,00
S1900569,P012,923,0115,105,10
S1900569,P002,936,0115,0,00
S1900569,P012,936,0115,3,10
S1900569,P002,911,0130,0,00
S1900569,P012,911,0130,13,10
S1900569,P002,911,0136,0,00
S1900569,P012,911,0136,13,10
S1900569,P002,922,0130,0,00
S1900569,P012,922,0130,18,10
S1900569,P002,923,0130,0,00
S1900569,P012,923,0130,102,10
S1900569,P002,936,0130,0,00
S1900569,P012,936,0130,2,10
S1900569,P002,911,0142,0,00
S1900569,P012,911,0142,13,10
S1900569,P002,911,0148,0,00
S1900569,P012,911,0148,14,10
S1900569,P002,911,0154,0,00
S1900569,P012,911,0154,14,10
S1900569,P002,922,0145,0,00
S1900569,P012,922,0145,18,10
S1900569,P002,923,0145,0,00
S1900569,P012,923,0145,100,10
S1900569,P002,936,0145,0,00
S1900569,P012,936,0145,2,10
S1900569,P002,222,0100,0,00
S1900569,P012,222,0100,18,10
S1900569,P002,223,0100,0,00
S1900569,P012,223,0100,101,10
S1900569,P002,236,0100,0,00
S1900569,P012,236,0100,3,10
S1900569,P002,248,0100,0,00
S1900569,P012,248,0100,126865,10
S1900569,P002,259,0100,0,00
S1900569,P012,259,0100,78,10
S1900569,P002,911,0200,0,00
S1900569,P012,911,0200,13,10
S1900569,P002,911,0206,0,00
S1900569,P012,911,0206,13,10
S1900569,P002,922,0200,0,00
S1900569,P012,922,0200,16,10
S1900569,P002,923,0200,0,00
S1900569,P012,923,0200,99,10
S1900569,P002,936,0200,0,00
S1900569,P012,936,0200,3,10
S1900569,P002,911,0212,0,00
S1900569,P012,911,0212,13,10
S1900569,P002,911,0218,0,00
S1900569,P012,911,0218,13,10
S1900569,P002,911,0224,0,00
S1900569,P012,911,0224,12,10
S1900569,P002,922,0215,0,00
S1900569,P012,922,0215,13,10
S1900569,P002,923,0215,0,00
S1900569,P012,923,0215,102,10
S1900569,P002,936,0215,0,00
S1900569,P012,936,0215,3,10
S1900569,P002,911,0230,0,00
S1900569,P012,911,0230,12,10
S1900569,P002,911,0236,0,00
S1900569,P012,911,0236,12,10
S1900569,P002,922,0230,0,00
S1900569,P012,922,0230,15,10
S1900569,P002,923,0230,0,00
S1900569,P012,923,0230,113,10
S1900569,P002,936,0230,0,00
S1900569,P012,936,0230,3,10
S1900569,P002,911,0242,0,00
S1900569,P012,911,0242,12,10
S1900569,P002,911,0248,0,00
S1900569,P012,911,0248,13,10
S1900569,P002,911,0254,0,00
S1900569,P012,911,0254,13,10
S1900569,P002,922,0245,0,00
S1900569,P012,922,0245,17,10
S1900569,P002,923,0245,0,00
S1900569,P012,923,0245,112,10
S1900569,P002,936,0245,0,00
S1900569,P012,936,0245,3,10
S1900569,P002,222,0200,0,00
S1900569,P012,222,0200,15,10
S1900569,P002,223,0200,0,00
S1900569,P012,223,0200,106,10
S1900569,P002,236,0200,0,00
S1900569,P012,236,0200,3,10
S1900569,P002,248,0200,0,00
S1900569,P012,248,0200,126470,10
S1900569,P002,259,0200,0,00
S1900569,P012,259,0200,78,10
S1900569,P002,911,0300,0,00
S1900569,P012,911,0300,13,10
S1900569,P002,911,0306,0,00
S1900569,P012,911,0306,13,10
S1900569,P002,922,0300,0,00
S1900569,P012,922,0300,16,10
S1900569,P002,923,0300,0,00
S1900569,P012,923,0300,105,10
S1900569,P002,936,0300,0,00
S1900569,P012,936,0300,3,10
S1900569,P002,911,0312,0,00
S1900569,P012,911,0312,13,10
S1900569,P002,911,0318,0,00
S1900569,P012,911,0318,12,10
S1900569,P002,911,0324,0,00
S1900569,P012,911,0324,13,10
S1900569,P002,922,0315,0,00
S1900569,P012,922,0315,13,10
S1900569,P002,923,0315,0,00
S1900569,P012,923,0315,110,10
S1900569,P002,936,0315,0,00
S1900569,P012,936,0315,3,10
S1900569,P002,911,0330,0,00
S1900569,P012,911,0330,12,10
S1900569,P002,911,0336,0,00
S1900569,P012,911,0336,12,10
S1900569,P002,922,0330,0,00
S1900569,P012,922,0330,14,10
S1900569,P002,923,0330,0,00
S1900569,P012,923,0330,108,10
S1900569,P002,936,0330,0,00
S1900569,P012,936,0330,3,10
S1900569,P002,911,0342,0,00
S1900569,P012,911,0342,12,10
S1900569,P002,911,0348,0,00
S1900569,P012,911,0348,12,10
S1900569,P002,911,0354,0,00
S1900569,P012,911,0354,12,10
S1900569,P002,922,0345,0,00
S1900569,P012,922,0345,16,10
S1900569,P002,923,0345,0,00
S1900569,P012,923,0345,112,10
S1900569,P002,936,0345,0,00
S1900569,P012,936,0345,3,10
S1900569,P002,222,0300,0,00
S1900569,P012,222,0300,15,10
S1900569,P002,223,0300,0,00
S1900569,P012,223,0300,109,10
S1900569,P002,236,0300,0,00
S1900569,P012,236,0300,3,10
S1900569,P002,248,0300,0,00
S1900569,P012,248,0300,126098,10
S1900569,P002,259,0300,0,00
S1900569,P012,259,0300,78,10
S1900569,P002,911,0400,0,00
S1900569,P012,911,0400,12,10
S1900569,P002,911,0406,0,00
S1900569,P012,911,0406,13,10
S1900569,P002,922,0400,0,00
S1900569,P012,922,0400,17,10
S1900569,P002,923,0400,0,00
S1900569,P012,923,0400,107,10
S1900569,P002,936,0400,0,00
S1900569,P012,936,0400,3,10
S1900569,P002,911,0412,0,00
S1900569,P012,911,0412,13,10
S1900569,P002,911,0418,0,00
S1900569,P012,911,0418,13,10
S1900569,P002,911,0424,0,00
S1900569,P012,911,0424,13,10
S1900569,P002,922,0415,0,00
S1900569,P012,922,0415,18,10
S1900569,P002,923,0415,0,00
S1900569,P012,923,0415,101,10
S1900569,P002,936,0415,0,00
S1900569,P012,936,0415,3,10
S1900569,P002,911,0430,0,00
S1900569,P012,911,0430,13,10
S1900569,P002,911,0436,0,00
S1900569,P012,911,0436,13,10
S1900569,P002,922,0430,0,00
S1900569,P012,922,0430,18,10
S1900569,P002,923,0430,0,00
S1900569,P012,923,0430,100,10
S1900569,P002,936,0430,0,00
S1900569,P012,936,0430,3,10
S1900569,P002,911,0442,0,00
S1900569,P012,911,0442,13,10
S1900569,P002,911,0448,0,00
S1900569,P012,911,0448,13,10
S1900569,P002,911,0454,0,00
S1900569,P012,911,0454,13,10
S1900569,P002,922,0445,0,00
S1900569,P012,922,0445,18,10
S1900569,P002,923,0445,0,00
S1900569,P012,923,0445,95,10
S1900569,P002,936,0445,0,00
S1900569,P012,936,0445,3,10
S1900569,P002,222,0400,0,00
S1900569,P012,222,0400,18,10
S1900569,P002,223,0400,0,00
S1900569,P012,223,0400,101,10
S1900569,P002,236,0400,0,00
S1900569,P012,236,0400,3,10
S1900569,P002,248,0400,0,00
S1900569,P012,248,0400,125980,10
S1900569,P002,259,0400,0,00
S1900569,P012,259,0400,77,10
S1900569,P002,911,0500,0,00
S1900569,P012,911,0500,13,10
S1900569,P002,911,0506,0,00
S1900569,P012,911,0506,13,10
S1900569,P002,922,0500,0,00
S1900569,P012,922,0500,18,10
S1900569,P002,923,0500,0,00
S1900569,P012,923,0500,89,10
S1900569,P002,936,0500,0,00
S1900569,P012,936,0500,3,10
S1900569,P002,911,0512,0,00
S1900569,P012,911,0512,13,10
S1900569,P002,911,0518,0,00
S1900569,P012,911,0518,13,10
S1900569,P002,911,0524,0,00
S1900569,P012,911,0524,12,10
S1900569,P002,922,0515,0,00
S1900569,P012,922,0515,20,10
S1900569,P002,923,0515,0,00
S1900569,P012,923,0515,99,10
S1900569,P002,936,0515,0,00
S1900569,P012,936,0515,3,10
S1900569,P002,911,0530,0,00
S1900569,P012,911,0530,13,10
S1900569,P002,911,0536,0,00
S1900569,P012,911,0536,13,10
S1900569,P002,922,0530,0,00
S1900569,P012,922,0530,18,10
S1900569,P002,923,0530,0,00
S1900569,P012,923,0530,101,10
S1900569,P002,936,0530,0,00
S1900569,P012,936,0530,3,10
S1900569,P002,911,0542,0,00
S1900569,P012,911,0542,14,10
S1900569,P002,911,0548,0,00
S1900569,P012,911,0548,13,10
S1900569,P002,911,0554,0,00
S1900569,P012,911,0554,13,10
S1900569,P002,922,0545,0,00
S1900569,P012,922,0545,17,10
S1900569,P002,923,0545,0,00
S1900569,P012,923,0545,90,10
S1900569,P002,936,0545,0,00
S1900569,P012,936,0545,3,10
S1900569,P002,222,0500,0,00
S1900569,P012,222,0500,18,10
S1900569,P002,223,0500,0,00
S1900569,P012,223,0500,95,10
S1900569,P002,236,0500,0,00
S1900569,P012,236,0500,3,10
S1900569,P002,248,0500,0,00
S1900569,P012,248,0500,126829,10
S1900569,P002,259,0500,0,00
S1900569,P012,259,0500,78,10
S1900569,P002,911,0600,0,00
S1900569,P012,911,0600,13,10
S1900569,P002,911,0606,0,00
S1900569,P012,911,0606,13,10
S1900569,P002,922,0600,0,00
S1900569,P012,922,0600,14,10
S1900569,P002,923,0600,0,00
S1900569,P012,923,0600,94,10
S1900569,P002,936,0600,0,00
S1900569,P012,936,0600,3,10
S1900569,P002,911,0612,0,00
S1900569,P012,911,0612,13,10
S1900569,P002,911,0618,0,00
S1900569,P012,911,0618,13,10
S1900569,P002,911,0624,0,00
S1900569,P012,911,0624,13,10
S1900569,P002,922,0615,0,00
S1900569,P012,922,0615,13,10
S1900569,P002,923,0615,0,00
S1900569,P012,923,0615,97,10
S1900569,P002,936,0615,0,00
S1900569,P012,936,0615,3,10
S1900569,P002,911,0630,0,00
S1900569,P012,911,0630,13,10
S1900569,P002,911,0636,0,00
S1900569,P012,911,0636,13,10
S1900569,P002,922,0630,0,00
S1900569,P012,922,0630,13,10
S1900569,P002,923,0630,0,00
S1900569,P012,923,0630,94,10
S1900569,P002,936,0630,0,00
S1900569,P012,936,0630,3,10
S1900569,P002,911,0642,0,00
S1900569,P012,911,0642,13,10
S1900569,P002,911,0648,0,00
S1900569,P012,911,0648,13,10
S1900569,P002,911,0654,0,00
S1900569,P012,911,0654,13,10
S1900569,P002,922,0645,0,00
S1900569,P012,922,0645,14,10
S1900569,P002,923,0645,0,00
S1900569,P012,923,0645,93,10
S1900569,P002,936,0645,0,00
S1900569,P012,936,0645,3,10
S1900569,P002,222,0600,0,00
S1900569,P012,222,0600,13,10
S1900569,P002,223,0600,0,00
S1900569,P012,223,0600,95,10
S1900569,P002,236,0600,0,00
S1900569,P012,236,0600,3,10
S1900569,P002,248,0600,0,00
S1900569,P012,248,0600,126272,10
S1900569,P002,259,0600,0,00
S1900569,P012,259,0600,78,10
S1900569,P002,911,0700,0,00
S1900569,P012,911,0700,12,10
S1900569,P002,911,0706,0,00
S1900569,P012,911,0706,12,10
S1900569,P002,922,0700,0,00
S1900569,P012,922,0700,15,10
S1900569,P002,923,0700,0,00
S1900569,P012,923,0700,104,10
S1900569,P002,936,0700,0,00
S1900569,P012,936,0700,3,10
S1900569,P002,911,0712,0,00
S1900569,P012,911,0712,13,10
S1900569,P002,911,0718,0,00
S1900569,P012,911,0718,13,10
S1900569,P002,911,0724,0,00
S1900569,P012,911,0724,14,10
S1900569,P002,922,0715,0,00
S1900569,P012,922,0715,15,10
S1900569,P002,923,0715,0,00
S1900569,P012,923,0715,99,10
S1900569,P002,936,0715,0,00
S1900569,P012,936,0715,3,10
S1900569,P002,911,0730,0,00
S1900569,P012,911,0730,14,10
S1900569,P002,911,0736,0,00
S1900569,P012,911,0736,14,10
S1900569,P002,922,0730,0,00
S1900569,P012,922,0730,16,10
S1900569,P002,923,0730,0,00
S1900569,P012,923,0730,84,10
S1900569,P002,936,0730,0,00
S1900569,P012,936,0730,2,10
S1900569,P002,911,0742,0,00
S1900569,P012,911,0742,18,10
S1900569,P002,911,0748,0,00
S1900569,P012,911,0748,19,10
S1900569,P002,911,0754,0,00
S1900569,P012,911,0754,19,10
S1900569,P002,922,0745,0,00
S1900569,P012,922,0745,20,10
S1900569,P002,923,0745,0,00
S1900569,P012,923,0745,125,10
S1900569,P002,936,0745,0,00
S1900569,P012,936,0745,3,10
S1900569,P002,222,0700,0,00
S1900569,P012,222,0700,16,10
S1900569,P002,223,0700,0,00
S1900569,P012,223,0700,103,10
S1900569,P002,236,0700,0,00
S1900569,P012,236,0700,3,10
S1900569,P002,248,0700,0,00
S1900569,P012,248,0700,125603,10
S1900569,P002,259,0700,0,00
S1900569,P012,259,0700,78,10
S1900569,P002,911,0800,0,00
S1900569,P012,911,0800,21,11
S1900569,P002,911,0806,0,00
S1900569,P012,911,0806,22,11
S2201109,P711,923,0815,19,10
S2201109,P711,936,0815,6,10
S2201109,P711,922,0815,7,10
S2201109,P731,923,0815,51,10
S2201109,P731,936,0815,7,10
S2201109,P731,922,0815,13,10
S2201109,P741,923,0815,50,10
S2201109,P741,936,0815,5,10
S2201109,P741,922,0815,24,10
S2201109,P751,923,0815,52,10
S2201109,P751,936,0815,6,10
S2201109,P751,922,0815,16,10
S2300401,P011,923,0815,64,10
S2300401,P011,936,0815,6,10
S2300401,P011,922,0815,36,10
S1900569,P002,922,0800,0,00
S1900569,P012,922,0800,16,10
S1900569,P002,923,0800,0,00
S1900569,P012,923,0800,119,10
S1900569,P002,936,0800,0,00
S1900569,P012,936,0800,3,10
E5400878,P010,911,0812,2,10
S1900569,P002,911,0812,0,00
S1900569,P012,911,0812,21,11
S2201109,P711,911,0824,15,10
S2201109,P731,911,0824,18,10
S2201109,P741,911,0824,15,10
S2201109,P751,911,0824,15,10
S2300401,P011,911,0824,9,10
S1900569,P002,911,0818,0,00
S1900569,P012,911,0818,22,11
S1900710,P015,911,0830,0,00
S1900710,P050,911,0830,7,10
S1900710,P056,911,0830,6,10
S1900710,P060,911,0830,2,10
S1900710,P070,911,0830,6,10
S1900710,P015,923,0830,0,00
S1900710,P015,936,0830,0,00
S1900710,P015,922,0830,0,00
S1900710,P050,923,0830,111,10
S1900710,P050,936,0830,5,10
S1900710,P050,922,0830,69,10
S1900710,P056,923,0830,39,10
S1900710,P056,936,0830,4,10
S1900710,P056,922,0830,24,10
S1900710,P060,923,0830,23,10
S1900710,P060,936,0830,5,10
S1900710,P060,922,0830,26,10
S1900710,P070,923,0830,20,10
S1900710,P070,936,0830,8,10
S1900710,P070,922,0830,17,10
S1900685,P002,911,0824,13,10
S1900685,P421,911,0824,12,10
S1900685,P421,922,0815,18,10
S1900685,P421,923,0815,69,10
S1900685,P421,936,0815,5,10
S1900685,P411,911,0824,4,10
S1900685,P411,922,0815,26,10
S1900685,P411,923,0815,67,10
S1900685,P411,936,0815,12,10
S2202553,P001,911,0824,1,10
S2202553,P002,911,0824,1,10
S2202553,P003,911,0824,1,10
S2202553,P001,922,0815,7,10
S2202553,P002,922,0815,7,10
S2202553,P003,922,0815,10,10
S2202553,P001,923,0815,87,10
S2202553,P002,923,0815,96,10
S2202553,P003,923,0815,88,10
S2202553,P001,924,0815,3,10
S2202553,P002,924,0815,1,10
S2202553,P003,924,0815,1,10
S2202553,P001,926,0815,16,10
S2202553,P002,926,0815,9,10
S2202553,P003,926,0815,16,10
S2202553,P001,936,0815,10,10
S2202553,P002,936,0815,13,10
S2202553,P003,936,0815,8,10
E5600841,P001,923,0815,14,10
E5600841,P001,936,0815,4,10
E5600841,P001,911,0824,5,10
E5600841,P001,922,0815,25,10
E5600841,P002,923,0815,18,10
E5600841,P002,936,0815,4,10
E5600841,P002,911,0824,5,10
E5600841,P002,922,0815,17,10
E5600841,P003,923,0815,12,10
E5600841,P003,936,0815,5,10
E5600841,P003,911,0824,9,10
E5600841,P003,922,0815,21,10
E5600841,P004,923,0815,20,10
E5600841,P004,936,0815,3,10
E5600841,P004,911,0824,6,10
E5600841,P004,922,0815,19,10
E5600841,P005,923,0815,15,10
E5600841,P005,936,0815,3,10
E5600841,P005,911,0824,8,10
E5600841,P005,922,0815,19,10
E5600841,P006,923,0815,36,10
E5600841,P006,936,0815,5,10
E5600841,P006,911,0824,12,10
E5600841,P006,922,0815,55,10
E5600841,P007,923,0815,44,10
E5600841,P007,936,0815,5,10
E5600841,P007,911,0824,13,10
E5600841,P007,922,0815,64,10
E5600841,P008,923,0815,82,10
E5600841,P008,936,0815,9,10
E5600841,P008,911,0824,8,10
E5600841,P008,922,0815,9,10
E5600841,P009,923,0815,11,10
E5600841,P009,936,0815,4,10
E5600841,P009,911,0824,9,10
E5600841,P009,922,0815,23,10
E5600841,P010,923,0815,12,10
E5600841,P010,936,0815,5,10
E5600841,P010,911,0824,7,10
E5600841,P010,922,0815,18,10
E5600841,PC23,923,0815,68,10
E5600841,PC23,936,0815,8,10
E5600841,PC23,911,0824,9,10
E5600841,PC23,922,0815,29,10
E5600841,PC83,923,0815,52,10
E5600841,PC83,936,0815,6,10
E5600841,PC83,911,0824,13,10
E5600841,PC83,922,0815,0,30
E5600841,PPB1,923,0815,10,10
E5600841,PPB1,936,0815,9,10
E5600841,PPB1,911,0824,8,10
E5600841,PPB1,922,0815,25,10
E5600841,PPC1,923,0815,24,10
E5600841,PPC1,936,0815,3,10
E5600841,PPC1,911,0824,5,10
E5600841,PPC1,922,0815,24,10
E5600841,PR54,923,0815,64,10
E5600841,PR54,936,0815,5,10
E5600841,PR54,911,0824,3,10
E5600841,PR54,922,0815,37,10
E5600841,PR61,923,0815,80,10
E5600841,PR61,936,0815,3,10
E5600841,PR61,911,0824,7,10
E5600841,PR61,922,0815,45,10
E5600841,PR62,923,0815,51,10
E5600841,PR62,936,0815,4,10
E5600841,PR62,911,0824,4,10
E5600841,PR62,922,0815,22,10
E5600841,PS11,923,0815,39,10
E5600841,PS11,936,0815,11,10
E5600841,PS11,911,0824,11,10
E5600841,PS11,922,0815,60,10
E5600841,PS12,911,0824,8,10
E5600841,PS31,923,0815,108,10
E5600841,PS31,936,0815,12,10
E5600841,PS31,911,0824,7,10
E5600841,PS31,922,0815,88,10
E5600841,PS32,911,0824,4,10
E5600841,PS51,923,0815,42,10
E5600841,PS51,936,0815,11,10
E5600841,PS51,911,0824,12,10
E5600841,PS51,922,0815,18,10
E5600841,PS52,911,0824,8,10
E5600841,PS71,923,0815,0,00
E5600841,PS71,936,0815,0,00
E5600841,PS71,911,0824,0,00
E5600841,PS71,922,0815,0,00
E5600841,PS72,911,0824,0,00
E4900744,P001,911,0830,0,00
E4900744,P002,911,0830,0,00
E4900744,P023,911,0830,0,00
E4900333,P001,911,0824,9,10
E4900333,P002,911,0824,0,00
E4900333,P003,911,0824,0,32
E4900333,P103,911,0824,0,32
E4900333,P021,911,0824,6,10
E4900333,P105,911,0824,10,10
E4900333,P001,922,0815,1,10
E4900333,P002,922,0815,0,00
E4900333,P003,922,0815,0,32
E4900333,P103,922,0815,0,32
E4900333,P021,922,0815,0,20
E4900333,P105,922,0815,46,10
E4900333,P001,923,0815,73,10
E4900333,P002,923,0815,0,00
E4900333,P003,923,0815,0,32
E4900333,P103,923,0815,0,32
E4900333,P021,923,0815,0,20
E4900333,P105,923,0815,64,10
E4900333,P001,936,0815,13,10
E4900333,P002,936,0815,0,00
E4900333,P003,936,0815,0,32
E4900333,P103,936,0815,0,32
E4900333,P021,936,0815,0,20
E4900333,P105,936,0815,10,10
S2300438,P001,911,0830,5,10
E5601197,P002,911,0830,5,10
E5601197,P003,911,0830,5,10
E5600332,P001,911,0830,4,10
E5600332,P002,911,0830,4,10
E5600332,P003,911,0830,4,10
E5600850,PC01,911,0830,0,00
S1901066,P004,911,0830,6,10
E5400878,P010,911,0818,1,10
E5600789,P001,911,0830,0,00
E5600056,P004,911,0836,0,00
E5600056,P006,911,0836,3,10
E5600056,P007,911,0836,0,00
E5600056,P008,911,0836,6,10
E5600056,P009,911,0836,2,10
E5600056,P016,911,0836,5,10
E5600056,P017,911,0836,2,10
E5600056,P018,911,0836,3,10
E5600056,P021,911,0836,3,10
E5600056,P022,911,0836,3,10
E5600056,P023,911,0836,1,10
E5600056,P024,911,0836,3,10
E5002890,P001,911,0830,5,10
E5002890,P002,911,0830,6,10
E5002890,P003,911,0830,0,00
E5600869,P001,911,0830,4,10
S2100223,P015,911,0836,0,10
S1900710,P015,911,0836,0,00
S1900710,P050,911,0836,7,10
S1900710,P056,911,0836,5,10
S1900710,P060,911,0836,2,10
S1900710,P070,911,0836,6,10
S1900685,P002,911,0830,13,10
S1900685,P421,911,0830,14,10
S1900685,P411,911,0830,0,20
S2202553,P001,911,0830,1,10
S2202553,P002,911,0830,1,10
S2202553,P003,911,0830,1,10
E5600841,P001,911,0830,5,10
E5600841,P002,911,0830,5,10
E5600841,P003,911,0830,9,10
E5600841,P004,911,0830,6,10
E5600841,P005,911,0830,8,10
E5600841,P006,911,0830,12,10
E5600841,P007,911,0830,13,10
E5600841,P008,911,0830,7,10
E5600841,P009,911,0830,9,10
E5600841,P010,911,0830,7,10
E5600841,PC23,911,0830,9,10
E5600841,PC83,911,0830,13,10
E5600841,PPB1,911,0830,8,10
E5600841,PPC1,911,0830,5,10
E5600841,PR54,911,0830,3,10
E5600841,PR61,911,0830,7,10
E5600841,PR62,911,0830,4,10
E5600841,PS11,911,0830,11,10
E5600841,PS12,911,0830,8,10
E5600841,PS31,911,0830,7,10
E5600841,PS32,911,0830,4,10
E5600841,PS51,911,0830,12,10
E5600841,PS52,911,0830,8,10
E5600841,PS71,911,0830,0,00
E5600841,PS72,911,0830,0,00
E4900744,P001,911,0836,0,00
E4900744,P002,911,0836,0,00
E4900744,P023,911,0836,0,00
E4900333,P001,911,0830,9,10
E4900333,P002,911,0830,0,00
E4900333,P003,911,0830,0,32
E4900333,P103,911,0830,0,32
E4900333,P021,911,0830,6,10
E4900333,P105,911,0830,9,10
S1601990,P001,911,0836,3,10
S1601990,P004,911,0836,4,10
S1601990,P049,911,0836,1,10
S2100223,P015,922,0830,0,10
S2100223,P015,923,0830,0,10
S2100223,P015,924,0830,0,10
S2100223,P015,936,0830,0,10
S2300438,P001,911,0836,5,10
E5601197,P002,911,0836,5,10
E5601197,P003,911,0836,5,10
E5600332,P001,911,0836,4,10
E5600332,P002,911,0836,4,10
E5600332,P003,911,0836,4,10
E5600850,PC01,911,0836,0,00
S1901066,P004,911,0836,6,10
E4900744,P001,923,0830,0,00
E4900744,P023,923,0830,0,00
E4900744,P001,936,0830,0,00
E4900744,P023,936,0830,0,00
E5400878,P001,923,0815,21,10
E5400878,P001,936,0815,15,10
E5400878,P002,923,0815,19,10
E5400878,P002,936,0815,14,10
E5400878,P003,923,0815,17,10
E5400878,P003,936,0815,15,10
E5400878,P010,923,0815,18,10
E5400878,P010,936,0815,13,10
E5400878,P010,911,0824,1,10
S2300401,P011,911,0836,9,10
S2300429,P701,911,0836,0,00
S2300429,PF01,911,0836,8,10
E5600789,P001,911,0836,0,00
E5600056,P004,911,0842,0,00
E5600056,P006,911,0842,3,10
E5600056,P007,911,0842,0,00
E5600056,P008,911,0842,6,10
E5600056,P009,911,0842,2,10
E5600056,P016,911,0842,5,10
E5600056,P017,911,0842,2,10
E5600056,P018,911,0842,3,10
E5600056,P021,911,0842,3,10
E5600056,P022,911,0842,3,10
E5600056,P023,911,0842,1,10
E5600056,P024,911,0842,4,10
E5002890,P001,911,0836,5,10
E5002890,P002,911,0836,6,10
E5002890,P003,911,0836,0,00
E5600869,P001,911,0836,4,10
S2100223,P015,911,0842,0,10
S2201109,P711,911,0836,0,30
S2201109,P731,911,0836,0,30
S2201109,P741,911,0836,0,30
S2201109,P751,911,0836,0,30
S1900710,P015,911,0842,0,00
S1900710,P050,911,0842,7,10
S1900710,P056,911,0842,5,10
S1900710,P060,911,0842,2,10
S1900710,P070,911,0842,6,10
S1900685,P002,911,0836,13,10
S1900685,P421,911,0836,13,10
S1900685,P411,911,0836,0,20
S2202553,P001,911,0836,1,10
S2202553,P002,911,0836,1,10
S2202553,P003,911,0836,1,10
E5600841,P001,911,0836,5,10
E5600841,P002,911,0836,5,10
E5600841,P003,911,0836,9,10
E5600841,P004,911,0836,6,10
E5600841,P005,911,0836,8,10
E5600841,P006,911,0836,12,10
E5600841,P007,911,0836,13,10
E5600841,P008,911,0836,8,10
E5600841,P009,911,0836,9,10
E5600841,P010,911,0836,7,10
E5600841,PC23,911,0836,10,10
E5600841,PC83,911,0836,13,10
E5600841,PPB1,911,0836,8,10
E5600841,PPC1,911,0836,5,10
E5600841,PR54,911,0836,3,10
E5600841,PR61,911,0836,7,10
E5600841,PR62,911,0836,4,10
E5600841,PS11,911,0836,11,10
E5600841,PS12,911,0836,8,10
E5600841,PS31,911,0836,7,10
E5600841,PS32,911,0836,4,10
E5600841,PS51,911,0836,12,10
E5600841,PS52,911,0836,9,10
E5600841,PS71,911,0836,0,00
E5600841,PS72,911,0836,0,00
S2300401,P011,911,0830,9,10
S2300401,P011,923,0830,64,10
S2300401,P011,936,0830,6,10
S2300401,P011,922,0830,35,10
E5600850,PC01,923,0830,0,00
E5600850,PC01,924,0830,0,00
E5600850,PC01,936,0830,0,00
E5600850,PC01,926,0830,0,00
S2300438,P001,922,0830,0,10
S2300438,P001,923,0830,34,10
S2300438,P001,936,0830,6,10
E5600869,P001,922,0830,0,31
E5600869,P001,923,0830,0,31
E5600869,P001,936,0830,0,31
E4900744,P001,911,0842,0,00
E4900744,P002,911,0842,0,00
E4900744,P023,911,0842,0,00
S1901066,P004,922,0830,227,10
S1901066,P004,923,0830,178,10
S1901066,P004,924,0830,1,10
S1901066,P004,936,0830,4,10
S1901066,P004,937,0830,11,10
E4900333,P001,911,0836,9,10
E4900333,P002,911,0836,0,00
E4900333,P003,911,0836,0,32
E4900333,P103,911,0836,0,32
E4900333,P021,911,0836,6,10
E4900333,P105,911,0836,10,10
E5002890,P001,922,0830,0,10
E5002890,P002,922,0830,0,10
E5002890,P003,922,0830,0,00
E5002890,P001,923,0830,111,10
E5002890,P002,923,0830,107,10
E5002890,P003,923,0830,0,00
E5002890,P001,924,0830,5,10
E5002890,P002,924,0830,3,10
E5002890,P003,924,0830,0,00
E5002890,P001,926,0830,18,10
E5002890,P002,926,0830,5,10
E5002890,P003,926,0830,0,00
E5002890,P001,936,0830,12,10
E5002890,P002,936,0830,12,10
E5002890,P003,936,0830,0,00
S1900710,P070,923,0845,20,10
S1900710,P070,936,0845,8,10
S1900710,P070,922,0845,17,10
S1900710,P015,923,0845,0,00
S1900710,P015,936,0845,0,00
S1900710,P015,922,0845,0,00
S1900710,P050,923,0845,111,10
S1900710,P050,936,0845,5,10
S1900710,P050,922,0845,70,10
S1900710,P056,923,0845,38,10
S1900710,P056,936,0845,4,10
S1900710,P056,922,0845,24,10
S1900710,P060,923,0845,23,10
S1900710,P060,936,0845,5,10
S1900710,P060,922,0845,26,10
S1900685,P421,922,0830,15,10
S1900685,P421,923,0830,74,10
S1900685,P421,936,0830,6,10
S1900685,P411,922,0830,0,20
S1900685,P411,923,0830,0,20
S1900685,P411,936,0830,0,20
S2005081,P401,923,0845,0,20
S2005081,P401,922,0845,0,20
S2005081,P401,936,0845,0,20
S2202553,P001,922,0830,9,10
S2202553,P002,922,0830,10,10
S2202553,P003,922,0830,20,10
S2202553,P001,923,0830,85,10
S2202553,P002,923,0830,80,10
S2202553,P003,923,0830,86,10
S2202553,P001,924,0830,2,10
S2202553,P002,924,0830,1,10
S2202553,P003,924,0830,2,10
S2202553,P001,926,0830,14,10
S2202553,P002,926,0830,21,10
S2202553,P003,926,0830,23,10
S2202553,P001,936,0830,10,10
S2202553,P002,936,0830,10,10
S2202553,P003,936,0830,8,10
S2300429,P701,911,0830,0,00
S2300429,P701,922,0830,0,00
S2300429,P701,923,0830,0,00
S2300429,P701,936,0830,0,00
S2300429,PF01,911,0830,9,10
S2300429,PF01,922,0830,31,10
S2300429,PF01,923,0830,28,10
S2300429,PF01,936,0830,6,10
S2300438,P001,911,0842,5,10
E5601197,P002,911,0842,4,10
E5601197,P003,911,0842,4,10
S1601990,P001,911,0842,3,10
S1601990,P004,911,0842,4,10
S1601990,P049,911,0842,2,10
E5600841,P001,923,0830,14,10
E5600841,P001,936,0830,5,10
E5600841,P001,922,0830,26,10
E5600841,P002,923,0830,18,10
E5600841,P002,936,0830,4,10
E5600841,P002,922,0830,18,10
E5600841,P003,923,0830,12,10
E5600841,P003,936,0830,5,10
E5600841,P003,922,0830,22,10
E5600841,P004,923,0830,19,10
E5600841,P004,936,0830,4,10
E5600841,P004,922,0830,20,10
E5600841,P005,923,0830,15,10
E5600841,P005,936,0830,4,10
E5600841,P005,922,0830,20,10
E5600841,P006,923,0830,30,10
E5600841,P006,936,0830,5,10
E5600841,P006,922,0830,53,10
E5600841,P007,923,0830,49,10
E5600841,P007,936,0830,5,10
E5600841,P007,922,0830,57,10
E5600841,P008,923,0830,71,10
E5600841,P008,936,0830,9,10
E5600841,P008,922,0830,9,10
E5600841,P009,923,0830,10,10
E5600841,P009,936,0830,5,10
E5600841,P009,922,0830,22,10
E5600841,P010,923,0830,12,10
E5600841,P010,936,0830,5,10
E5600841,P010,922,0830,18,10
E5600841,PC23,923,0830,67,10
E5600841,PC23,936,0830,8,10
E5600841,PC23,922,0830,30,10
E5600841,PC83,923,0830,51,10
E5600841,PC83,936,0830,6,10
E5600841,PC83,922,0830,0,30
E5600841,PPB1,923,0830,11,10
E5600841,PPB1,936,0830,9,10
E5600841,PPB1,922,0830,27,10
E5600841,PPC1,923,0830,25,10
E5600841,PPC1,936,0830,3,10
E5600841,PPC1,922,0830,23,10
E5600841,PR54,923,0830,62,10
E5600841,PR54,936,0830,5,10
E5600841,PR54,922,0830,40,10
E5600841,PR61,923,0830,77,10
E5600841,PR61,936,0830,3,10
E5600841,PR61,922,0830,44,10
E5600841,PR62,923,0830,50,10
E5600841,PR62,936,0830,4,10
E5600841,PR62,922,0830,23,10
E5600841,PS11,923,0830,38,10
E5600841,PS11,936,0830,11,10
E5600841,PS11,922,0830,60,10
E5600841,PS31,923,0830,106,10
E5600841,PS31,936,0830,12,10
E5600841,PS31,922,0830,78,10
E5600841,PS51,923,0830,40,10
E5600841,PS51,936,0830,11,10
E5600841,PS51,922,0830,20,10
E5600841,PS71,923,0830,0,00
E5600841,PS71,936,0830,0,00
E5600841,PS71,922,0830,0,00
E5600332,P001,911,0842,4,10
E5600332,P002,911,0842,4,10
E5600332,P003,911,0842,4,10
E5600850,PC01,911,0842,0,00
S1901066,P004,911,0842,6,10
E5600869,P001,911,0842,4,10
S1900685,P002,911,0842,13,10
S1900685,P421,911,0842,13,10
S1900685,P411,911,0842,0,20
E5400878,P010,911,0830,1,10
S2300401,P011,911,0842,9,10
S2300429,P701,911,0842,0,00
S2300429,PF01,911,0842,8,10
E5600056,P004,922,0845,0,00
E5600056,P004,923,0845,0,00
E5600056,P004,924,0845,0,00
E5600056,P004,936,0845,0,00
E5600056,P006,922,0845,27,10
E5600056,P006,923,0845,68,10
E5600056,P006,924,0845,0,10
E5600056,P006,936,0845,4,10
E5600056,P007,922,0845,0,00
E5600056,P007,923,0845,0,00
E5600056,P007,924,0845,0,00
E5600056,P007,936,0845,0,00
E5600056,P008,922,0845,54,10
E5600056,P008,923,0845,67,10
E5600056,P008,924,0845,6,10
E5600056,P008,936,0845,5,10
E5600056,P016,922,0845,1,10
E5600056,P016,923,0845,7,10
E5600056,P016,936,0845,3,10
E5600056,P017,922,0845,2,10
E5600056,P017,923,0845,23,10
E5600056,P017,924,0845,0,10
E5600056,P017,936,0845,3,10
E5600056,P018,922,0845,0,10
E5600056,P018,923,0845,16,10
E5600056,P018,924,0845,0,10
E5600056,P018,936,0845,4,10
E5600056,P021,922,0845,0,10
E5600056,P021,923,0845,43,10
E5600056,P021,924,0845,0,10
E5600056,P021,936,0845,4,10
E5600056,P024,922,0845,3,10
E5600056,P024,923,0845,32,10
E5600056,P024,924,0845,2,10
E5600056,P024,936,0845,6,10
E5600056,P034,922,0845,5,10
E5600056,P034,923,0845,55,10
E5600056,P034,936,0845,1,10
E5600789,P001,911,0842,0,00
E5600056,P004,911,0848,0,00
E5600056,P006,911,0848,3,10
E5600056,P007,911,0848,0,00
E5600056,P008,911,0848,6,10
E5600056,P009,911,0848,2,10
E5600056,P016,911,0848,5,10
E5600056,P017,911,0848,2,10
E5600056,P018,911,0848,3,10
E5600056,P021,911,0848,3,10
E5600056,P022,911,0848,3,10
E5600056,P023,911,0848,1,10
E5600056,P024,911,0848,4,10
E5002890,P001,911,0842,5,10
E5002890,P002,911,0842,5,10
E5002890,P003,911,0842,0,00
S2100223,P015,911,0848,0,10
S2201109,P711,911,0830,15,10
S2201109,P731,911,0830,18,10
S2201109,P741,911,0830,15,10
S2201109,P751,911,0830,15,10
S2201109,P711,923,0830,19,10
S2201109,P711,936,0830,6,10
S2201109,P711,922,0830,8,10
S2201109,P731,923,0830,48,10
S2201109,P731,936,0830,7,10
S2201109,P731,922,0830,13,10
S2201109,P741,923,0830,51,10
S2201109,P741,936,0830,5,10
S2201109,P741,922,0830,24,10
S2201109,P751,923,0830,52,10
S2201109,P751,936,0830,6,10
S2201109,P751,922,0830,16,10
S2201109,P711,911,0842,18,10
S2201109,P731,911,0842,21,11
S2201109,P741,911,0842,18,10
S2201109,P751,911,0842,18,10
E4900333,P001,922,0830,1,10
E4900333,P002,922,0830,0,00
E4900333,P003,922,0830,0,32
E4900333,P103,922,0830,0,32
E4900333,P021,922,0830,0,10
E4900333,P105,922,0830,47,10
E4900333,P001,923,0830,74,10
E4900333,P002,923,0830,0,00
E4900333,P003,923,0830,0,32
E4900333,P103,923,0830,0,32
E4900333,P021,923,0830,33,10
E4900333,P105,923,0830,64,10
E4900333,P001,936,0830,13,10
E4900333,P002,936,0830,0,00
E4900333,P003,936,0830,0,32
E4900333,P103,936,0830,0,32
E4900333,P021,936,0830,8,10
E4900333,P105,936,0830,10,10
S1900710,P070,911,0848,6,10
S1900710,P015,911,0848,0,00
S1900710,P050,911,0848,7,10
S1900710,P056,911,0848,5,10
S1900710,P060,911,0848,3,10
S2202553,P001,911,0842,1,10
S2202553,P002,911,0842,1,10
S2202553,P003,911,0842,1,10
E5600841,P001,911,0842,5,10
E5600841,P002,911,0842,5,10
E5600841,P003,911,0842,9,10
E5600841,P004,911,0842,6,10
E5600841,P005,911,0842,8,10
E5600841,P006,911,0842,12,10
E5600841,P007,911,0842,13,10
E5600841,P008,911,0842,8,10
E5600841,P009,911,0842,9,10
E5600841,P010,911,0842,7,10
E5600841,PC23,911,0842,10,10
E5600841,PC83,911,0842,13,10
E5600841,PPB1,911,0842,8,10
E5600841,PPC1,911,0842,6,10
E5600841,PR54,911,0842,3,10
E5600841,PR61,911,0842,7,10
E5600841,PR62,911,0842,4,10
E5600841,PS11,911,0842,11,10
E5600841,PS12,911,0842,8,10
E5600841,PS31,911,0842,7,10
E5600841,PS32,911,0842,4,10
E5600841,PS51,911,0842,12,10
E5600841,PS52,911,0842,10,10
E5600841,PS71,911,0842,0,00
E5600841,PS72,911,0842,0,00
E4900744,P001,911,0848,0,00
E4900744,P002,911,0848,0,00
E4900744,P023,911,0848,0,00
E4900333,P001,911,0842,9,10
E4900333,P002,911,0842,0,00
E4900333,P003,911,0842,0,32
E4900333,P103,911,0842,0,32
E4900333,P021,911,0842,6,10
E4900333,P105,911,0842,10,10
S2300438,P001,911,0848,5,10
E5601197,P002,911,0848,4,10
E5601197,P003,911,0848,3,10
E5600896,P004,911,0300,0,00
E5600896,P005,911,0300,0,00
E5600896,P007,911,0300,5,10
E5600896,P008,911,0300,7,10
E5600896,P004,911,0306,0,00
E5600896,P005,911,0306,0,00
E5600896,P007,911,0306,5,10
E5600896,P008,911,0306,8,10
E5600896,P004,922,0300,0,00
E5600896,P004,923,0300,0,00
E5600896,P004,936,0300,0,00
E5600896,P005,922,0300,0,00
E5600896,P005,923,0300,0,00
E5600896,P005,936,0300,0,00
E5600896,P007,922,0300,0,10
E5600896,P007,923,0300,72,11
E5600896,P007,936,0300,5,10
E5600896,P008,922,0300,0,10
E5600896,P008,923,0300,65,10
E5600896,P008,936,0300,2,10
E5600896,P004,911,0312,0,00
E5600896,P005,911,0312,0,00
E5600896,P007,911,0312,5,10
E5600896,P008,911,0312,8,10
E5600896,P004,911,0318,0,00
E5600896,P005,911,0318,0,00
E5600896,P007,911,0318,5,10
E5600896,P008,911,0318,7,10
E5600896,P004,922,0315,0,00
E5600896,P004,923,0315,0,00
E5600896,P004,936,0315,0,00
E5600896,P005,922,0315,0,00
E5600896,P005,923,0315,0,00
E5600896,P005,936,0315,0,00
E5600896,P007,922,0315,0,10
E5600896,P007,923,0315,71,11
E5600896,P007,936,0315,5,10
E5600896,P008,922,0315,0,10
E5600896,P008,923,0315,66,10
E5600896,P008,936,0315,2,10
E5600896,P004,911,0324,0,00
E5600896,P005,911,0324,0,00
E5600896,P007,911,0324,5,10
E5600896,P008,911,0324,7,10
E5600896,P004,911,0330,0,00
E5600896,P005,911,0330,0,00
E5600896,P007,911,0330,5,10
E5600896,P008,911,0330,7,10
E5600896,P004,911,0336,0,00
E5600896,P005,911,0336,0,00
E5600896,P007,911,0336,5,10
E5600896,P008,911,0336,7,10
E5600896,P004,922,0330,0,00
E5600896,P004,923,0330,0,00
E5600896,P004,936,0330,0,00
E5600896,P005,922,0330,0,00
E5600896,P005,923,0330,0,00
E5600896,P005,936,0330,0,00
E5600896,P007,922,0330,0,10
E5600896,P007,923,0330,71,11
E5600896,P007,936,0330,5,10
E5600896,P008,922,0330,0,10
E5600896,P008,923,0330,65,10
E5600896,P008,936,0330,2,10
E5600896,P004,911,0342,0,00
E5600896,P005,911,0342,0,00
E5600896,P007,911,0342,5,10
E5600896,P008,911,0342,7,10
E5600896,P004,911,0348,0,00
E5600896,P005,911,0348,0,00
E5600896,P007,911,0348,5,10
E5600896,P008,911,0348,7,10
E5600896,P004,222,0300,0,00
E5600896,P004,223,0300,0,00
E5600896,P004,236,0300,0,00
E5600896,P004,248,0300,0,00
E5600896,P004,259,0300,0,00
E5600896,P005,222,0300,0,00
E5600896,P005,223,0300,0,00
E5600896,P005,236,0300,0,00
E5600896,P005,248,0300,0,00
E5600896,P005,259,0300,0,00
E5600896,P007,222,0300,0,10
E5600896,P007,223,0300,71,11
E5600896,P007,236,0300,5,10
E5600896,P007,248,0300,1479061,10
E5600896,P007,259,0300,156,10
E5600896,P008,222,0300,0,10
E5600896,P008,223,0300,65,10
E5600896,P008,236,0300,2,10
E5600896,P008,248,0300,1883692,10
E5600896,P008,259,0300,133,10
E5600896,P004,922,0345,0,00
E5600896,P004,923,0345,0,00
E5600896,P004,936,0345,0,00
E5600896,P005,922,0345,0,00
E5600896,P005,923,0345,0,00
E5600896,P005,936,0345,0,00
E5600896,P007,922,0345,0,10
E5600896,P007,923,0345,70,11
E5600896,P007,936,0345,5,10
E5600896,P008,922,0345,0,10
E5600896,P008,923,0345,64,10
E5600896,P008,936,0345,2,10
E5600896,P004,911,0354,0,00
E5600896,P005,911,0354,0,00
E5600896,P007,911,0354,5,10
E5600896,P008,911,0354,7,10
E5600896,P004,911,0400,0,00
E5600896,P005,911,0400,0,00
E5600896,P007,911,0400,5,10
E5600896,P008,911,0400,7,10
E5600896,P004,911,0406,0,00
E5600896,P005,911,0406,0,00
E5600896,P007,911,0406,5,10
E5600896,P008,911,0406,7,10
E5600896,P004,922,0400,0,00
E5600896,P004,923,0400,0,00
E5600896,P004,936,0400,0,00
E5600896,P005,922,0400,0,00
E5600896,P005,923,0400,0,00
E5600896,P005,936,0400,0,00
E5600896,P007,922,0400,0,10
E5600896,P007,923,0400,71,11
E5600896,P007,936,0400,5,10
E5600896,P008,922,0400,0,10
E5600896,P008,923,0400,64,10
E5600896,P008,936,0400,2,10
E5600896,P004,911,0412,0,00
E5600896,P005,911,0412,0,00
E5600896,P007,911,0412,5,10
E5600896,P008,911,0412,7,10
E5600896,P004,911,0418,0,00
E5600896,P005,911,0418,0,00
E5600896,P007,911,0418,5,10
E5600896,P008,911,0418,7,10
E5600896,P004,922,0415,0,00
E5600896,P004,923,0415,0,00
E5600896,P004,936,0415,0,00
E5600896,P005,922,0415,0,00
E5600896,P005,923,0415,0,00
E5600896,P005,936,0415,0,00
E5600896,P007,922,0415,0,10
E5600896,P007,923,0415,71,11
E5600896,P007,936,0415,5,10
E5600896,P008,922,0415,0,10
E5600896,P008,923,0415,65,10
E5600896,P008,936,0415,2,10
E5600896,P004,911,0424,0,00
E5600896,P005,911,0424,0,00
E5600896,P007,911,0424,5,10
E5600896,P008,911,0424,7,10
E5600896,P004,911,0430,0,00
E5600896,P005,911,0430,0,00
E5600896,P007,911,0430,5,10
E5600896,P008,911,0430,7,10
E5600896,P004,911,0436,0,00
E5600896,P005,911,0436,0,00
E5600896,P007,911,0436,5,10
E5600896,P008,911,0436,7,10
E5600896,P004,922,0430,0,00
E5600896,P004,923,0430,0,00
E5600896,P004,936,0430,0,00
E5600896,P005,922,0430,0,00
E5600896,P005,923,0430,0,00
E5600896,P005,936,0430,0,00
E5600896,P007,922,0430,0,10
E5600896,P007,923,0430,71,11
E5600896,P007,936,0430,5,10
E5600896,P008,922,0430,0,10
E5600896,P008,923,0430,65,10
E5600896,P008,936,0430,2,10
E5600896,P004,911,0442,0,00
E5600896,P005,911,0442,0,00
E5600896,P007,911,0442,5,10
E5600896,P008,911,0442,7,10
E5600896,P004,911,0448,0,00
E5600896,P005,911,0448,0,00
E5600896,P007,911,0448,5,10
E5600896,P008,911,0448,7,10
E5600896,P004,222,0400,0,00
E5600896,P004,223,0400,0,00
E5600896,P004,236,0400,0,00
E5600896,P004,248,0400,0,00
E5600896,P004,259,0400,0,00
E5600896,P005,222,0400,0,00
E5600896,P005,223,0400,0,00
E5600896,P005,236,0400,0,00
E5600896,P005,248,0400,0,00
E5600896,P005,259,0400,0,00
E5600896,P007,222,0400,0,10
E5600896,P007,223,0400,71,11
E5600896,P007,236,0400,5,10
E5600896,P007,248,0400,1477103,10
E5600896,P007,259,0400,156,10
E5600896,P008,222,0400,0,10
E5600896,P008,223,0400,65,10
E5600896,P008,236,0400,2,10
E5600896,P008,248,0400,1887040,10
E5600896,P008,259,0400,132,10
E5600896,P004,922,0445,0,00
E5600896,P004,923,0445,0,00
E5600896,P004,936,0445,0,00
E5600896,P005,922,0445,0,00
E5600896,P005,923,0445,0,00
E5600896,P005,936,0445,0,00
E5600896,P007,922,0445,0,10
E5600896,P007,923,0445,71,11
E5600896,P007,936,0445,5,10
E5600896,P008,922,0445,0,10
E5600896,P008,923,0445,65,10
E5600896,P008,936,0445,2,10
E5600896,P004,911,0454,0,00
E5600896,P005,911,0454,0,00
E5600896,P007,911,0454,5,10
E5600896,P008,911,0454,7,10
E5600896,P004,911,0500,0,00
E5600896,P005,911,0500,0,00
E5600896,P007,911,0500,5,10
E5600896,P008,911,0500,7,10
E5600896,P004,911,0506,0,00
E5600896,P005,911,0506,0,00
E5600896,P007,911,0506,5,10
E5600896,P008,911,0506,7,10
E5600332,P001,911,0848,4,10
E5600332,P002,911,0848,4,10
E5600332,P003,911,0848,4,10
E5600850,PC01,911,0848,0,00
S1901066,P004,911,0848,6,10
E5600789,P001,911,0848,0,00
E5600869,P001,911,0848,4,10
S1900685,P002,911,0848,13,10
S1900685,P421,911,0848,13,10
S1900685,P411,911,0848,4,10
E5600896,P004,922,0500,0,00
E5600896,P004,923,0500,0,00
E5600896,P004,936,0500,0,00
E5600896,P005,922,0500,0,00
E5600896,P005,923,0500,0,00
E5600896,P005,936,0500,0,00
E5600896,P007,922,0500,1,10
E5600896,P007,923,0500,72,11
E5600896,P007,936,0500,5,10
E5600896,P008,922,0500,0,10
E5600896,P008,923,0500,65,10
E5600896,P008,936,0500,2,10
E5600896,P004,911,0512,0,00
E5600896,P005,911,0512,0,00
E5600896,P007,911,0512,5,10
E5600896,P008,911,0512,7,10
E5600896,P004,911,0518,0,00
E5600896,P005,911,0518,0,00
E5600896,P007,911,0518,5,10
E5600896,P008,911,0518,7,10
E5600896,P004,922,0515,0,00
E5600896,P004,923,0515,0,00
E5600896,P004,936,0515,0,00
E5600896,P005,922,0515,0,00
E5600896,P005,923,0515,0,00
E5600896,P005,936,0515,0,00
E5600896,P007,922,0515,0,10
E5600896,P007,923,0515,71,11
E5600896,P007,936,0515,5,10
E5600896,P008,922,0515,0,10
E5600896,P008,923,0515,65,10
E5600896,P008,936,0515,2,10
E5600896,P004,911,0524,0,00
E5600896,P005,911,0524,0,00
E5600896,P007,911,0524,5,10
E5600896,P008,911,0524,7,10
E5600896,P004,911,0530,0,00
E5600896,P005,911,0530,0,00
E5600896,P007,911,0530,5,10
E5600896,P008,911,0530,7,10
E5600896,P004,911,0536,0,00
E5600896,P005,911,0536,0,00
E5600896,P007,911,0536,5,10
E5600896,P008,911,0536,7,10
E5600896,P004,922,0530,0,00
E5600896,P004,923,0530,0,00
E5600896,P004,936,0530,0,00
E5600896,P005,922,0530,0,00
E5600896,P005,923,0530,0,00
E5600896,P005,936,0530,0,00
E5600896,P007,922,0530,0,10
E5600896,P007,923,0530,71,11
E5600896,P007,936,0530,5,10
E5600896,P008,922,0530,0,10
E5600896,P008,923,0530,64,10
E5600896,P008,936,0530,2,10
E5600896,P004,911,0542,0,00
E5600896,P005,911,0542,0,00
E5600896,P007,911,0542,5,10
E5600896,P008,911,0542,7,10
E5600896,P004,911,0548,0,00
E5600896,P005,911,0548,0,00
E5600896,P007,911,0548,5,10
E5600896,P008,911,0548,7,10
E5600896,P004,222,0500,0,00
E5600896,P004,223,0500,0,00
E5600896,P004,236,0500,0,00
E5600896,P004,248,0500,0,00
E5600896,P004,259,0500,0,00
E5600896,P005,222,0500,0,00
E5600896,P005,223,0500,0,00
E5600896,P005,236,0500,0,00
E5600896,P005,248,0500,0,00
E5600896,P005,259,0500,0,00
E5600896,P007,222,0500,0,10
E5600896,P007,223,0500,71,11
E5600896,P007,236,0500,5,10
E5600896,P007,248,0500,1472033,10
E5600896,P007,259,0500,156,10
E5600896,P008,222,0500,0,10
E5600896,P008,223,0500,64,10
E5600896,P008,236,0500,2,10
E5600896,P008,248,0500,1887348,10
E5600896,P008,259,0500,132,10
E5600896,P004,922,0545,0,00
E5600896,P004,923,0545,0,00
E5600896,P004,936,0545,0,00
E5600896,P005,922,0545,0,00
E5600896,P005,923,0545,0,00
E5600896,P005,936,0545,0,00
E5600896,P007,922,0545,0,10
E5600896,P007,923,0545,70,10
E5600896,P007,936,0545,5,10
E5600896,P008,922,0545,0,10
E5600896,P008,923,0545,64,10
E5600896,P008,936,0545,2,10
E5600896,P004,911,0554,0,00
E5600896,P005,911,0554,0,00
E5600896,P007,911,0554,5,10
E5600896,P008,911,0554,7,10
E5600896,P004,911,0600,0,00
E5600896,P005,911,0600,0,00
E5600896,P007,911,0600,5,10
E5600896,P008,911,0600,8,10
E5600896,P004,911,0606,0,00
E5600896,P005,911,0606,0,00
E5600896,P007,911,0606,5,10
E5600896,P008,911,0606,7,10
E5600896,P004,922,0600,0,00
E5600896,P004,923,0600,0,00
E5600896,P004,936,0600,0,00
E5600896,P005,922,0600,0,00
E5600896,P005,923,0600,0,00
E5600896,P005,936,0600,0,00
E5600896,P007,922,0600,0,10
E5600896,P007,923,0600,69,10
E5600896,P007,936,0600,5,10
E5600896,P008,922,0600,0,10
E5600896,P008,923,0600,64,10
E5600896,P008,936,0600,2,10
E5600896,P004,911,0612,0,00
E5600896,P005,911,0612,0,00
E5600896,P007,911,0612,5,10
E5600896,P008,911,0612,7,10
E5600896,P004,911,0618,0,00
E5600896,P005,911,0618,0,00
E5600896,P007,911,0618,5,10
E5600896,P008,911,0618,7,10
E5600896,P004,922,0615,0,00
E5600896,P004,923,0615,0,00
E5600896,P004,936,0615,0,00
E5600896,P005,922,0615,0,00
E5600896,P005,923,0615,0,00
E5600896,P005,936,0615,0,00
E5600896,P007,922,0615,0,10
E5600896,P007,923,0615,69,10
E5600896,P007,936,0615,5,10
E5600896,P008,922,0615,0,10
E5600896,P008,923,0615,64,10
E5600896,P008,936,0615,2,10
E5600896,P004,911,0624,0,00
E5600896,P005,911,0624,0,00
E5600896,P007,911,0624,5,10
E5600896,P008,911,0624,7,10
E5600896,P004,911,0630,0,00
E5600896,P005,911,0630,0,00
E5600896,P007,911,0630,6,10
E5600896,P008,911,0630,7,10
E5600896,P004,911,0636,0,00
E5600896,P005,911,0636,0,00
E5600896,P007,911,0636,5,10
E5600896,P008,911,0636,7,10
E5600896,P004,922,0630,0,00
E5600896,P004,923,0630,0,00
E5600896,P004,936,0630,0,00
E5600896,P005,922,0630,0,00
E5600896,P005,923,0630,0,00
E5600896,P005,936,0630,0,00
E5600896,P007,922,0630,0,10
E5600896,P007,923,0630,69,10
E5600896,P007,936,0630,5,10
E5600896,P008,922,0630,0,10
E5600896,P008,923,0630,63,10
E5600896,P008,936,0630,2,10
E5600896,P004,911,0642,0,00
E5600896,P005,911,0642,0,00
E5600896,P007,911,0642,6,10
E5600896,P008,911,0642,7,10
E5600896,P004,911,0648,0,00
E5600896,P005,911,0648,0,00
E5600896,P007,911,0648,6,10
E5600896,P008,911,0648,7,10
E5600896,P004,222,0600,0,00
E5600896,P004,223,0600,0,00
E5600896,P004,236,0600,0,00
E5600896,P004,248,0600,0,00
E5600896,P004,259,0600,0,00
E5600896,P005,222,0600,0,00
E5600896,P005,223,0600,0,00
E5600896,P005,236,0600,0,00
E5600896,P005,248,0600,0,00
E5600896,P005,259,0600,0,00
E5600896,P007,222,0600,0,10
E5600896,P007,223,0600,69,10
E5600896,P007,236,0600,5,10
E5600896,P007,248,0600,1481510,10
E5600896,P007,259,0600,156,10
E5600896,P008,222,0600,0,10
E5600896,P008,223,0600,63,10
E5600896,P008,236,0600,2,10
E5600896,P008,248,0600,1883316,10
E5600896,P008,259,0600,132,10
E5600896,P004,922,0645,0,00
E5600896,P004,923,0645,0,00
E5600896,P004,936,0645,0,00
E5600896,P005,922,0645,0,00
E5600896,P005,923,0645,0,00
E5600896,P005,936,0645,0,00
E5600896,P007,922,0645,0,10
E5600896,P007,923,0645,69,10
E5600896,P007,936,0645,5,10
E5600896,P008,922,0645,0,10
E5600896,P008,923,0645,63,10
E5600896,P008,936,0645,2,10
E5600896,P004,911,0654,0,00
E5600896,P005,911,0654,0,00
E5600896,P007,911,0654,6,10
E5600896,P008,911,0654,7,10
E5600896,P004,911,0700,0,00
E5600896,P005,911,0700,0,00
E5600896,P007,911,0700,6,10
E5600896,P008,911,0700,7,10
E5600896,P004,911,0706,0,00
E5600896,P005,911,0706,0,00
E5600896,P007,911,0706,0,20
E5600896,P008,911,0706,0,20
E5600896,P004,922,0700,0,00
E5600896,P004,923,0700,0,00
E5600896,P004,936,0700,0,00
E5600896,P005,922,0700,0,00
E5600896,P005,923,0700,0,00
E5600896,P005,936,0700,0,00
E5600896,P007,922,0700,0,10
E5600896,P007,923,0700,66,10
E5600896,P007,936,0700,5,10
E5600896,P008,922,0700,0,10
E5600896,P008,923,0700,63,10
E5600896,P008,936,0700,2,10
E5600896,P004,911,0712,0,00
E5600896,P005,911,0712,0,00
E5600896,P007,911,0712,5,10
E5600896,P008,911,0712,0,20
E5600896,P004,911,0718,0,00
E5600896,P005,911,0718,0,00
E5600896,P007,911,0718,5,10
E5600896,P008,911,0718,7,10
E5400878,P010,911,0836,2,10
S2300401,P011,911,0848,9,10
S2300429,P701,911,0848,0,00
S2300429,PF01,911,0848,8,10
E5600056,P004,911,0854,0,00
E5600056,P006,911,0854,3,10
E5600056,P007,911,0854,0,00
E5600056,P008,911,0854,6,10
E5600056,P009,911,0854,2,10
E5600056,P016,911,0854,4,10
E5600056,P017,911,0854,2,10
E5600056,P018,911,0854,3,10
E5600056,P021,911,0854,3,10
E5600056,P022,911,0854,3,10
E5600056,P023,911,0854,1,10
E5600056,P024,911,0854,3,10
E5002890,P001,911,0848,5,10
E5002890,P002,911,0848,5,10
E5002890,P003,911,0848,0,00
S2100223,P015,911,0854,0,10
S2100223,P015,922,0845,0,10
S2100223,P015,923,0845,0,10
S2100223,P015,924,0845,0,10
S2100223,P015,936,0845,0,10
S2100223,P015,222,0800,0,
S2100223,P015,223,0800,0,
S2100223,P015,224,0800,0,
S2100223,P015,236,0800,0,
S2100223,P015,248,0800,0,
S2100223,P015,259,0800,0,
E5600896,P004,922,0715,0,00
E5600896,P004,923,0715,0,00
E5600896,P004,936,0715,0,00
E5600896,P005,922,0715,0,00
E5600896,P005,923,0715,0,00
E5600896,P005,936,0715,0,00
E5600896,P007,922,0715,0,10
E5600896,P007,923,0715,67,10
E5600896,P007,936,0715,5,10
E5600896,P008,922,0715,0,10
E5600896,P008,923,0715,62,10
E5600896,P008,936,0715,2,10
E5600896,P004,911,0724,0,00
E5600896,P005,911,0724,0,00
E5600896,P007,911,0724,6,10
E5600896,P008,911,0724,7,10
E5600896,P004,911,0730,0,00
E5600896,P005,911,0730,0,00
E5600896,P007,911,0730,6,10
E5600896,P008,911,0730,7,10
E5600896,P004,911,0736,0,00
E5600896,P005,911,0736,0,00
E5600896,P007,911,0736,5,10
E5600896,P008,911,0736,7,10
E5600896,P004,922,0730,0,00
E5600896,P004,923,0730,0,00
E5600896,P004,936,0730,0,00
E5600896,P005,922,0730,0,00
E5600896,P005,923,0730,0,00
E5600896,P005,936,0730,0,00
E5600896,P007,922,0730,0,10
E5600896,P007,923,0730,68,10
E5600896,P007,936,0730,5,10
E5600896,P008,922,0730,0,10
E5600896,P008,923,0730,63,10
E5600896,P008,936,0730,2,10
E5600896,P004,911,0742,0,00
E5600896,P005,911,0742,0,00
E5600896,P007,911,0742,5,10
E5600896,P008,911,0742,7,10
E5600896,P004,911,0748,0,00
E5600896,P005,911,0748,0,00
E5600896,P007,911,0748,5,10
E5600896,P008,911,0748,7,10
E5600896,P004,222,0700,0,00
E5600896,P004,223,0700,0,00
E5600896,P004,236,0700,0,00
E5600896,P004,248,0700,0,00
E5600896,P004,259,0700,0,00
E5600896,P005,222,0700,0,00
E5600896,P005,223,0700,0,00
E5600896,P005,236,0700,0,00
E5600896,P005,248,0700,0,00
E5600896,P005,259,0700,0,00
E5600896,P007,222,0700,0,10
E5600896,P007,223,0700,67,10
E5600896,P007,236,0700,5,10
E5600896,P007,248,0700,1461653,10
E5600896,P007,259,0700,157,10
E5600896,P008,222,0700,0,10
E5600896,P008,223,0700,62,10
E5600896,P008,236,0700,2,10
E5600896,P008,248,0700,1873401,10
E5600896,P008,259,0700,133,10
E5600896,P004,922,0745,0,00
E5600896,P004,923,0745,0,00
E5600896,P004,936,0745,0,00
E5600896,P005,922,0745,0,00
E5600896,P005,923,0745,0,00
E5600896,P005,936,0745,0,00
E5600896,P007,922,0745,0,10
E5600896,P007,923,0745,67,10
E5600896,P007,936,0745,5,10
E5600896,P008,922,0745,0,10
E5600896,P008,923,0745,62,10
E5600896,P008,936,0745,2,10
E5600896,P004,911,0754,0,00
E5600896,P005,911,0754,0,00
E5600896,P007,911,0754,5,10
E5600896,P008,911,0754,7,10
E5600896,P004,911,0800,0,00
E5600896,P005,911,0800,0,00
E5600896,P007,911,0800,5,10
E5600896,P008,911,0800,7,10
E5600896,P004,911,0806,0,00
E5600896,P005,911,0806,0,00
E5600896,P007,911,0806,5,10
E5600896,P008,911,0806,7,10
E5600896,P004,922,0800,0,00
E5600896,P004,923,0800,0,00
E5600896,P004,936,0800,0,00
E5600896,P005,922,0800,0,00
E5600896,P005,923,0800,0,00
E5600896,P005,936,0800,0,00
E5600896,P007,922,0800,0,10
E5600896,P007,923,0800,67,10
E5600896,P007,936,0800,5,10
E5600896,P008,922,0800,0,10
E5600896,P008,923,0800,62,10
E5600896,P008,936,0800,2,10
E5600896,P004,911,0812,0,00
E5600896,P005,911,0812,0,00
E5600896,P007,911,0812,5,10
E5600896,P008,911,0812,7,10
E5600896,P004,911,0818,0,00
E5600896,P005,911,0818,0,00
E5600896,P007,911,0818,5,10
E5600896,P008,911,0818,7,10
E5600896,P004,922,0815,0,00
E5600896,P004,923,0815,0,00
E5600896,P004,936,0815,0,00
E5600896,P005,922,0815,0,00
E5600896,P005,923,0815,0,00
E5600896,P005,936,0815,0,00
E5600896,P007,922,0815,0,10
E5600896,P007,923,0815,70,11
E5600896,P007,936,0815,5,10
E5600896,P008,922,0815,0,10
E5600896,P008,923,0815,62,10
E5600896,P008,936,0815,2,10
E5600896,P004,911,0824,0,00
E5600896,P005,911,0824,0,00
E5600896,P007,911,0824,5,10
E5600896,P008,911,0824,7,10
E5600896,P004,911,0830,0,00
E5600896,P005,911,0830,0,00
E5600896,P007,911,0830,5,10
E5600896,P008,911,0830,7,10
E5600896,P004,911,0836,0,00
E5600896,P005,911,0836,0,00
E5600896,P007,911,0836,5,10
E5600896,P008,911,0836,7,10
S2201109,P711,911,0848,15,10
S2201109,P731,911,0848,18,10
S2201109,P741,911,0848,15,10
S2201109,P751,911,0848,15,10
S1900710,P015,911,0854,0,00
S1900710,P050,911,0854,7,10
S1900710,P056,911,0854,5,10
S1900710,P060,911,0854,3,10
S1900710,P070,911,0854,6,10
S2202553,P001,911,0848,1,10
S2202553,P002,911,0848,1,10
S2202553,P003,911,0848,1,10
E5600841,P001,911,0848,5,10
E5600841,P002,911,0848,5,10
E5600841,P003,911,0848,9,10
E5600841,P004,911,0848,6,10
E5600841,P005,911,0848,8,10
E5600841,P006,911,0848,12,10
E5600841,P007,911,0848,13,10
E5600841,P008,911,0848,7,10
E5600841,P009,911,0848,9,10
E5600841,P010,911,0848,7,10
E5600841,PC23,911,0848,10,10
E5600841,PC83,911,0848,14,10
E5600841,PPB1,911,0848,8,10
E5600841,PPC1,911,0848,6,10
E5600841,PR54,911,0848,3,10
E5600841,PR61,911,0848,7,10
E5600841,PR62,911,0848,4,10
E5600841,PS11,911,0848,11,10
E5600841,PS12,911,0848,8,10
E5600841,PS31,911,0848,7,10
E5600841,PS32,911,0848,4,10
E5600841,PS51,911,0848,12,10
E5600841,PS52,911,0848,9,10
E5600841,PS71,911,0848,0,00
E5600841,PS72,911,0848,0,00
E5600896,P004,922,0830,0,00
E5600896,P004,923,0830,0,00
E5600896,P004,936,0830,0,00
E5600896,P005,922,0830,0,00
E5600896,P005,923,0830,0,00
E5600896,P005,936,0830,0,00
E5600896,P007,922,0830,0,10
E5600896,P007,923,0830,70,11
E5600896,P007,936,0830,5,10
E5600896,P008,922,0830,0,10
E5600896,P008,923,0830,63,10
E5600896,P008,936,0830,2,10
E4900744,P001,911,0854,0,00
E4900744,P002,911,0854,0,00
E4900744,P023,911,0854,0,00
E4900744,P001,923,0845,0,00
E4900744,P023,923,0845,0,00
E4900744,P001,936,0845,0,00
E4900744,P023,936,0845,0,00
E4900744,P001,223,0800,0,00
E4900744,P023,223,0800,0,00
E4900744,P001,236,0800,0,00
E4900744,P023,236,0800,0,00
E4900744,P001,248,0800,0,00
E4900744,P023,248,0800,0,00
E4900744,P001,259,0800,0,00
E4900744,P023,259,0800,0,00
E5400878,P001,923,0830,21,10
E5400878,P001,936,0830,15,10
E5400878,P002,923,0830,19,10
E5400878,P002,936,0830,14,10
E5400878,P003,923,0830,17,10
E5400878,P003,936,0830,15,10
E5400878,P010,923,0830,18,10
E5400878,P010,936,0830,13,10
S2300438,P001,922,0845,0,10
S2300438,P001,923,0845,31,10
S2300438,P001,936,0845,6,10
E4900333,P001,911,0848,9,10
E4900333,P002,911,0848,0,00
E4900333,P003,911,0848,0,32
E4900333,P103,911,0848,0,32
E4900333,P021,911,0848,6,10
E4900333,P105,911,0848,10,10
S2300438,P001,911,0854,5,10
E5601197,P002,911,0854,4,10
E5601197,P003,911,0854,3,10
E5600850,PC01,923,0845,0,00
E5600850,PC01,924,0845,0,00
E5600850,PC01,936,0845,0,00
E5600850,PC01,926,0845,0,00
S1901066,P004,922,0845,227,10
S1901066,P004,923,0845,178,10
S1901066,P004,924,0845,1,10
S1901066,P004,936,0845,4,10
S1901066,P004,937,0845,11,10
E5600896,P004,911,0842,0,00
E5600896,P005,911,0842,0,00
E5600896,P007,911,0842,5,10
E5600896,P008,911,0842,7,10
E5600332,P001,911,0854,4,10
E5600332,P002,911,0854,4,10
E5600332,P003,911,0854,4,10
E5600850,PC01,911,0854,0,00
S1901066,P004,911,0854,6,10
E5600789,P001,911,0854,0,00
E5002890,P001,911,0854,5,10
E5002890,P002,911,0854,6,10
E5002890,P003,911,0854,0,00
E5002890,P001,922,0845,0,10
E5002890,P002,922,0845,0,10
E5002890,P003,922,0845,0,00
E5002890,P001,923,0845,135,10
E5002890,P002,923,0845,117,10
E5002890,P003,923,0845,0,00
E5002890,P001,924,0845,4,10
E5002890,P002,924,0845,4,10
E5002890,P003,924,0845,0,00
E5002890,P001,926,0845,15,10
E5002890,P002,926,0845,3,10
E5002890,P003,926,0845,0,00
E5002890,P001,936,0845,11,10
E5002890,P002,936,0845,12,10
E5002890,P003,936,0845,0,00
E5002890,P001,222,0800,0,10
E5002890,P002,222,0800,0,10
E5002890,P003,222,0800,0,00
E5002890,P001,223,0800,116,10
E5002890,P002,223,0800,104,10
E5002890,P003,223,0800,0,00
E5002890,P001,224,0800,4,10
E5002890,P002,224,0800,3,10
E5002890,P003,224,0800,0,00
E5002890,P001,226,0800,16,10
E5002890,P002,226,0800,6,10
E5002890,P003,226,0800,0,00
E5002890,P001,236,0800,11,10
E5002890,P002,236,0800,12,10
E5002890,P003,236,0800,0,00
E5002890,P001,248,0800,59972,10
E5002890,P002,248,0800,61134,10
E5002890,P003,248,0800,0,00
E5002890,P001,259,0800,167,10
E5002890,P002,259,0800,158,10
E5002890,P003,259,0800,0,00
E5600869,P001,911,0854,4,10
E5600869,P001,922,0845,141,10
E5600869,P001,923,0845,125,10
E5600869,P001,936,0845,7,10
E5600869,P001,222,0800,141,10
E5600869,P001,223,0800,125,10
E5600869,P001,236,0800,7,10
E5600869,P001,248,0800,56293,10
E5600869,P001,259,0800,108,10
S1900685,P002,911,0854,13,10
S1900685,P421,911,0854,15,10
S1900685,P421,922,0845,15,10
S1900685,P421,923,0845,69,10
S1900685,P421,936,0845,6,10
S1900685,P421,222,0800,17,10
S1900685,P421,223,0800,69,10
S1900685,P421,236,0800,5,10
S1900685,P421,248,0800,312279,10
S1900685,P421,259,0800,53,10
S1900685,P411,911,0854,4,10
S1900685,P411,222,0800,27,10
S1900685,P411,922,0845,0,20
S1900685,P411,223,0800,66,10
S1900685,P411,923,0845,0,20
S1900685,P411,236,0800,12,10
S1900685,P411,936,0845,0,20
S1900685,P411,248,0800,21146,10
S1900685,P411,259,0800,132,10
S2202553,P001,911,0854,1,10
S2202553,P002,911,0854,1,10
S2202553,P003,911,0854,1,10
S2202553,P001,922,0845,11,10
S2202553,P002,922,0845,11,10
S2202553,P003,922,0845,13,10
S2202553,P001,923,0845,90,10
S2202553,P002,923,0845,82,10
S2202553,P003,923,0845,84,10
S2202553,P001,924,0845,2,10
S2202553,P002,924,0845,1,10
S2202553,P003,924,0845,8,10
S2202553,P001,926,0845,19,10
S2202553,P002,926,0845,16,10
S2202553,P003,926,0845,2,10
S2202553,P001,936,0845,10,10
S2202553,P002,936,0845,11,10
S2202553,P003,936,0845,9,10
S2202553,P001,222,0800,10,10
S2202553,P002,222,0800,9,10
S2202553,P003,222,0800,12,10
S2202553,P001,223,0800,91,10
S2202553,P002,223,0800,88,10
S2202553,P003,223,0800,87,10
S2202553,P001,224,0800,3,10
S2202553,P002,224,0800,1,10
S2202553,P003,224,0800,3,10
S2202553,P001,226,0800,21,10
S2202553,P002,226,0800,14,10
S2202553,P003,226,0800,15,10
S2202553,P001,236,0800,10,10
S2202553,P002,236,0800,11,10
S2202553,P003,236,0800,8,10
S2202553,P001,248,0800,106779,10
S2202553,P002,248,0800,108526,10
S2202553,P003,248,0800,111818,10
S2202553,P001,259,0800,141,10
S2202553,P002,259,0800,134,10
S2202553,P003,259,0800,149,10
S2100223,P015,911,0900,0,10
S2300401,P011,911,0800,9,10
S2300401,P011,923,0800,65,10
S2300401,P011,936,0800,6,10
S2300401,P011,922,0800,39,10
S2300401,P011,248,0800,193140,10
S2300401,P011,223,0800,64,10
S2300401,P011,236,0800,6,10
S2300401,P011,222,0800,36,10
S2300401,P011,259,0800,52,10
S2300401,P011,923,0845,62,10
S2300401,P011,936,0845,6,10
S2300401,P011,922,0845,34,10
S2300429,P701,922,0845,0,00
S2300429,P701,923,0845,0,00
S2300429,P701,936,0845,0,00
S2300429,PF01,922,0845,28,10
S2300429,PF01,923,0845,27,10
S2300429,PF01,936,0845,6,10
E5400878,P010,911,0842,1,10
S2300401,P011,911,0854,9,10
S2300429,P701,911,0854,0,00
S2300429,PF01,911,0854,8,10
E5600056,P004,911,0900,0,00
E5600056,P006,911,0900,3,10
E5600056,P007,911,0900,0,00
E5600056,P008,911,0900,6,10
E5600056,P009,911,0900,2,10
E5600056,P016,911,0900,4,10
E5600056,P017,911,0900,2,10
E5600056,P018,911,0900,3,10
E5600056,P021,911,0900,2,10
E5600056,P022,911,0900,2,10
E5600056,P023,911,0900,1,10
E5600056,P024,911,0900,3,10
E5600056,P004,922,0900,0,00
E5600056,P004,923,0900,0,00
E5600056,P004,924,0900,0,00
E5600056,P004,936,0900,0,00
E5600056,P006,922,0900,19,10
E5600056,P006,923,0900,59,10
E5600056,P006,924,0900,0,10
E5600056,P006,936,0900,4,10
E5600056,P007,922,0900,0,00
E5600056,P007,923,0900,0,00
E5600056,P007,924,0900,0,00
E5600056,P007,936,0900,0,00
E5600056,P008,922,0900,54,10
E5600056,P008,923,0900,65,10
E5600056,P008,924,0900,18,10
E5600056,P008,936,0900,5,10
E5600056,P016,922,0900,0,10
E5600056,P016,923,0900,35,10
E5600056,P016,936,0900,12,10
E5600056,P017,922,0900,2,10
E5600056,P017,923,0900,23,10
E5600056,P017,924,0900,0,10
E5600056,P017,936,0900,3,10
E5600056,P018,922,0900,0,10
E5600056,P018,923,0900,16,10
E5600056,P018,936,0900,4,10
E5600056,P021,922,0900,0,10
E5600056,P021,923,0900,42,10
E5600056,P021,936,0900,4,10
E5600056,P024,922,0900,3,10
E5600056,P024,923,0900,32,10
E5600056,P024,924,0900,2,10
E5600056,P024,936,0900,6,10
E5600056,P034,923,0900,51,10
E5600056,P034,936,0900,1,10
E5600056,P004,222,0900,0,00
E5600056,P004,223,0900,0,00
E5600056,P004,224,0900,0,00
E5600056,P004,236,0900,0,00
E5600056,P004,248,0900,0,00
E5600056,P004,259,0900,0,00
E5600056,P006,222,0900,32,10
E5600056,P006,223,0900,56,10
E5600056,P006,224,0900,15,10
E5600056,P006,236,0900,3,10
S1900710,P015,911,0900,0,00
S1900710,P050,911,0900,7,10
S1900710,P056,911,0900,5,10
S1900710,P060,911,0900,3,10
S1900710,P070,911,0900,6,10
S1900710,P015,923,0900,0,00
S1900710,P015,936,0900,0,00
S1900710,P015,922,0900,0,00
S1900710,P050,923,0900,110,10
S1900710,P050,936,0900,5,10
S1900710,P050,922,0900,70,10
S1900710,P056,923,0900,37,10
S1900710,P056,936,0900,4,10
S1900710,P056,922,0900,25,10
S1900710,P060,923,0900,24,10
S1900710,P060,936,0900,5,10
S1900710,P060,922,0900,26,10
S1900710,P070,923,0900,20,10
S1900710,P070,936,0900,8,10
S1900710,P070,922,0900,16,10
S1900710,P015,248,0900,0,00
S1900710,P015,223,0900,0,00
S1900710,P015,236,0900,0,00
S1900710,P015,222,0900,0,00
S1900710,P015,259,0900,0,00
S1900710,P050,248,0900,84492,10
S1900710,P050,223,0900,110,10
S1900710,P050,236,0900,5,10
S1900710,P050,222,0900,69,10
S1900710,P050,259,0900,147,10
S1900710,P056,248,0900,179100,10
S1900710,P056,223,0900,38,10
S1900710,P056,236,0900,4,10
S1900710,P056,222,0900,24,10
S1900710,P056,259,0900,127,10
S1900710,P060,248,0900,176652,10
S1900710,P060,223,0900,24,10
S1900710,P060,236,0900,5,10
S1900710,P060,222,0900,26,10
S1900710,P060,259,0900,122,10
S1900710,P070,248,0900,169200,10
S1900710,P070,223,0900,20,10
S1900710,P070,236,0900,8,10
S1900710,P070,222,0900,17,10
S1900710,P070,259,0900,86,10
S2201109,P711,923,0845,0,30
S2201109,P711,936,0845,0,30
S2201109,P711,922,0845,0,30
S2201109,P731,923,0845,0,30
S2201109,P731,936,0845,0,30
S2201109,P731,922,0845,0,30
S2201109,P741,923,0845,0,30
S2201109,P741,936,0845,0,30
S2201109,P741,922,0845,0,30
S2201109,P751,923,0845,0,30
S2201109,P751,936,0845,0,30
S2201109,P751,922,0845,0,30
S2201109,P711,911,0854,15,10
S2201109,P731,911,0854,18,10
S2201109,P741,911,0854,15,10
S2201109,P751,911,0854,15,10
E4900744,P001,911,0900,0,00
E4900744,P002,911,0900,0,00
E4900744,P023,911,0900,0,00
S2300438,P001,911,0900,5,10
E5601197,P002,911,0900,3,10
E5601197,P003,911,0900,3,10
E5600841,P001,248,0800,202872,10
E5600841,P001,923,0845,14,10
E5600841,P001,223,0800,14,10
E5600841,P001,936,0845,4,10
E5600841,P001,236,0800,4,10
E5600841,P001,911,0854,5,10
E5600841,P001,922,0845,24,10
E5600841,P001,222,0800,25,10
E5600841,P001,259,0800,170,10
E5600841,P002,248,0800,226560,10
E5600841,P002,923,0845,18,10
E5600841,P002,223,0800,18,10
E5600841,P002,936,0845,4,10
E5600841,P002,236,0800,4,10
E5600841,P002,911,0854,5,10
E5600841,P002,922,0845,17,10
E5600841,P002,222,0800,17,10
E5600841,P002,259,0800,170,10
E5600841,P003,248,0800,188651,10
E5600841,P003,923,0845,11,10
E5600841,P003,223,0800,12,10
E5600841,P003,936,0845,5,10
E5600841,P003,236,0800,5,10
E5600841,P003,911,0854,9,10
E5600841,P003,922,0845,21,10
E5600841,P003,222,0800,22,10
E5600841,P003,259,0800,168,10
E5600841,P004,248,0800,178875,10
E5600841,P004,923,0845,20,10
E5600841,P004,223,0800,20,10
E5600841,P004,936,0845,3,10
E5600841,P004,236,0800,4,10
E5600841,P004,911,0854,6,10
E5600841,P004,922,0845,18,10
E5600841,P004,222,0800,19,10
E5600841,P004,259,0800,184,10
E5600841,P005,248,0800,190206,10
E5600841,P005,923,0845,16,10
E5600841,P005,223,0800,16,10
E5600841,P005,936,0845,3,10
E5600841,P005,236,0800,4,10
E5600841,P005,911,0854,8,10
E5600841,P005,922,0845,18,10
E5600841,P005,222,0800,19,10
E5600841,P005,259,0800,192,10
E5600841,P006,248,0800,246068,10
E5600841,P006,923,0845,13,10
E5600841,P006,223,0800,31,10
E5600841,P006,936,0845,5,10
E5600841,P006,236,0800,5,10
E5600841,P006,911,0854,12,10
E5600841,P006,922,0845,36,10
E5600841,P006,222,0800,49,10
E5600841,P006,259,0800,123,10
E5600841,P007,248,0800,247985,10
E5600841,P007,923,0845,44,10
E5600841,P007,223,0800,45,10
E5600841,P007,936,0845,6,10
E5600841,P007,236,0800,5,10
E5600841,P007,911,0854,13,10
E5600841,P007,922,0845,56,10
E5600841,P007,222,0800,62,10
E5600841,P007,259,0800,139,10
E5600841,P008,248,0800,182023,10
E5600841,P008,923,0845,60,10
E5600841,P008,223,0800,72,10
E5600841,P008,936,0845,10,10
E5600841,P008,236,0800,9,10
E5600841,P008,911,0854,7,10
E5600841,P008,922,0845,9,10
E5600841,P008,222,0800,9,10
E5600841,P008,259,0800,50,10
E5600841,P009,248,0800,309697,10
E5600841,P009,923,0845,10,10
E5600841,P009,223,0800,14,10
E5600841,P009,936,0845,5,10
E5600841,P009,236,0800,5,10
E5600841,P009,911,0854,9,10
E5600841,P009,922,0845,26,10
E5600841,P009,222,0800,24,10
E5600841,P009,259,0800,121,10
E5600841,P010,248,0800,374250,10
E5600841,P010,923,0845,17,10
E5600841,P010,223,0800,16,10
E5600841,P010,936,0845,5,10
E5600841,P010,236,0800,5,10
E5600841,P010,911,0854,6,10
E5600841,P010,922,0845,22,10
E5600841,P010,222,0800,20,10
E5600841,P010,259,0800,106,10
E5600841,PC23,248,0800,33108,10
E5600841,PC23,923,0845,54,10
E5600841,PC23,223,0800,64,10
E5600841,PC23,936,0845,8,10
E5600841,PC23,236,0800,8,10
E5600841,PC23,911,0854,9,10
E5600841,PC23,922,0845,32,10
E5600841,PC23,222,0800,31,10
E5600841,PC23,259,0800,156,10
E5600841,PC83,248,0800,209030,10
E5600841,PC83,923,0845,48,10
E5600841,PC83,223,0800,51,10
E5600841,PC83,936,0845,6,10
E5600841,PC83,236,0800,6,10
E5600841,PC83,911,0854,14,10
E5600841,PC83,922,0845,0,30
E5600841,PC83,222,0800,0,30
E5600841,PC83,259,0800,170,10
E5600841,PPB1,248,0800,205297,10
E5600841,PPB1,923,0845,12,10
E5600841,PPB1,223,0800,12,10
E5600841,PPB1,936,0845,8,10
E5600841,PPB1,236,0800,9,10
E5600841,PPB1,911,0854,8,10
E5600841,PPB1,922,0845,31,10
E5600841,PPB1,222,0800,27,10
E5600841,PPB1,259,0800,136,10
E5600841,PPC1,248,0800,693589,10
E5600841,PPC1,923,0845,25,10
E5600841,PPC1,223,0800,24,10
E5600841,PPC1,936,0845,3,10
E5600841,PPC1,236,0800,3,10
E5600841,PPC1,911,0854,6,10
E5600841,PPC1,922,0845,23,10
E5600841,PPC1,222,0800,23,10
E5600841,PPC1,259,0800,133,10
E5600841,PR54,248,0800,42223,10
E5600841,PR54,923,0845,69,10
E5600841,PR54,223,0800,66,10
E5600841,PR54,936,0845,6,10
E5600841,PR54,236,0800,5,10
E5600841,PR54,911,0854,3,10
E5600841,PR54,922,0845,36,10
E5600841,PR54,222,0800,38,10
E5600841,PR54,259,0800,216,10
E5600841,PR61,248,0800,160049,10
E5600841,PR61,923,0845,72,10
E5600841,PR61,223,0800,76,10
E5600841,PR61,936,0845,3,10
E5600841,PR61,236,0800,3,10
E5600841,PR61,911,0854,7,10
E5600841,PR61,922,0845,42,10
E5600841,PR61,222,0800,44,10
E5600841,PR61,259,0800,323,10
E5600841,PR62,248,0800,109903,10
E5600841,PR62,923,0845,50,10
E5600841,PR62,223,0800,51,10
E5600841,PR62,936,0845,4,10
E5600841,PR62,236,0800,4,10
E5600841,PR62,911,0854,4,10
E5600841,PR62,922,0845,20,10
E5600841,PR62,222,0800,22,10
E5600841,PR62,259,0800,321,10
E5600841,PS11,248,0800,835731,10
E5600841,PS11,923,0845,38,10
E5600841,PS11,223,0800,38,10
E5600841,PS11,936,0845,11,10
E5600841,PS11,236,0800,11,10
E5600841,PS11,911,0854,11,10
E5600841,PS11,922,0845,61,10
E5600841,PS11,222,0800,60,10
E5600841,PS11,259,0800,165,10
E5600841,PS12,911,0854,8,10
E5600841,PS31,248,0800,793400,10
E5600841,PS31,923,0845,111,10
E5600841,PS31,223,0800,109,10
E5600841,PS31,936,0845,12,10
E5600841,PS31,236,0800,12,10
E5600841,PS31,911,0854,7,10
E5600841,PS31,922,0845,88,10
E5600841,PS31,222,0800,85,10
E5600841,PS31,259,0800,128,10
E5600841,PS32,911,0854,4,10
E5600841,PS51,248,0800,856578,10
E5600841,PS51,923,0845,40,10
E5600841,PS51,223,0800,41,10
E5600841,PS51,936,0845,11,10
E5600841,PS51,236,0800,11,10
E5600841,PS51,911,0854,12,10
E5600841,PS51,922,0845,18,10
E5600841,PS51,222,0800,18,10
E5600841,PS51,259,0800,135,10
E5600841,PS52,911,0854,9,10
E5600841,PS71,248,0800,0,00
E5600841,PS71,923,0845,0,00
E5600841,PS71,223,0800,0,00
E5600841,PS71,936,0845,0,00
E5600841,PS71,236,0800,0,00
E5600841,PS71,911,0854,0,00
E5600841,PS71,922,0845,0,00
E5600841,PS71,222,0800,0,00
E5600841,PS71,259,0800,0,00
E5600841,PS72,911,0854,0,00
E5600896,P004,911,0848,0,00
E5600896,P005,911,0848,0,00
E5600896,P007,911,0848,5,10
E5600896,P008,911,0848,7,10
E5400878,P010,911,0848,1,10
E5600332,P001,911,0900,4,10
E5600332,P002,911,0900,4,10
E5600332,P003,911,0900,4,10
S1901066,P004,911,0900,6,10
E5600789,P001,911,0900,0,00
E5002890,P001,911,0900,5,10
E5002890,P002,911,0900,5,10
E5002890,P003,911,0900,0,00
E5600869,P001,911,0900,4,10
S1900685,P002,911,0900,13,10
S1900685,P421,911,0900,13,10
S1900685,P411,911,0900,4,10
S2202553,P001,911,0900,1,10
S2202553,P002,911,0900,1,10
S2202553,P003,911,0900,1,10
S2100223,P015,911,0906,0,10
E5600850,PC01,911,0900,0,00
E5600056,P004,911,0906,0,00
E5600056,P006,911,0906,3,10
E5600056,P007,911,0906,0,00
E5600056,P008,911,0906,6,10
E5600056,P009,911,0906,1,10
E5600056,P016,911,0906,5,10
E5600056,P017,911,0906,2,10
E5600056,P018,911,0906,3,10
E5600056,P021,911,0906,2,10
E5600056,P022,911,0906,6,10
E5600056,P023,911,0906,1,10
E5600056,P024,911,0906,3,10
S1900710,P015,911,0906,0,00
S1900710,P050,911,0906,7,10
S1900710,P056,911,0906,6,10
S1900710,P060,911,0906,3,10
S1900710,P070,911,0906,6,10
E5600841,P001,911,0900,5,10
E5600841,P002,911,0900,5,10
E5600841,P003,911,0900,9,10
E5600841,P004,911,0900,6,10
E5600841,P005,911,0900,8,10
E5600841,P006,911,0900,12,10
E5600841,P007,911,0900,13,10
E5600841,P008,911,0900,7,10
E5600841,P009,911,0900,9,10
E5600841,P010,911,0900,6,10
E5600841,PC23,911,0900,9,10
E5600841,PC83,911,0900,13,10
E5600841,PPB1,911,0900,8,10
E5600841,PPC1,911,0900,6,10
E5600841,PR54,911,0900,3,10
E5600841,PR61,911,0900,7,10
E5600841,PR62,911,0900,4,10
E5600841,PS11,911,0900,11,10
E5600841,PS12,911,0900,9,10
E5600841,PS31,911,0900,7,10
E5600841,PS32,911,0900,4,10
E5600841,PS51,911,0900,12,10
E5600841,PS52,911,0900,8,10
E5600841,PS71,911,0900,0,00
E5600841,PS72,911,0900,0,00
E4900744,P001,911,0906,0,00
E4900744,P002,911,0906,0,00
E4900744,P023,911,0906,0,00
S2100223,P015,922,0900,0,10
S2100223,P015,923,0900,0,10
S2100223,P015,924,0900,0,10
S2100223,P015,936,0900,0,10
S2300438,P001,911,0906,5,10
E5601197,P002,911,0906,4,10
E5601197,P003,911,0906,3,10
E4900744,P001,923,0900,0,00
E4900744,P023,923,0900,0,00
E4900744,P001,936,0900,0,00
E4900744,P023,936,0900,0,00
E5600896,P004,222,0800,0,00
E5600896,P004,223,0800,0,00
E5600896,P004,236,0800,0,00
E5600896,P004,248,0800,0,00
E5600896,P004,259,0800,0,00
E5600896,P005,222,0800,0,00
E5600896,P005,223,0800,0,00
E5600896,P005,236,0800,0,00
E5600896,P005,248,0800,0,00
E5600896,P005,259,0800,0,00
E5600896,P007,222,0800,0,10
E5600896,P007,223,0800,70,10
E5600896,P007,236,0800,5,10
E5600896,P007,248,0800,1483868,10
E5600896,P007,259,0800,157,10
E5600896,P008,222,0800,0,10
E5600896,P008,223,0800,62,10
E5600896,P008,236,0800,2,10
E5600896,P008,248,0800,1880225,10
E5600896,P008,259,0800,133,10
E5600896,P004,922,0845,0,00
E5600896,P004,923,0845,0,00
E5600896,P004,936,0845,0,00
E5600896,P005,922,0845,0,00
E5600896,P005,923,0845,0,00
E5600896,P005,936,0845,0,00
E5600896,P007,922,0845,0,10
E5600896,P007,923,0845,70,10
E5600896,P007,936,0845,5,10
E5600896,P008,922,0845,0,10
E5600896,P008,923,0845,62,10
E5600896,P008,936,0845,2,10
E5600896,P004,911,0854,0,00
E5600896,P005,911,0854,0,00
E5600896,P007,911,0854,5,10
E5600896,P008,911,0854,7,10
E5400878,P001,223,0800,21,10
E5400878,P001,236,0800,15,10
E5400878,P001,248,0800,846090,10
E5400878,P001,259,0800,116,10
E5400878,P002,223,0800,19,10
E5400878,P002,236,0800,14,10
E5400878,P002,248,0800,1729798,10
E5400878,P002,259,0800,115,10
E5400878,P003,223,0800,17,10
E5400878,P003,236,0800,15,10
E5400878,P003,248,0800,1531175,10
E5400878,P003,259,0800,114,10
E5400878,P010,223,0800,18,10
E5400878,P010,236,0800,13,10
E5400878,P010,248,0800,1403931,10
E5400878,P010,259,0800,99,10
E5400878,P001,923,0845,21,10
E5400878,P001,936,0845,15,10
E5400878,P002,923,0845,19,10
E5400878,P002,936,0845,14,10
E5400878,P003,923,0845,17,10
E5400878,P003,936,0845,15,10
E5400878,P010,923,0845,18,10
E5400878,P010,936,0845,13,10
E5400878,P010,911,0854,1,10
E5600332,P001,911,0906,4,10
E5600332,P002,911,0906,4,10
E5600332,P003,911,0906,4,10
S1901066,P004,911,0906,6,10
E5600789,P001,911,0906,0,00
E5002890,P001,911,0906,5,10
E5002890,P002,911,0906,5,10
E5002890,P003,911,0906,0,00
E5600869,P001,911,0906,4,10
S1900685,P002,911,0906,13,10
S1900685,P421,911,0906,12,10
S1900685,P411,911,0906,4,10
S2202553,P001,911,0906,1,10
S2202553,P002,911,0906,1,10
S2202553,P003,911,0906,1,10
S2100223,P015,911,0912,0,10
S2300401,P011,911,0906,9,10
S2300429,P701,911,0906,0,00
S2300429,PF01,911,0906,9,10
E5600850,PC01,911,0906,0,00
E5600056,P004,911,0912,0,00
E5600056,P006,911,0912,3,10
E5600056,P007,911,0912,0,00
E5600056,P008,911,0912,6,10
E5600056,P009,911,0912,6,10
E5600056,P016,911,0912,5,10
E5600056,P017,911,0912,2,10
E5600056,P018,911,0912,3,10
E5600056,P021,911,0912,3,10
E5600056,P022,911,0912,3,10
E5600056,P023,911,0912,1,10
E5600056,P024,911,0912,3,10
S1900710,P015,911,0912,0,00
S1900710,P050,911,0912,7,10
S1900710,P056,911,0912,6,10
S1900710,P060,911,0912,3,10
S1900710,P070,911,0912,6,10
E5600841,P001,911,0906,5,10
E5600841,P002,911,0906,5,10
E5600841,P003,911,0906,9,10
E5600841,P004,911,0906,6,10
E5600841,P005,911,0906,8,10
E5600841,P006,911,0906,12,10
E5600841,P007,911,0906,13,10
E5600841,P008,911,0906,8,10
E5600841,P009,911,0906,9,10
E5600841,P010,911,0906,6,10
E5600841,PC23,911,0906,9,10
E5600841,PC83,911,0906,14,10
E5600841,PPB1,911,0906,8,10
E5600841,PPC1,911,0906,6,10
E5600841,PR54,911,0906,3,10
E5600841,PR61,911,0906,7,10
E5600841,PR62,911,0906,4,10
E5600841,PS11,911,0906,11,10
E5600841,PS12,911,0906,8,10
E5600841,PS31,911,0906,7,10
E5600841,PS32,911,0906,4,10
E5600841,PS51,911,0906,12,10
E5600841,PS52,911,0906,8,10
E5600841,PS71,911,0906,0,00
E5600841,PS72,911,0906,0,00
S2201109,P711,911,0906,15,10
S2201109,P731,911,0906,18,10
S2201109,P741,911,0906,15,10
S2201109,P751,911,0906,15,10
E4900744,P001,911,0912,0,00
E4900744,P002,911,0912,0,00
E4900744,P023,911,0912,0,00
E5600850,PC01,923,0900,0,00
E5600850,PC01,924,0900,0,00
E5600850,PC01,936,0900,0,00
E5600850,PC01,926,0900,0,00
E5600850,PC01,223,0800,0,00
E5600850,PC01,224,0800,0,00
E5600850,PC01,236,0800,0,00
E5600850,PC01,226,0800,0,00
E5600850,PC01,248,0800,0,00
E5600850,PC01,259,0800,0,00
S2300438,P001,922,0900,0,10
S2300438,P001,923,0900,31,10
S2300438,P001,936,0900,6,10
S2300438,P001,222,0800,0,10
S2300438,P001,223,0800,32,10
S2300438,P001,236,0800,6,10
S2300438,P001,248,0800,47926,10
S2300438,P001,259,0800,128,10
E5002890,P001,922,0900,0,10
E5002890,P002,922,0900,0,10
E5002890,P003,922,0900,0,00
E5002890,P001,923,0900,126,10
E5002890,P002,923,0900,107,10
E5002890,P003,923,0900,0,00
E5002890,P001,924,0900,3,10
E5002890,P002,924,0900,4,10
E5002890,P003,924,0900,0,00
E5002890,P001,926,0900,13,10
E5002890,P002,926,0900,5,10
E5002890,P003,926,0900,0,00
E5002890,P001,936,0900,11,10
E5002890,P002,936,0900,11,10
E5002890,P003,936,0900,0,00
E5600869,P001,922,0900,145,10
E5600869,P001,923,0900,123,10
E5600869,P001,936,0900,7,10
S1900710,P070,923,0915,20,10
S1900710,P070,936,0915,8,10
S1900710,P070,922,0915,17,10
S1900710,P015,923,0915,0,00
S1900710,P015,936,0915,0,00
S1900710,P015,922,0915,0,00
S1900710,P050,923,0915,111,10
S1900710,P050,936,0915,5,10
S1900710,P050,922,0915,70,10
S1900710,P056,923,0915,35,10
S1900710,P056,936,0915,4,10
S1900710,P056,922,0915,25,10
S1900710,P060,923,0915,26,10
S1900710,P060,936,0915,5,10
S1900710,P060,922,0915,25,10
S1901066,P004,922,0900,228,10
S1901066,P004,923,0900,181,10
S1901066,P004,924,0900,1,10
S1901066,P004,936,0900,4,10
S1901066,P004,937,0900,11,10
S1901066,P004,222,0800,226,10
S1901066,P004,223,0800,178,10
S1901066,P004,224,0800,1,10
S1901066,P004,236,0800,4,10
S1901066,P004,237,0800,11,10
S1901066,P004,248,0800,122105,10
S1901066,P004,259,0800,241,10
S1900685,P421,922,0900,16,10
S1900685,P421,923,0900,60,10
S1900685,P421,936,0900,6,10
S1900685,P411,922,0900,29,10
S1900685,P411,923,0900,66,10
S1900685,P411,936,0900,12,10
S2202553,P001,922,0900,4,10
S2202553,P002,922,0900,5,10
S2202553,P003,922,0900,0,20
S2202553,P001,923,0900,93,10
S2202553,P002,923,0900,76,10
S2202553,P003,923,0900,0,20
S2202553,P001,924,0900,11,10
S2202553,P002,924,0900,1,10
S2202553,P003,924,0900,0,20
S2202553,P001,926,0900,14,10
S2202553,P002,926,0900,12,10
S2202553,P003,926,0900,0,20
S2202553,P001,936,0900,12,10
S2202553,P002,936,0900,10,10
S2202553,P003,936,0900,0,31
E5600841,P001,923,0900,28,10
E5600841,P001,936,0900,5,10
E5600841,P001,922,0900,30,10
E5600841,P002,923,0900,18,10
E5600841,P002,936,0900,4,10
E5600841,P002,922,0900,17,10
E5600841,P003,923,0900,29,10
E5600841,P003,936,0900,5,10
E5600841,P003,922,0900,26,10
E5600841,P004,923,0900,20,10
E5600841,P004,936,0900,4,10
E5600841,P004,922,0900,20,10
E5600841,P005,923,0900,15,10
E5600841,P005,936,0900,4,10
E5600841,P005,922,0900,20,10
E5600841,P006,923,0900,23,10
E5600841,P006,936,0900,5,10
E5600841,P006,922,0900,34,10
E5600841,P007,923,0900,39,10
E5600841,P007,936,0900,6,10
E5600841,P007,922,0900,55,10
E5600841,P008,923,0900,44,10
E5600841,P008,936,0900,9,10
E5600841,P008,922,0900,8,10
E5600841,P009,923,0900,10,10
E5600841,P009,936,0900,5,10
E5600841,P009,922,0900,27,10
E5600841,P010,923,0900,19,10
E5600841,P010,936,0900,5,10
E5600841,P010,922,0900,23,10
E5600841,PC23,923,0900,73,10
E5600841,PC23,936,0900,8,10
E5600841,PC23,922,0900,33,10
E5600841,PC83,923,0900,46,10
E5600841,PC83,936,0900,6,10
E5600841,PC83,922,0900,0,30
E5600841,PPB1,923,0900,13,10
E5600841,PPB1,936,0900,8,10
E5600841,PPB1,922,0900,33,10
E5600841,PPC1,923,0900,25,10
E5600841,PPC1,936,0900,3,10
E5600841,PPC1,922,0900,24,10
E5600841,PR54,923,0900,57,10
E5600841,PR54,936,0900,5,10
E5600841,PR54,922,0900,40,10
E5600841,PR61,923,0900,74,10
E5600841,PR61,936,0900,3,10
E5600841,PR61,922,0900,42,10
E5600841,PR62,923,0900,51,10
E5600841,PR62,936,0900,4,10
E5600841,PR62,922,0900,20,10
E5600841,PS11,923,0900,39,10
E5600841,PS11,936,0900,11,10
E5600841,PS11,922,0900,63,10
E5600841,PS31,923,0900,112,10
E5600841,PS31,936,0900,12,10
E5600841,PS31,922,0900,91,10
E5600841,PS51,923,0900,40,10
E5600841,PS51,936,0900,12,10
E5600841,PS51,922,0900,18,10
E5600841,PS71,923,0900,0,00
E5600841,PS71,936,0900,0,00
E5600841,PS71,922,0900,0,00
S2300429,P701,911,0900,0,00
S2300429,P701,922,0900,0,00
S2300429,P701,923,0900,0,00
S2300429,P701,936,0900,0,00
S2300429,PF01,911,0900,8,10
S2300429,PF01,922,0900,26,10
S2300429,PF01,923,0900,27,10
S2300429,PF01,936,0900,6,10
S2300429,P701,222,0800,0,00
S2300429,P701,223,0800,0,00
S2300429,P701,236,0800,0,00
S2300429,P701,248,0800,0,00
S2300429,P701,259,0800,0,00
S2300429,PF01,222,0800,24,10
S2300429,PF01,223,0800,27,10
S2300429,PF01,236,0800,6,10
S2300429,PF01,248,0800,268379,10
S2300429,PF01,259,0800,58,10
E5600850,PC01,911,0912,0,00
S2300438,P001,911,0912,5,10
E5601197,P002,911,0912,3,10
E5601197,P003,911,0912,3,10
E5600896,P004,911,0900,0,00
E5600896,P005,911,0900,0,00
E5600896,P007,911,0900,5,10
E5600896,P008,911,0900,7,10
E5400878,P010,911,0900,1,10
E5600332,P001,911,0912,4,10
E5600332,P002,911,0912,4,10
E5600332,P003,911,0912,4,10
S1901066,P004,911,0912,6,10
E5600789,P001,911,0912,0,00
E5002890,P001,911,0912,5,10
E5002890,P002,911,0912,6,10
E5002890,P003,911,0912,0,00
E5600869,P001,911,0912,4,10
E2000554,P003,911,0918,14,10
S1900685,P002,911,0912,13,10
S1900685,P421,911,0912,12,10
S1900685,P411,911,0912,4,10
S2202553,P001,911,0912,1,10
S2202553,P002,911,0912,1,10
S2202553,P003,911,0912,1,10
S2100223,P015,911,0918,0,10
S2300401,P011,911,0912,9,10
S2300429,P701,911,0912,0,00
S2300429,PF01,911,0912,8,10
E5600056,P004,922,0915,0,00
E5600056,P004,923,0915,0,00
E5600056,P004,924,0915,0,00
E5600056,P004,936,0915,0,00
E5600056,P006,922,0915,18,10
E5600056,P006,923,0915,58,10
E5600056,P006,924,0915,0,10
E5600056,P006,936,0915,4,10
E5600056,P007,922,0915,0,00
E5600056,P007,923,0915,0,00
E5600056,P007,924,0915,0,00
E5600056,P007,936,0915,0,00
E5600056,P008,922,0915,52,10
E5600056,P008,923,0915,66,10
E5600056,P008,924,0915,6,10
E5600056,P008,936,0915,5,10
E5600056,P016,922,0915,0,10
E5600056,P016,923,0915,33,10
E5600056,P016,936,0915,12,10
E5600056,P017,922,0915,2,10
E5600056,P017,923,0915,22,10
E5600056,P017,924,0915,0,10
E5600056,P017,936,0915,3,10
E5600056,P018,922,0915,0,10
E5600056,P018,923,0915,18,10
E5600056,P018,924,0915,0,10
E5600056,P018,936,0915,4,10
E5600056,P021,922,0915,0,10
E5600056,P021,923,0915,41,10
E5600056,P021,924,0915,0,10
E5600056,P021,936,0915,4,10
E5600056,P024,922,0915,3,10
E5600056,P024,923,0915,32,10
E5600056,P024,924,0915,2,10
E5600056,P024,936,0915,6,10
E5600056,P034,922,0915,5,10
E5600056,P034,923,0915,47,10
E5600056,P034,936,0915,1,10
E5600056,P004,911,0918,0,00
E5600056,P006,911,0918,3,10
E5600056,P007,911,0918,0,00
E5600056,P008,911,0918,6,10
E5600056,P009,911,0918,2,10
E5600056,P016,911,0918,5,10
E5600056,P017,911,0918,2,10
E5600056,P018,911,0918,3,10
E5600056,P021,911,0918,3,10
E5600056,P022,911,0918,3,10
E5600056,P023,911,0918,1,10
E5600056,P024,911,0918,3,10
S1900710,P070,911,0918,6,10
S1900710,P015,911,0918,0,00
S1900710,P050,911,0918,7,10
S1900710,P056,911,0918,6,10
S1900710,P060,911,0918,3,10
E5600841,P001,911,0912,5,10
E5600841,P002,911,0912,5,10
E5600841,P003,911,0912,9,10
E5600841,P004,911,0912,6,10
E5600841,P005,911,0912,0,31
E5600841,P006,911,0912,12,10
E5600841,P007,911,0912,13,10
E5600841,P008,911,0912,7,10
E5600841,P009,911,0912,9,10
E5600841,P010,911,0912,6,10
E5600841,PC23,911,0912,9,10
E5600841,PC83,911,0912,13,10
E5600841,PPB1,911,0912,8,10
E5600841,PPC1,911,0912,0,31
E5600841,PR54,911,0912,3,10
E5600841,PR61,911,0912,7,10
E5600841,PR62,911,0912,4,10
E5600841,PS11,911,0912,11,10
E5600841,PS12,911,0912,7,10
E5600841,PS31,911,0912,7,10
E5600841,PS32,911,0912,4,10
E5600841,PS51,911,0912,12,10
E5600841,PS52,911,0912,8,10
E5600841,PS71,911,0912,0,00
E5600841,PS72,911,0912,0,00
S2201109,P711,911,0800,15,10
S2201109,P731,911,0800,18,10
S2201109,P741,911,0800,15,10
S2201109,P751,911,0800,15,10
S2201109,P711,923,0800,19,10
S2201109,P711,936,0800,6,10
S2201109,P711,922,0800,7,10
S2201109,P731,923,0800,58,10
S2201109,P731,936,0800,7,10
S2201109,P731,922,0800,13,10
S2201109,P741,923,0800,51,10
S2201109,P741,936,0800,5,10
S2201109,P741,922,0800,24,10
S2201109,P751,923,0800,53,10
S2201109,P751,936,0800,6,10
S2201109,P751,922,0800,17,10
S2201109,P711,248,0800,7297,10
S2201109,P711,223,0800,19,10
S2201109,P711,236,0800,6,10
S2201109,P711,222,0800,7,10
S2201109,P711,259,0800,54,10
S2201109,P731,248,0800,4185,10
S2201109,P731,223,0800,55,10
S2201109,P731,236,0800,7,10
S2201109,P731,222,0800,13,10
S2201109,P731,259,0800,53,10
S2201109,P741,248,0800,5552,10
S2201109,P741,223,0800,50,10
S2201109,P741,236,0800,5,10
S2201109,P741,222,0800,24,10
S2201109,P741,259,0800,54,10
S2201109,P751,248,0800,5141,10
S2201109,P751,223,0800,53,10
S2201109,P751,236,0800,6,10
S2201109,P751,222,0800,17,10
S2201109,P751,259,0800,51,10
E4900744,P001,911,0918,0,00
E4900744,P002,911,0918,0,00
E4900744,P023,911,0918,0,00
S2201109,P711,911,0912,15,10
S2201109,P731,911,0912,18,10
S2201109,P741,911,0912,15,10
S2201109,P751,911,0912,15,10
E5600850,PC01,911,0918,0,00
S2300438,P001,911,0918,5,10
E5601197,P002,911,0918,3,10
E5601197,P003,911,0918,3,10
E5600056,P004,911,0924,0,00
E5600056,P006,911,0924,0,31
E5600056,P007,911,0924,0,00
E5600056,P008,911,0924,6,10
E5600056,P009,911,0924,2,10
E5600056,P016,911,0924,4,10
E5600056,P017,911,0924,2,10
E5600056,P018,911,0924,3,10
E5600056,P021,911,0924,3,10
E5600056,P022,911,0924,3,10
E5600056,P023,911,0924,1,10
E5600056,P024,911,0924,3,10
E5600896,P004,911,0906,0,00
E5600896,P005,911,0906,0,00
E5600896,P007,911,0906,5,10
E5600896,P008,911,0906,7,10
E5400878,P010,911,0906,2,10
S2300401,P011,911,0918,9,10
S1901066,P004,911,0918,6,10
E5600789,P001,911,0918,0,00
E5002890,P001,911,0918,5,10
E5002890,P002,911,0918,6,10
E5002890,P003,911,0918,0,00
E5600869,P001,911,0918,4,10
S1900685,P002,911,0918,13,10
S1900685,P421,911,0918,13,10
S1900685,P411,911,0918,4,10
S2202553,P001,911,0918,1,10
S2202553,P002,911,0918,1,10
S2202553,P003,911,0918,1,10
S2100223,P015,911,0924,0,10
S2100223,P015,922,0915,0,10
S2100223,P015,923,0915,0,10
S2100223,P015,924,0915,0,10
S2100223,P015,936,0915,0,10
S2300429,P701,911,0918,0,00
S2300429,PF01,911,0918,8,10
S1900710,P015,911,0924,0,00
S1900710,P050,911,0924,6,10
S1900710,P056,911,0924,5,10
S1900710,P060,911,0924,2,10
S1900710,P070,911,0924,6,10
E5600841,P001,911,0918,5,10
E5600841,P002,911,0918,5,10
E5600841,P003,911,0918,9,10
E5600841,P004,911,0918,6,10
E5600841,P005,911,0918,0,31
E5600841,P006,911,0918,12,10
E5600841,P007,911,0918,13,10
E5600841,P008,911,0918,9,10
E5600841,P009,911,0918,9,10
E5600841,P010,911,0918,6,10
E5600841,PC23,911,0918,9,10
E5600841,PC83,911,0918,14,10
E5600841,PPB1,911,0918,8,10
E5600841,PPC1,911,0918,0,31
E5600841,PR54,911,0918,3,10
E5600841,PR61,911,0918,7,10
E5600841,PR62,911,0918,4,10
E5600841,PS11,911,0918,11,10
E5600841,PS12,911,0918,7,10
E5600841,PS31,911,0918,7,10
E5600841,PS32,911,0918,4,10
E5600841,PS51,911,0918,12,10
E5600841,PS52,911,0918,8,10
E5600841,PS71,911,0918,0,00
E5600841,PS72,911,0918,0,00
E4900744,P001,911,0924,0,00
E4900744,P002,911,0924,0,00
E4900744,P023,911,0924,0,00
E4900744,P001,923,0915,0,00
E4900744,P023,923,0915,0,00
E4900744,P001,936,0915,0,00
E4900744,P023,936,0915,0,00
E5600896,P004,922,0900,0,00
E5600896,P004,923,0900,0,00
E5600896,P004,936,0900,0,00
E5600896,P005,922,0900,0,00
E5600896,P005,923,0900,0,00
E5600896,P005,936,0900,0,00
E5600896,P007,922,0900,0,10
E5600896,P007,923,0900,70,11
E5600896,P007,936,0900,5,10
E5600896,P008,922,0900,0,10
E5600896,P008,923,0900,62,10
E5600896,P008,936,0900,2,10
E5400878,P001,923,0900,21,10
E5400878,P001,936,0900,15,10
E5400878,P002,923,0900,19,10
E5400878,P002,936,0900,14,10
E5400878,P003,923,0900,17,10
E5400878,P003,936,0900,15,10
E5400878,P010,923,0900,18,10
E5400878,P010,936,0900,13,10
S2201109,P711,911,0918,15,10
S2201109,P731,911,0918,19,10
S2201109,P741,911,0918,15,10
S2201109,P751,911,0918,15,10
E5600850,PC01,923,0915,0,00
E5600850,PC01,924,0915,0,00
E5600850,PC01,936,0915,0,00
E5600850,PC01,926,0915,0,00
S2300438,P001,922,0915,0,10
S2300438,P001,923,0915,32,10
S2300438,P001,936,0915,6,10
E5600850,PC01,911,0924,0,00
S2300438,P001,911,0924,5,10
E5601197,P002,911,0924,3,10
E5601197,P003,911,0924,3,10
S2300401,P011,923,0915,65,10
S2300401,P011,936,0915,6,10
S2300401,P011,922,0915,31,10
S1901066,P004,922,0915,230,10
S1901066,P004,923,0915,183,10
S1901066,P004,924,0915,1,10
S1901066,P004,936,0915,4,10
S1901066,P004,937,0915,11,10
E5600896,P004,911,0912,0,00
E5600896,P005,911,0912,0,00
E5600896,P007,911,0912,5,10
E5600896,P008,911,0912,7,10
E5400878,P010,911,0912,2,10
S2300401,P011,911,0924,9,10
S1901066,P004,911,0924,6,10
E5600789,P001,911,0924,0,00
E5002890,P001,911,0924,5,10
E5002890,P002,911,0924,6,10
E5002890,P003,911,0924,0,00
E5002890,P001,922,0915,0,10
E5002890,P002,922,0915,0,10
E5002890,P003,922,0915,0,00
E5002890,P001,923,0915,118,10
E5002890,P002,923,0915,110,10
E5002890,P003,923,0915,0,00
E5002890,P001,924,0915,4,10
E5002890,P002,924,0915,3,10
E5002890,P003,924,0915,0,00
E5002890,P001,926,0915,14,10
E5002890,P002,926,0915,5,10
E5002890,P003,926,0915,0,00
E5002890,P001,936,0915,11,10
E5002890,P002,936,0915,10,10
E5002890,P003,936,0915,0,00
E5600869,P001,911,0924,4,10
E5600869,P001,922,0915,144,10
E5600869,P001,923,0915,125,10
E5600869,P001,936,0915,7,10
S1900685,P002,911,0924,13,10
S1900685,P421,911,0924,12,10
S1900685,P421,922,0915,21,10
S1900685,P421,923,0915,55,10
S1900685,P421,936,0915,6,10
S1900685,P411,911,0924,4,10
S1900685,P411,922,0915,28,10
S1900685,P411,923,0915,64,10
S1900685,P411,936,0915,12,10
S2202553,P001,911,0924,1,10
S2202553,P002,911,0924,1,10
S2202553,P003,911,0924,1,10
S2202553,P001,922,0915,7,10
S2202553,P002,922,0915,13,10
S2202553,P003,922,0915,0,31
S2202553,P001,923,0915,82,10
S2202553,P002,923,0915,79,10
S2202553,P003,923,0915,0,31
S2202553,P001,924,0915,4,10
S2202553,P002,924,0915,1,10
S2202553,P003,924,0915,0,31
S2202553,P001,926,0915,9,10
S2202553,P002,926,0915,17,10
S2202553,P003,926,0915,0,31
S2202553,P001,936,0915,10,10
S2202553,P002,936,0915,10,10
S2202553,P003,936,0915,0,20
S2100223,P015,911,0930,0,10
S2300429,P701,922,0915,0,00
S2300429,P701,923,0915,0,00
S2300429,P701,936,0915,0,00
S2300429,PF01,922,0915,25,10
S2300429,PF01,923,0915,27,10
S2300429,PF01,936,0915,6,10
E5600332,P001,911,0918,4,10
E5600332,P002,911,0918,4,10
E5600332,P003,911,0918,4,10
S2300429,P701,911,0924,0,00
S2300429,PF01,911,0924,8,10
E5600332,P001,911,0924,4,10
E5600332,P002,911,0924,4,10
E5600332,P003,911,0924,4,10
E5600056,P004,911,0930,0,00
E5600056,P006,911,0930,0,31
E5600056,P007,911,0930,0,00
E5600056,P008,911,0930,6,10
E5600056,P009,911,0930,2,10
E5600056,P016,911,0930,5,10
E5600056,P017,911,0930,2,10
E5600056,P018,911,0930,3,10
E5600056,P021,911,0930,3,10
E5600056,P022,911,0930,3,10
E5600056,P023,911,0930,1,10
E5600056,P024,911,0930,4,10
E5600056,P004,922,0930,0,00
E5600056,P004,923,0930,0,00
E5600056,P004,924,0930,0,00
E5600056,P004,936,0930,0,00
E5600056,P006,922,0930,0,31
E5600056,P006,923,0930,0,31
E5600056,P006,924,0930,0,31
E5600056,P006,936,0930,0,31
E5600056,P007,922,0930,0,00
E5600056,P007,923,0930,0,00
E5600056,P007,924,0930,0,00
E5600056,P007,936,0930,0,00
E5600056,P008,922,0930,45,10
E5600056,P008,923,0930,65,10
E5600056,P008,924,0930,40,10
E5600056,P008,936,0930,5,10
E5600056,P016,922,0930,0,10
E5600056,P016,923,0930,33,10
E5600056,P016,936,0930,12,10
E5600056,P017,922,0930,2,10
E5600056,P017,923,0930,23,10
E5600056,P017,924,0930,0,10
E5600056,P017,936,0930,3,10
E5600056,P018,922,0930,0,10
E5600056,P018,923,0930,19,10
E5600056,P018,936,0930,4,10
E5600056,P021,922,0930,0,10
E5600056,P021,923,0930,45,10
E5600056,P021,936,0930,4,10
E5600056,P024,922,0930,3,10
E5600056,P024,923,0930,31,10
E5600056,P024,924,0930,2,10
E5600056,P024,936,0930,6,10
E5600056,P034,923,0930,48,10
E5600056,P034,936,0930,1,10
S1900710,P015,911,0930,0,00
S1900710,P050,911,0930,6,10
S1900710,P056,911,0930,6,10
S1900710,P060,911,0930,5,10
S1900710,P070,911,0930,6,10
S1900710,P015,923,0930,0,00
S1900710,P015,936,0930,0,00
S1900710,P015,922,0930,0,00
S1900710,P050,923,0930,112,10
S1900710,P050,936,0930,6,10
S1900710,P050,922,0930,70,10
S1900710,P056,923,0930,35,10
S1900710,P056,936,0930,4,10
S1900710,P056,922,0930,25,10
S1900710,P060,923,0930,24,10
S1900710,P060,936,0930,5,10
S1900710,P060,922,0930,26,10
S1900710,P070,923,0930,20,10
S1900710,P070,936,0930,8,10
S1900710,P070,922,0930,17,10
E5600841,P001,923,0915,37,10
E5600841,P001,936,0915,4,10
E5600841,P001,911,0924,5,10
E5600841,P001,922,0915,33,10
E5600841,P002,923,0915,17,10
E5600841,P002,936,0915,4,10
E5600841,P002,911,0924,5,10
E5600841,P002,922,0915,17,10
E5600841,P003,923,0915,38,10
E5600841,P003,936,0915,5,10
E5600841,P003,911,0924,9,10
E5600841,P003,922,0915,29,10
E5600841,P004,923,0915,19,10
E5600841,P004,936,0915,4,10
E5600841,P004,911,0924,6,10
E5600841,P004,922,0915,21,10
E5600841,P005,923,0915,13,10
E5600841,P005,936,0915,4,10
E5600841,P005,911,0924,0,31
E5600841,P005,922,0915,21,10
E5600841,P006,923,0915,32,10
E5600841,P006,936,0915,5,10
E5600841,P006,911,0924,12,10
E5600841,P006,922,0915,33,10
E5600841,P007,923,0915,37,10
E5600841,P007,936,0915,6,10
E5600841,P007,911,0924,13,10
E5600841,P007,922,0915,54,10
E5600841,P008,923,0915,42,10
E5600841,P008,936,0915,9,10
E5600841,P008,911,0924,9,10
E5600841,P008,922,0915,8,10
E5600841,P009,923,0915,10,10
E5600841,P009,936,0915,5,10
E5600841,P009,911,0924,9,10
E5600841,P009,922,0915,25,10
E5600841,P010,923,0915,21,10
E5600841,P010,936,0915,5,10
E5600841,P010,911,0924,6,10
E5600841,P010,922,0915,22,10
E5600841,PC23,923,0915,54,10
E5600841,PC23,936,0915,7,10
E5600841,PC23,911,0924,10,10
E5600841,PC23,922,0915,33,10
E5600841,PC83,923,0915,49,10
E5600841,PC83,936,0915,6,10
E5600841,PC83,911,0924,14,10
E5600841,PC83,922,0915,0,20
E5600841,PPB1,923,0915,15,10
E5600841,PPB1,936,0915,9,10
E5600841,PPB1,911,0924,8,10
E5600841,PPB1,922,0915,32,10
E5600841,PPC1,923,0915,20,10
E5600841,PPC1,936,0915,3,10
E5600841,PPC1,911,0924,0,31
E5600841,PPC1,922,0915,23,10
E5600841,PR54,923,0915,49,10
E5600841,PR54,936,0915,4,10
E5600841,PR54,911,0924,3,10
E5600841,PR54,922,0915,48,10
E5600841,PR61,923,0915,77,10
E5600841,PR61,936,0915,3,10
E5600841,PR61,911,0924,7,10
E5600841,PR61,922,0915,40,10
E5600841,PR62,923,0915,49,10
E5600841,PR62,936,0915,4,10
E5600841,PR62,911,0924,4,10
E5600841,PR62,922,0915,19,10
E5600841,PS11,923,0915,38,10
E5600841,PS11,936,0915,11,10
E5600841,PS11,911,0924,11,10
E5600841,PS11,922,0915,60,10
E5600841,PS12,911,0924,8,10
E5600841,PS31,923,0915,112,10
E5600841,PS31,936,0915,12,10
E5600841,PS31,911,0924,7,10
E5600841,PS31,922,0915,91,10
E5600841,PS32,911,0924,4,10
E5600841,PS51,923,0915,41,10
E5600841,PS51,936,0915,11,10
E5600841,PS51,911,0924,12,10
E5600841,PS51,922,0915,16,10
E5600841,PS52,911,0924,8,10
E5600841,PS71,923,0915,0,00
E5600841,PS71,936,0915,0,00
E5600841,PS71,911,0924,0,00
E5600841,PS71,922,0915,0,00
E5600841,PS72,911,0924,0,00
E4900333,P001,911,0854,9,10
E4900333,P002,911,0854,0,32
E4900333,P003,911,0854,0,32
E4900333,P103,911,0854,0,32
E4900333,P021,911,0854,6,10
E4900333,P105,911,0854,9,10
E4900333,P001,922,0845,1,10
E4900333,P002,922,0845,0,00
E4900333,P003,922,0845,0,32
E4900333,P103,922,0845,0,32
E4900333,P021,922,0845,0,10
E4900333,P105,922,0845,0,20
E4900333,P001,923,0845,75,10
E4900333,P002,923,0845,0,00
E4900333,P003,923,0845,0,32
E4900333,P103,923,0845,0,32
E4900333,P021,923,0845,30,10
E4900333,P105,923,0845,0,20
E4900333,P001,936,0845,13,10
E4900333,P002,936,0845,0,00
E4900333,P003,936,0845,0,32
E4900333,P103,936,0845,0,32
E4900333,P021,936,0845,8,10
E4900333,P105,936,0845,0,20
E4900333,P001,259,0800,88,10
E4900333,P002,259,0800,0,00
E4900333,P003,259,0800,0,32
E4900333,P103,259,0800,0,32
E4900333,P021,259,0800,127,10
E4900333,P105,259,0800,167,10
E4900333,P001,222,0800,1,10
E4900333,P002,222,0800,0,00
E4900333,P003,222,0800,0,32
E4900333,P103,222,0800,0,32
E4900333,P021,222,0800,0,10
E4900333,P105,222,0800,46,10
E4900333,P001,223,0800,74,10
E4900333,P002,223,0800,0,00
E4900333,P003,223,0800,0,32
E4900333,P103,223,0800,0,32
E4900333,P021,223,0800,31,10
E4900333,P105,223,0800,64,10
E4900333,P001,236,0800,13,10
E4900333,P002,236,0800,0,00
E4900333,P003,236,0800,0,32
E4900333,P103,236,0800,0,32
E4900333,P021,236,0800,8,10
E4900333,P105,236,0800,10,10
E4900333,P001,248,0800,41015,10
E4900333,P002,248,0800,0,00
E4900333,P003,248,0800,0,32
E4900333,P103,248,0800,0,32
E4900333,P021,248,0800,100564,10
E4900333,P105,248,0800,150371,10
E4900333,P001,911,0900,9,10
E4900333,P002,911,0900,0,00
E4900333,P003,911,0900,0,32
E4900333,P103,911,0900,0,32
E4900333,P021,911,0900,6,10
E4900333,P105,911,0900,9,10
E4900333,P001,911,0906,9,10
E4900333,P002,911,0906,0,00
E4900333,P003,911,0906,0,32
E4900333,P103,911,0906,0,32
E4900333,P021,911,0906,6,10
E4900333,P105,911,0906,9,10
E4900333,P001,922,0900,0,20
E4900333,P002,922,0900,0,00
E4900333,P003,922,0900,0,32
E4900333,P103,922,0900,0,32
E4900333,P021,922,0900,0,10
E4900333,P105,922,0900,50,10
E4900333,P001,923,0900,0,20
E4900333,P002,923,0900,0,00
E4900333,P003,923,0900,0,32
E4900333,P103,923,0900,0,32
E4900333,P021,923,0900,31,10
E4900333,P105,923,0900,69,10
E4900333,P001,936,0900,0,20
E4900333,P002,936,0900,0,00
E4900333,P003,936,0900,0,32
E4900333,P103,936,0900,0,32
E4900333,P021,936,0900,8,10
E4900333,P105,936,0900,10,10
E4900333,P001,911,0912,9,10
E4900333,P002,911,0912,0,00
E4900333,P003,911,0912,0,32
E4900333,P103,911,0912,0,32
E4900333,P021,911,0912,6,10
E4900333,P105,911,0912,9,10
E4900333,P001,911,0918,9,10
E4900333,P002,911,0918,0,00
E4900333,P003,911,0918,0,32
E4900333,P103,911,0918,0,32
E4900333,P021,911,0918,6,10
E4900333,P105,911,0918,9,10
E4900744,P001,911,0930,0,00
E4900744,P002,911,0930,0,00
E4900744,P023,911,0930,0,00
S2201109,P711,923,0915,17,10
S2201109,P711,936,0915,6,10
S2201109,P711,922,0915,4,10
S2201109,P731,923,0915,47,10
S2201109,P731,936,0915,7,10
S2201109,P731,922,0915,14,10
S2201109,P741,923,0915,50,10
S2201109,P741,936,0915,5,10
S2201109,P741,922,0915,22,10
S2201109,P751,923,0915,52,10
S2201109,P751,936,0915,7,10
S2201109,P751,922,0915,15,10
S2201109,P711,911,0924,15,10
S2201109,P731,911,0924,18,10
S2201109,P741,911,0924,15,10
S2201109,P751,911,0924,15,10
E4900333,P001,911,0924,9,10
E4900333,P002,911,0924,0,00
E4900333,P003,911,0924,0,32
E4900333,P103,911,0924,0,32
E4900333,P021,911,0924,6,10
E4900333,P105,911,0924,10,10
E4900333,P001,922,0915,5,10
E4900333,P002,922,0915,0,00
E4900333,P003,922,0915,0,32
E4900333,P103,922,0915,0,32
E4900333,P021,922,0915,0,10
E4900333,P105,922,0915,49,10
E4900333,P001,923,0915,80,10
E4900333,P002,923,0915,0,00
E4900333,P003,923,0915,0,32
E4900333,P103,923,0915,0,32
E4900333,P021,923,0915,33,10
E4900333,P105,923,0915,67,10
E4900333,P001,936,0915,13,10
E4900333,P002,936,0915,0,00
E4900333,P003,936,0915,0,32
E4900333,P103,936,0915,0,32
E4900333,P021,936,0915,8,10
E4900333,P105,936,0915,10,10
E5601197,P002,911,0930,3,10
E5601197,P003,911,0930,3,10
S3200688,P001,922,0900,49,10
S3200688,P001,923,0900,59,10
S3200688,P001,936,0900,4,10
S3200688,P002,922,0900,54,10
S3200688,P002,923,0900,57,10
S3200688,P002,936,0900,5,10
S3200688,P003,922,0900,52,10
S3200688,P003,923,0900,59,10
S3200688,P003,936,0900,5,10
S3200688,P004,922,0900,47,10
S3200688,P004,923,0900,57,10
S3200688,P004,936,0900,5,10
S3200688,P504,923,0900,18,10
S3200688,P504,936,0900,15,10
S3200688,P604,923,0900,17,10
S3200688,P604,936,0900,16,10
S3200688,P704,923,0900,20,10
S3200688,P704,936,0900,16,10
S3200688,P804,923,0900,19,10
S3200688,P804,936,0900,15,10
S3200688,P904,923,0900,19,10
S3200688,P904,936,0900,15,10
E5600332,P001,911,0930,4,10
E5600332,P002,911,0930,4,10
E5600332,P003,911,0930,4,10
E5600850,PC01,911,0930,0,00
S2300438,P001,911,0930,5,10
S1900710,P015,911,0936,0,00
S1900710,P050,911,0936,6,10
S1900710,P056,911,0936,6,10
S1900710,P060,911,0936,3,10
S1900710,P070,911,0936,6,10
E5600896,P004,911,0918,0,00
E5600896,P005,911,0918,0,00
E5600896,P007,911,0918,5,10
E5600896,P008,911,0918,7,10
E5400878,P010,911,0918,1,10
S1901066,P004,911,0930,6,10
E5600789,P001,911,0930,0,00
E5600056,P004,911,0936,0,00
E5600056,P006,911,0936,0,31
E5600056,P007,911,0936,0,00
E5600056,P008,911,0936,6,10
E5600056,P009,911,0936,2,10
E5600056,P016,911,0936,5,10
E5600056,P017,911,0936,2,10
E5600056,P018,911,0936,3,10
E5600056,P021,911,0936,3,10
E5600056,P022,911,0936,3,10
E5600056,P023,911,0936,1,10
E5600056,P024,911,0936,3,10
E5002890,P001,911,0930,5,10
E5002890,P002,911,0930,5,10
E5002890,P003,911,0930,0,00
E5600869,P001,911,0930,4,10
S1900685,P002,911,0930,13,10
S1900685,P421,911,0930,17,10
S1900685,P411,911,0930,5,10
S2202553,P001,911,0930,1,10
S2202553,P002,911,0930,1,10
S2202553,P003,911,0930,1,10
S2100223,P015,911,0936,0,10
E5600841,P001,911,0930,5,10
E5600841,P002,911,0930,5,10
E5600841,P003,911,0930,9,10
E5600841,P004,911,0930,6,10
E5600841,P005,911,0930,0,31
E5600841,P006,911,0930,12,10
E5600841,P007,911,0930,13,10
E5600841,P008,911,0930,10,10
E5600841,P009,911,0930,9,10
E5600841,P010,911,0930,6,10
E5600841,PC23,911,0930,10,10
E5600841,PC83,911,0930,14,10
E5600841,PPB1,911,0930,8,10
E5600841,PPC1,911,0930,0,31
E5600841,PR54,911,0930,3,10
E5600841,PR61,911,0930,7,10
E5600841,PR62,911,0930,4,10
E5600841,PS11,911,0930,11,10
E5600841,PS12,911,0930,9,10
E5600841,PS31,911,0930,7,10
E5600841,PS32,911,0930,4,10
E5600841,PS51,911,0930,12,10
E5600841,PS52,911,0930,8,10
E5600841,PS71,911,0930,0,00
E5600841,PS72,911,0930,0,00
E4900744,P001,911,0936,0,00
E4900744,P002,911,0936,0,00
E4900744,P023,911,0936,0,00
S2100223,P015,922,0930,0,10
S2100223,P015,923,0930,0,10
S2100223,P015,924,0930,0,10
S2100223,P015,936,0930,0,10
E4900333,P001,911,0930,9,10
E4900333,P002,911,0930,0,00
E4900333,P003,911,0930,0,32
E4900333,P103,911,0930,0,32
E4900333,P021,911,0930,6,10
E4900333,P105,911,0930,10,10
E5601197,P002,911,0936,4,10
E5601197,P003,911,0936,3,10
E5600332,P001,911,0936,4,10
E5600332,P002,911,0936,4,10
E5600332,P003,911,0936,4,10
E5600850,PC01,911,0936,0,00
S2300438,P001,911,0936,5,10
E4900744,P001,923,0930,0,00
E4900744,P023,923,0930,0,00
E4900744,P001,936,0930,0,00
E4900744,P023,936,0930,0,00
E5600896,P004,922,0915,0,00
E5600896,P004,923,0915,0,00
E5600896,P004,936,0915,0,00
E5600896,P005,922,0915,0,00
E5600896,P005,923,0915,0,00
E5600896,P005,936,0915,0,00
E5600896,P007,922,0915,0,10
E5600896,P007,923,0915,72,11
E5600896,P007,936,0915,5,10
E5600896,P008,922,0915,0,10
E5600896,P008,923,0915,62,10
E5600896,P008,936,0915,2,10
E5600896,P004,911,0924,0,00
E5600896,P005,911,0924,0,00
E5600896,P007,911,0924,5,10
E5600896,P008,911,0924,7,10
E5400878,P001,923,0915,21,10
E5400878,P001,936,0915,15,10
E5400878,P002,923,0915,19,10
E5400878,P002,936,0915,14,10
E5400878,P003,923,0915,16,10
E5400878,P003,936,0915,15,10
E5400878,P010,923,0915,18,10
E5400878,P010,936,0915,13,10
E5400878,P010,911,0924,1,10
S2300401,P011,911,0936,9,10
S1901066,P004,911,0936,5,10
E5600789,P001,911,0936,0,00
E5600056,P004,911,0942,0,00
E5600056,P006,911,0942,0,31
E5600056,P007,911,0942,0,00
E5600056,P008,911,0942,6,10
E5600056,P009,911,0942,2,10
E5600056,P016,911,0942,5,10
E5600056,P017,911,0942,2,10
E5600056,P018,911,0942,3,10
E5600056,P021,911,0942,3,10
E5600056,P022,911,0942,3,10
E5600056,P023,911,0942,1,10
E5600056,P024,911,0942,3,10
E5002890,P001,911,0936,5,10
E5002890,P002,911,0936,5,10
E5002890,P003,911,0936,0,00
E5600869,P001,911,0936,0,31
S1900685,P002,911,0936,13,10
S1900685,P421,911,0936,12,10
S1900685,P411,911,0936,4,10
S2100223,P015,911,0942,0,10
S2300438,P001,922,0930,0,10
S2300438,P001,923,0930,33,10
S2300438,P001,936,0930,7,10
S2201109,P711,911,0936,15,10
S2201109,P731,911,0936,18,10
S2201109,P741,911,0936,15,10
S2201109,P751,911,0936,15,10
S2300429,P701,911,0936,0,00
S2300429,PF01,911,0936,8,10
S2202553,P001,911,0936,1,10
S2202553,P002,911,0936,1,10
S2202553,P003,911,0936,1,10
E5600841,P001,911,0936,5,10
E5600841,P002,911,0936,5,10
E5600841,P003,911,0936,9,10
E5600841,P004,911,0936,7,10
E5600841,P005,911,0936,0,31
E5600841,P006,911,0936,12,10
E5600841,P007,911,0936,13,10
E5600841,P008,911,0936,11,10
E5600841,P009,911,0936,9,10
E5600841,P010,911,0936,6,10
E5600841,PC23,911,0936,9,10
E5600841,PC83,911,0936,14,10
E5600841,PPB1,911,0936,8,10
E5600841,PPC1,911,0936,0,31
E5600841,PR54,911,0936,3,10
E5600841,PR61,911,0936,7,10
E5600841,PR62,911,0936,4,10
E5600841,PS11,911,0936,11,10
E5600841,PS12,911,0936,9,10
E5600841,PS31,911,0936,7,10
E5600841,PS32,911,0936,4,10
E5600841,PS51,911,0936,0,00
E5600841,PS52,911,0936,0,00
E5600841,PS71,911,0936,0,00
E5600841,PS72,911,0936,0,00
S1900710,P015,911,0942,0,00
S1900710,P050,911,0942,6,10
S1900710,P056,911,0942,6,10
S1900710,P060,911,0942,2,10
S1900710,P070,911,0942,6,10
E4900744,P001,911,0942,0,00
E4900744,P002,911,0942,0,00
E4900744,P023,911,0942,0,00
S2300429,P701,911,0930,0,00
S2300429,P701,922,0930,0,00
S2300429,P701,923,0930,0,00
S2300429,P701,936,0930,0,00
S2300429,PF01,911,0930,8,10
S2300429,PF01,922,0930,22,10
S2300429,PF01,923,0930,28,10
S2300429,PF01,936,0930,6,10
E5002890,P001,922,0930,0,10
E5002890,P002,922,0930,0,10
E5002890,P003,922,0930,0,00
E5002890,P001,923,0930,117,10
E5002890,P002,923,0930,114,10
E5002890,P003,923,0930,0,00
E5002890,P001,924,0930,3,10
E5002890,P002,924,0930,2,10
E5002890,P003,924,0930,0,00
E5002890,P001,926,0930,17,10
E5002890,P002,926,0930,5,10
E5002890,P003,926,0930,0,00
E5002890,P001,936,0930,11,10
E5002890,P002,936,0930,12,10
E5002890,P003,936,0930,0,00
E5600869,P001,922,0930,0,31
E5600869,P001,923,0930,0,31
E5600869,P001,936,0930,0,31
S2202553,P001,922,0930,27,10
S2202553,P002,922,0930,16,10
S2202553,P003,922,0930,7,10
S2202553,P001,923,0930,74,10
S2202553,P002,923,0930,80,10
S2202553,P003,923,0930,90,10
S2202553,P001,924,0930,6,10
S2202553,P002,924,0930,1,10
S2202553,P003,924,0930,5,10
S2202553,P001,926,0930,17,10
S2202553,P002,926,0930,13,10
S2202553,P003,926,0930,26,10
S2202553,P001,936,0930,9,10
S2202553,P002,936,0930,10,10
S2202553,P003,936,0930,9,10
S2300401,P011,911,0930,9,10
S2300401,P011,923,0930,59,10
S2300401,P011,936,0930,6,10
S2300401,P011,922,0930,29,10
E5600850,PC01,923,0930,0,00
E5600850,PC01,924,0930,0,00
E5600850,PC01,936,0930,0,00
E5600850,PC01,926,0930,0,00
S1901066,P004,922,0930,230,10
S1901066,P004,923,0930,182,10
S1901066,P004,924,0930,1,10
S1901066,P004,936,0930,4,10
S1901066,P004,937,0930,11,10
E4900333,P001,911,0936,9,10
E4900333,P002,911,0936,0,00
E4900333,P003,911,0936,0,32
E4900333,P103,911,0936,0,32
E4900333,P021,911,0936,6,10
E4900333,P105,911,0936,10,10
S1900710,P070,923,0945,21,10
S1900710,P070,936,0945,8,10
S1900710,P070,922,0945,16,10
S1900710,P015,923,0945,0,00
S1900710,P015,936,0945,0,00
S1900710,P015,922,0945,0,00
S1900710,P050,923,0945,112,10
S1900710,P050,936,0945,5,10
S1900710,P050,922,0945,70,10
S1900710,P056,923,0945,34,10
S1900710,P056,936,0945,4,10
S1900710,P056,922,0945,25,10
S1900710,P060,923,0945,24,10
S1900710,P060,936,0945,5,10
S1900710,P060,922,0945,25,10
S1900685,P421,922,0930,15,10
S1900685,P421,923,0930,67,10
S1900685,P421,936,0930,6,10
S1900685,P411,922,0930,25,10
S1900685,P411,923,0930,67,10
S1900685,P411,936,0930,12,10
E5601197,P002,911,0942,6,10
E5601197,P003,911,0942,6,10
E5600841,P001,923,0930,29,10
E5600841,P001,936,0930,4,10
E5600841,P001,922,0930,29,10
E5600841,P002,923,0930,17,10
E5600841,P002,936,0930,4,10
E5600841,P002,922,0930,17,10
E5600841,P003,923,0930,30,10
E5600841,P003,936,0930,5,10
E5600841,P003,922,0930,27,10
E5600841,P004,923,0930,20,10
E5600841,P004,936,0930,4,10
E5600841,P004,922,0930,19,10
E5600841,P005,923,0930,0,31
E5600841,P005,936,0930,0,31
E5600841,P005,922,0930,0,31
E5600841,P006,923,0930,34,10
E5600841,P006,936,0930,5,10
E5600841,P006,922,0930,34,10
E5600841,P007,923,0930,43,10
E5600841,P007,936,0930,6,10
E5600841,P007,922,0930,58,10
E5600841,P008,923,0930,56,10
E5600841,P008,936,0930,10,10
E5600841,P008,922,0930,8,10
E5600841,P009,923,0930,9,10
E5600841,P009,936,0930,4,10
E5600841,P009,922,0930,26,10
E5600841,P010,923,0930,18,10
E5600841,P010,936,0930,5,10
E5600841,P010,922,0930,23,10
E5600841,PC23,923,0930,61,10
E5600841,PC23,936,0930,8,10
E5600841,PC23,922,0930,33,10
E5600841,PC83,923,0930,0,20
E5600841,PC83,936,0930,6,10
E5600841,PC83,922,0930,0,20
E5600841,PPB1,923,0930,12,10
E5600841,PPB1,936,0930,7,10
E5600841,PPB1,922,0930,29,10
E5600841,PPC1,923,0930,0,31
E5600841,PPC1,936,0930,0,31
E5600841,PPC1,922,0930,0,31
E5600841,PR54,923,0930,51,10
E5600841,PR54,936,0930,5,10
E5600841,PR54,922,0930,47,10
E5600841,PR61,923,0930,75,10
E5600841,PR61,936,0930,3,10
E5600841,PR61,922,0930,40,10
E5600841,PR62,923,0930,50,10
E5600841,PR62,936,0930,4,10
E5600841,PR62,922,0930,20,10
E5600841,PS11,923,0930,38,10
E5600841,PS11,936,0930,11,10
E5600841,PS11,922,0930,61,10
E5600841,PS31,923,0930,109,10
E5600841,PS31,936,0930,12,10
E5600841,PS31,922,0930,87,10
E5600841,PS51,923,0930,0,00
E5600841,PS51,936,0930,0,00
E5600841,PS51,922,0930,0,00
E5600841,PS71,923,0930,0,00
E5600841,PS71,936,0930,0,00
E5600841,PS71,922,0930,0,00
E5600332,P001,911,0942,4,10
E5600332,P002,911,0942,4,10
E5600332,P003,911,0942,4,10
S2300438,P001,911,0942,5,10
E5600896,P004,911,0930,0,00
E5600896,P005,911,0930,0,00
E5600896,P007,911,0930,5,10
E5600896,P008,911,0930,7,10
E5400878,P010,911,0930,1,10
S2300401,P011,911,0942,9,10
E5600850,PC01,911,0942,0,00
S1901066,P004,911,0942,6,10
E4900333,P001,922,0930,2,10
E4900333,P002,922,0930,0,00
E4900333,P003,922,0930,0,32
E4900333,P103,922,0930,0,32
E4900333,P021,922,0930,0,10
E4900333,P105,922,0930,49,10
E4900333,P001,923,0930,79,10
E4900333,P002,923,0930,0,00
E4900333,P003,923,0930,0,32
E4900333,P103,923,0930,0,32
E4900333,P021,923,0930,30,10
E4900333,P105,923,0930,66,10
E4900333,P001,936,0930,13,10
E4900333,P002,936,0930,0,00
E4900333,P003,936,0930,0,32
E4900333,P103,936,0930,0,32
E4900333,P021,936,0930,8,10
E4900333,P105,936,0930,10,10
E5600056,P004,922,0945,0,00
E5600056,P004,923,0945,0,00
E5600056,P004,924,0945,0,00
E5600056,P004,936,0945,0,00
E5600056,P006,922,0945,0,31
E5600056,P006,923,0945,0,31
E5600056,P006,924,0945,0,31
E5600056,P006,936,0945,0,31
E5600056,P007,922,0945,0,00
E5600056,P007,923,0945,0,00
E5600056,P007,924,0945,0,00
E5600056,P007,936,0945,0,00
E5600056,P008,922,0945,50,10
E5600056,P008,923,0945,64,10
E5600056,P008,924,0945,45,10
E5600056,P008,936,0945,5,10
E5600056,P016,922,0945,0,10
E5600056,P016,923,0945,35,10
E5600056,P016,936,0945,12,10
E5600056,P017,922,0945,2,10
E5600056,P017,923,0945,23,10
E5600056,P017,924,0945,0,10
E5600056,P017,936,0945,3,10
E5600056,P018,922,0945,0,10
E5600056,P018,923,0945,17,10
E5600056,P018,924,0945,0,10
E5600056,P018,936,0945,4,10
E5600056,P021,922,0945,0,10
E5600056,P021,923,0945,45,10
E5600056,P021,924,0945,0,10
E5600056,P021,936,0945,4,10
E5600056,P024,922,0945,3,10
E5600056,P024,923,0945,28,10
E5600056,P024,924,0945,2,10
E5600056,P024,936,0945,6,10
E5600056,P034,922,0945,5,10
E5600056,P034,923,0945,52,10
E5600056,P034,936,0945,1,10
E5600789,P001,911,0942,0,00
E5600056,P004,911,0948,0,00
E5600056,P006,911,0948,0,31
E5600056,P007,911,0948,0,00
E5600056,P008,911,0948,6,10
E5600056,P009,911,0948,2,10
E5600056,P016,911,0948,5,10
E5600056,P017,911,0948,2,10
E5600056,P018,911,0948,3,10
E5600056,P021,911,0948,3,10
E5600056,P022,911,0948,3,10
E5600056,P023,911,0948,1,10
E5600056,P024,911,0948,3,10
E5002890,P001,911,0942,5,10
E5002890,P002,911,0942,5,10
E5002890,P003,911,0942,0,00
E5600869,P001,911,0942,0,31
E2000554,P003,911,0948,12,10
S1900710,P070,911,0948,6,10
S1900710,P015,911,0948,0,00
S1900710,P050,911,0948,6,10
S1900710,P056,911,0948,5,10
S1900710,P060,911,0948,3,10
S1900685,P002,911,0942,13,10
S1900685,P421,911,0942,14,10
S1900685,P411,911,0942,4,10
S2001314,P004,911,0948,0,00
S2100223,P015,911,0948,0,10
S2201109,P711,911,0930,15,10
S2201109,P731,911,0930,18,10
S2201109,P741,911,0930,15,10
S2201109,P751,911,0930,15,10
S2201109,P711,923,0930,17,10
S2201109,P711,936,0930,6,10
S2201109,P711,922,0930,4,10
S2201109,P731,923,0930,46,10
S2201109,P731,936,0930,7,10
S2201109,P731,922,0930,15,10
S2201109,P741,923,0930,49,10
S2201109,P741,936,0930,5,10
S2201109,P741,922,0930,23,10
S2201109,P751,923,0930,51,10
S2201109,P751,936,0930,6,10
S2201109,P751,922,0930,15,10
S2201109,P711,911,0942,15,10
S2201109,P731,911,0942,18,10
S2201109,P741,911,0942,15,10
S2201109,P751,911,0942,15,10
S2300429,P701,911,0942,0,00
S2300429,PF01,911,0942,9,10
S2202553,P001,911,0942,1,10
S2202553,P002,911,0942,1,10
S2202553,P003,911,0942,1,10
E5600841,P001,911,0942,5,10
E5600841,P002,911,0942,5,10
E5600841,P003,911,0942,9,10
E5600841,P004,911,0942,7,10
E5600841,P005,911,0942,0,31
E5600841,P006,911,0942,12,10
E5600841,P007,911,0942,13,10
E5600841,P008,911,0942,10,10
E5600841,P009,911,0942,9,10
E5600841,P010,911,0942,6,10
E5600841,PC23,911,0942,9,10
E5600841,PC83,911,0942,14,10
E5600841,PPB1,911,0942,8,10
E5600841,PPC1,911,0942,0,31
E5600841,PR54,911,0942,3,10
E5600841,PR61,911,0942,7,10
E5600841,PR62,911,0942,4,10
E5600841,PS11,911,0942,11,10
E5600841,PS12,911,0942,9,10
E5600841,PS31,911,0942,7,10
E5600841,PS32,911,0942,4,10
E5600841,PS51,911,0942,0,00
E5600841,PS52,911,0942,0,00
E5600841,PS71,911,0942,0,00
E5600841,PS72,911,0942,0,00
E4900333,P001,911,0942,9,10
E4900333,P002,911,0942,0,00
E4900333,P003,911,0942,0,32
E4900333,P103,911,0942,0,32
E4900333,P021,911,0942,6,10
E4900333,P105,911,0942,10,10
E4900744,P001,911,0948,0,00
E4900744,P002,911,0948,0,00
E4900744,P023,911,0948,0,00
E5601197,P002,911,0948,6,10
E5601197,P003,911,0948,6,10
E5600332,P001,911,0948,4,10
E5600332,P002,911,0948,4,10
E5600332,P003,911,0948,4,10
S2300438,P001,911,0948,5,10
E5600896,P004,911,0936,0,00
E5600896,P005,911,0936,0,00
E5600896,P007,911,0936,5,10
E5600896,P008,911,0936,7,10
E5400878,P010,911,0936,2,10
S2300401,P011,911,0948,9,10
E5600850,PC01,911,0948,0,00
S1901066,P004,911,0948,6,10
E5600789,P001,911,0948,0,00
E5600056,P004,911,0954,0,00
E5600056,P006,911,0954,0,00
E5600056,P007,911,0954,0,00
E5600056,P008,911,0954,6,10
E5600056,P009,911,0954,2,10
E5600056,P016,911,0954,5,10
E5600056,P017,911,0954,2,10
E5600056,P018,911,0954,3,10
E5600056,P021,911,0954,3,10
E5600056,P022,911,0954,3,10
E5600056,P023,911,0954,1,10
E5600056,P024,911,0954,3,10
E5002890,P001,911,0948,5,10
E5002890,P002,911,0948,5,10
E5002890,P003,911,0948,0,00
E5600869,P001,911,0948,0,31
S1900710,P015,911,0954,0,00
S1900710,P050,911,0954,6,10
S1900710,P056,911,0954,5,10
S1900710,P060,911,0954,3,10
S1900710,P070,911,0954,6,10
S1900685,P002,911,0948,16,10
S1900685,P421,911,0948,12,10
S1900685,P411,911,0948,4,10
S2100223,P015,911,0954,0,10
S2100223,P015,922,0945,0,10
S2100223,P015,923,0945,0,10
S2100223,P015,924,0945,0,10
S2100223,P015,936,0945,0,10
S2100223,P015,222,0900,0,
S2100223,P015,223,0900,0,
S2100223,P015,224,0900,0,
S2100223,P015,236,0900,0,
S2100223,P015,248,0900,0,
S2100223,P015,259,0900,0,
S2201109,P711,911,0948,15,10
S2201109,P731,911,0948,19,10
S2201109,P741,911,0948,15,10
S2201109,P751,911,0948,15,10
S2300429,P701,911,0948,0,00
S2300429,PF01,911,0948,9,10
S2202553,P001,911,0948,0,20
S2202553,P002,911,0948,0,32
S2202553,P003,911,0948,0,20
E5600841,P001,911,0948,5,10
E5600841,P002,911,0948,5,10
E5600841,P003,911,0948,9,10
E5600841,P004,911,0948,6,10
E5600841,P005,911,0948,0,31
E5600841,P006,911,0948,13,10
E5600841,P007,911,0948,13,10
E5600841,P008,911,0948,11,10
E5600841,P009,911,0948,9,10
E5600841,P010,911,0948,6,10
E5600841,PC23,911,0948,9,10
E5600841,PC83,911,0948,14,10
E5600841,PPB1,911,0948,8,10
E5600841,PPC1,911,0948,0,31
E5600841,PR54,911,0948,3,10
E5600841,PR61,911,0948,7,10
E5600841,PR62,911,0948,4,10
E5600841,PS11,911,0948,11,10
E5600841,PS12,911,0948,8,10
E5600841,PS31,911,0948,7,10
E5600841,PS32,911,0948,4,10
E5600841,PS51,911,0948,0,00
E5600841,PS52,911,0948,0,00
E5600841,PS71,911,0948,0,00
E5600841,PS72,911,0948,0,00
E4900744,P001,911,0954,0,00
E4900744,P002,911,0954,0,00
E4900744,P023,911,0954,0,00
E4900744,P001,923,0945,0,00
E4900744,P023,923,0945,0,00
E4900744,P001,936,0945,0,00
E4900744,P023,936,0945,0,00
E4900744,P001,223,0900,0,00
E4900744,P023,223,0900,0,00
E4900744,P001,236,0900,0,00
E4900744,P023,236,0900,0,00
E4900744,P001,248,0900,0,00
E4900744,P023,248,0900,0,00
E4900744,P001,259,0900,0,00
E4900744,P023,259,0900,0,00
E5600896,P004,922,0930,0,00
E5600896,P004,923,0930,0,00
E5600896,P004,936,0930,0,00
E5600896,P005,922,0930,0,00
E5600896,P005,923,0930,0,00
E5600896,P005,936,0930,0,00
E5600896,P007,922,0930,0,10
E5600896,P007,923,0930,72,11
E5600896,P007,936,0930,5,10
E5600896,P008,922,0930,0,10
E5600896,P008,923,0930,62,10
E5600896,P008,936,0930,2,10
E5400878,P001,923,0930,21,10
E5400878,P001,936,0930,15,10
E5400878,P002,923,0930,20,10
E5400878,P002,936,0930,15,10
E5400878,P003,923,0930,17,10
E5400878,P003,936,0930,15,10
E5400878,P010,923,0930,18,10
E5400878,P010,936,0930,13,10
E4900333,P001,911,0948,9,10
E4900333,P002,911,0948,0,00
E4900333,P003,911,0948,0,32
E4900333,P103,911,0948,0,32
E4900333,P021,911,0948,6,10
E4900333,P105,911,0948,10,10
S3200688,P001,911,0930,10,10
S3200688,P002,911,0930,11,10
S3200688,P003,911,0930,7,10
S3200688,P004,911,0930,10,10
E5601197,P002,911,0954,4,10
E5601197,P003,911,0954,4,10
S2300438,P001,922,0945,0,10
S2300438,P001,923,0945,37,10
S2300438,P001,936,0945,7,10
S2300438,P001,911,0954,5,10
E5600850,PC01,923,0945,0,00
E5600850,PC01,924,0945,0,00
E5600850,PC01,936,0945,0,00
E5600850,PC01,926,0945,0,00
S1901066,P004,922,0945,230,10
S1901066,P004,923,0945,182,10
S1901066,P004,924,0945,1,10
S1901066,P004,936,0945,4,10
S1901066,P004,937,0945,11,10
E5600896,P004,911,0942,0,00
E5600896,P005,911,0942,0,00
E5600896,P007,911,0942,5,10
E5600896,P008,911,0942,7,10
E5400878,P010,911,0942,1,10
E5600850,PC01,911,0954,0,00
S1901066,P004,911,0954,6,10
E5600789,P001,911,0954,0,00
E5600056,P004,911,1000,0,00
E5600056,P006,911,1000,0,00
E5600056,P007,911,1000,0,00
E5600056,P008,911,1000,6,10
E5600056,P009,911,1000,2,10
E5600056,P016,911,1000,5,10
E5600056,P017,911,1000,2,10
E5600056,P018,911,1000,3,10
E5600056,P021,911,1000,3,10
E5600056,P022,911,1000,3,10
E5600056,P023,911,1000,1,10
E5600056,P024,911,1000,3,10
E5600056,P004,922,1000,0,00
E5600056,P004,923,1000,0,00
E5600056,P004,924,1000,0,00
E5600056,P004,936,1000,0,00
E5600056,P006,922,1000,0,00
E5600056,P006,923,1000,0,00
E5600056,P006,924,1000,0,00
E5600056,P006,936,1000,0,00
E5600056,P007,922,1000,0,00
E5600056,P007,923,1000,0,00
E5600056,P007,924,1000,0,00
E5600056,P007,936,1000,0,00
E5600056,P008,922,1000,50,10
E5600056,P008,923,1000,66,10
E5600056,P008,924,1000,10,10
E5600056,P008,936,1000,5,10
E5600056,P016,922,1000,0,20
E5600056,P016,923,1000,0,20
E5600056,P016,936,1000,0,20
E5600056,P017,922,1000,2,10
E5600056,P017,923,1000,23,10
E5600056,P017,924,1000,0,10
E5600056,P017,936,1000,3,10
E5600056,P018,922,1000,0,10
E5600056,P018,923,1000,15,10
E5600056,P018,936,1000,4,10
E5600056,P021,922,1000,0,10
E5600056,P021,923,1000,44,10
E5600056,P021,936,1000,4,10
E5600056,P024,922,1000,3,10
E5600056,P024,923,1000,28,10
E5600056,P024,924,1000,2,10
E5600056,P024,936,1000,6,10
E5600056,P034,923,1000,54,10
E5600056,P034,936,1000,1,10
E5600056,P004,222,1000,0,00
E5600056,P004,223,1000,0,00
E5600056,P004,224,1000,0,00
E5600056,P004,236,1000,0,00
E5600056,P004,248,1000,0,00
E5600056,P004,259,1000,0,00
E5600056,P006,222,1000,0,00
E5600056,P006,223,1000,0,00
E5600056,P006,224,1000,0,00
E5600056,P006,236,1000,0,00
E5002890,P001,911,0954,5,10
E5002890,P002,911,0954,5,10
E5002890,P003,911,0954,0,00
E5002890,P001,922,0945,1,10
E5002890,P002,922,0945,0,10
E5002890,P003,922,0945,0,00
E5002890,P001,923,0945,125,10
E5002890,P002,923,0945,110,10
E5002890,P003,923,0945,0,00
E5002890,P001,924,0945,2,10
E5002890,P002,924,0945,4,10
E5002890,P003,924,0945,0,00
E5002890,P001,926,0945,17,10
E5002890,P002,926,0945,4,10
E5002890,P003,926,0945,0,00
E5002890,P001,936,0945,10,10
E5002890,P002,936,0945,12,10
E5002890,P003,936,0945,0,00
E5002890,P001,222,0900,0,10
E5002890,P002,222,0900,0,10
E5002890,P003,222,0900,0,00
E5002890,P001,223,0900,121,10
E5002890,P002,223,0900,110,10
E5002890,P003,223,0900,0,00
E5002890,P001,224,0900,3,10
E5002890,P002,224,0900,3,10
E5002890,P003,224,0900,0,00
E5002890,P001,226,0900,15,10
E5002890,P002,226,0900,5,10
E5002890,P003,226,0900,0,00
E5002890,P001,236,0900,11,10
E5002890,P002,236,0900,11,10
E5002890,P003,236,0900,0,00
E5002890,P001,248,0900,61759,10
E5002890,P002,248,0900,66699,10
E5002890,P003,248,0900,0,00
E5002890,P001,259,0900,165,10
E5002890,P002,259,0900,159,10
E5002890,P003,259,0900,0,00
E5600869,P001,911,0954,0,31
E5600869,P001,922,0945,0,31
E5600869,P001,923,0945,0,31
E5600869,P001,936,0945,0,31
E5600869,P001,222,0900,144,10
E5600869,P001,223,0900,124,10
E5600869,P001,236,0900,7,10
E5600869,P001,248,0900,55147,10
E5600869,P001,259,0900,108,10
S1900710,P015,911,1000,0,00
S1900710,P050,911,1000,6,10
S1900710,P056,911,1000,5,10
S1900710,P060,911,1000,3,10
S1900710,P070,911,1000,6,10
S1900710,P015,923,1000,0,00
S1900710,P015,936,1000,0,00
S1900710,P015,922,1000,0,00
S1900710,P050,923,1000,112,10
S1900710,P050,936,1000,5,10
S1900710,P050,922,1000,70,10
S1900710,P056,923,1000,34,10
S1900710,P056,936,1000,4,10
S1900710,P056,922,1000,24,10
S1900710,P060,923,1000,25,10
S1900710,P060,936,1000,5,10
S1900710,P060,922,1000,26,10
S1900710,P070,923,1000,21,10
S1900710,P070,936,1000,8,10
S1900710,P070,922,1000,16,10
S1900710,P015,248,1000,0,00
S1900710,P015,223,1000,0,00
S1900710,P015,236,1000,0,00
S1900710,P015,222,1000,0,00
S1900710,P015,259,1000,0,00
S1900710,P050,248,1000,91980,10
S1900710,P050,223,1000,112,10
S1900710,P050,236,1000,5,10
S1900710,P050,222,1000,70,10
S1900710,P050,259,1000,148,10
S1900710,P056,248,1000,180216,10
S1900710,P056,223,1000,35,10
S1900710,P056,236,1000,4,10
S1900710,P056,222,1000,25,10
S1900710,P056,259,1000,127,10
S1900710,P060,248,1000,176472,10
S1900710,P060,223,1000,25,10
S1900710,P060,236,1000,5,10
S1900710,P060,222,1000,26,10
S1900710,P060,259,1000,123,10
S1900710,P070,248,1000,168372,10
S1900710,P070,223,1000,20,10
S1900710,P070,236,1000,8,10
S1900710,P070,222,1000,16,10
S1900710,P070,259,1000,86,10
S1900685,P002,911,0954,13,10
S1900685,P421,911,0954,11,10
S1900685,P421,922,0945,12,10
S1900685,P421,923,0945,55,10
S1900685,P421,936,0945,6,10
S1900685,P421,222,0900,16,10
S1900685,P421,223,0900,59,10
S1900685,P421,236,0900,6,10
S1900685,P421,248,0900,308930,10
S1900685,P421,259,0900,53,10
S1900685,P411,911,0954,4,10
S1900685,P411,222,0900,25,10
S1900685,P411,922,0945,18,10
S1900685,P411,223,0900,65,10
S1900685,P411,923,0945,61,10
S1900685,P411,236,0900,12,10
S1900685,P411,936,0945,12,10
S1900685,P411,248,0900,19990,10
S1900685,P411,259,0900,132,10
S2100223,P015,911,1000,0,10
S2201109,P711,923,0945,19,10
S2201109,P711,936,0945,6,10
S2201109,P711,922,0945,4,10
S2201109,P731,923,0945,45,10
S2201109,P731,936,0945,6,10
S2201109,P731,922,0945,16,10
S2201109,P741,923,0945,0,30
S2201109,P741,936,0945,0,30
S2201109,P741,922,0945,0,30
S2201109,P751,923,0945,52,10
S2201109,P751,936,0945,6,10
S2201109,P751,922,0945,14,10
S2300429,P701,922,0945,0,00
S2300429,P701,923,0945,0,00
S2300429,P701,936,0945,0,00
S2300429,PF01,922,0945,23,10
S2300429,PF01,923,0945,29,10
S2300429,PF01,936,0945,6,10
S2300429,P701,911,0954,0,00
S2300429,PF01,911,0954,8,10
S2202553,P001,911,0954,1,10
S2202553,P002,911,0954,1,10
S2202553,P003,911,0954,1,10
S2202553,P001,922,0945,24,10
S2202553,P002,922,0945,11,10
S2202553,P003,922,0945,7,10
S2202553,P001,923,0945,88,10
S2202553,P002,923,0945,94,10
S2202553,P003,923,0945,78,10
S2202553,P001,924,0945,4,10
S2202553,P002,924,0945,1,10
S2202553,P003,924,0945,5,10
S2202553,P001,926,0945,24,10
S2202553,P002,926,0945,11,10
S2202553,P003,926,0945,12,10
S2202553,P001,936,0945,10,10
S2202553,P002,936,0945,11,10
S2202553,P003,936,0945,7,10
S2202553,P001,222,0900,16,10
S2202553,P002,222,0900,11,10
S2202553,P003,222,0900,7,10
S2202553,P001,223,0900,84,10
S2202553,P002,223,0900,82,10
S2202553,P003,223,0900,84,10
S2202553,P001,224,0900,6,10
S2202553,P002,224,0900,1,10
S2202553,P003,224,0900,5,10
S2202553,P001,226,0900,16,10
S2202553,P002,226,0900,13,10
S2202553,P003,226,0900,19,10
S2202553,P001,236,0900,10,10
S2202553,P002,236,0900,10,10
S2202553,P003,236,0900,8,10
S2202553,P001,248,0900,112025,10
S2202553,P002,248,0900,114367,10
S2202553,P003,248,0900,115539,10
S2202553,P001,259,0900,141,10
S2202553,P002,259,0900,135,10
S2202553,P003,259,0900,149,10
S2201109,P711,911,0954,15,10
S2201109,P731,911,0954,18,10
S2201109,P741,911,0954,15,10
S2201109,P751,911,0954,15,10
E5600332,P001,911,0954,0,00
E5600332,P002,911,0954,0,00
E5600332,P003,911,0954,0,00
E4900744,P001,911,1000,0,00
E4900744,P002,911,1000,0,00
E4900744,P023,911,1000,0,00
E4900333,P001,911,0954,9,10
E4900333,P002,911,0954,0,00
E4900333,P003,911,0954,0,32
E4900333,P103,911,0954,0,32
E4900333,P021,911,0954,6,10
E4900333,P105,911,0954,10,10
E4900333,P001,922,0945,2,10
E4900333,P002,922,0945,0,00
E4900333,P003,922,0945,0,32
E4900333,P103,922,0945,0,32
E4900333,P021,922,0945,0,10
E4900333,P105,922,0945,48,10
E4900333,P001,923,0945,76,10
E4900333,P002,923,0945,0,00
E4900333,P003,923,0945,0,32
E4900333,P103,923,0945,0,32
E4900333,P021,923,0945,28,10
E4900333,P105,923,0945,66,10
E4900333,P001,936,0945,13,10
E4900333,P002,936,0945,0,00
E4900333,P003,936,0945,0,32
E4900333,P103,936,0945,0,32
E4900333,P021,936,0945,8,10
E4900333,P105,936,0945,10,10
E4900333,P001,259,0900,88,10
E4900333,P002,259,0900,0,00
E4900333,P003,259,0900,0,32
E4900333,P103,259,0900,0,32
E4900333,P021,259,0900,127,10
E4900333,P105,259,0900,168,10
E4900333,P001,222,0900,3,10
E4900333,P002,222,0900,0,00
E4900333,P003,222,0900,0,32
E4900333,P103,222,0900,0,32
E4900333,P021,222,0900,0,10
E4900333,P105,222,0900,49,10
E4900333,P001,223,0900,78,10
E4900333,P002,223,0900,0,00
E4900333,P003,223,0900,0,32
E4900333,P103,223,0900,0,32
E4900333,P021,223,0900,30,10
E4900333,P105,223,0900,67,10
E4900333,P001,236,0900,13,10
E4900333,P002,236,0900,0,00
E4900333,P003,236,0900,0,32
E4900333,P103,236,0900,0,32
E4900333,P021,236,0900,8,10
E4900333,P105,236,0900,10,10
E4900333,P001,248,0900,38784,10
E4900333,P002,248,0900,0,00
E4900333,P003,248,0900,0,32
E4900333,P103,248,0900,0,32
E4900333,P021,248,0900,99193,10
E4900333,P105,248,0900,154665,10
E5601197,P002,911,1000,4,10
E5601197,P003,911,1000,4,10
E5600841,P001,248,0900,172731,10
E5600841,P001,923,0945,38,10
E5600841,P001,223,0900,33,10
E5600841,P001,936,0945,4,10
E5600841,P001,236,0900,4,10
E5600841,P001,911,0954,5,10
E5600841,P001,922,0945,33,10
E5600841,P001,222,0900,32,10
E5600841,P001,259,0900,160,10
E5600841,P002,248,0900,202893,10
E5600841,P002,923,0945,17,10
E5600841,P002,223,0900,17,10
E5600841,P002,936,0945,4,10
E5600841,P002,236,0900,4,10
E5600841,P002,911,0954,5,10
E5600841,P002,922,0945,17,10
E5600841,P002,222,0900,17,10
E5600841,P002,259,0900,161,10
E5600841,P003,248,0900,169692,10
E5600841,P003,923,0945,41,10
E5600841,P003,223,0900,35,10
E5600841,P003,936,0945,5,10
E5600841,P003,236,0900,5,10
E5600841,P003,911,0954,9,10
E5600841,P003,922,0945,30,10
E5600841,P003,222,0900,28,10
E5600841,P003,259,0900,159,10
E5600841,P004,248,0900,180054,10
E5600841,P004,923,0945,29,10
E5600841,P004,223,0900,22,10
E5600841,P004,936,0945,4,10
E5600841,P004,236,0900,4,10
E5600841,P004,911,0954,6,10
E5600841,P004,922,0945,22,10
E5600841,P004,222,0900,21,10
E5600841,P004,259,0900,184,10
E5600841,P005,248,0900,189518,10
E5600841,P005,923,0945,0,31
E5600841,P005,223,0900,14,10
E5600841,P005,936,0945,0,31
E5600841,P005,236,0900,4,10
E5600841,P005,911,0954,0,31
E5600841,P005,922,0945,0,31
E5600841,P005,222,0900,21,10
E5600841,P005,259,0900,193,10
E5600841,P006,248,0900,257478,10
E5600841,P006,923,0945,55,10
E5600841,P006,223,0900,36,10
E5600841,P006,936,0945,4,10
E5600841,P006,236,0900,5,10
E5600841,P006,911,0954,13,10
E5600841,P006,922,0945,50,10
E5600841,P006,222,0900,38,10
E5600841,P006,259,0900,129,10
E5600841,P007,248,0900,250336,10
E5600841,P007,923,0945,36,10
E5600841,P007,223,0900,39,10
E5600841,P007,936,0945,6,10
E5600841,P007,236,0900,6,10
E5600841,P007,911,0954,13,10
E5600841,P007,922,0945,69,10
E5600841,P007,222,0900,59,10
E5600841,P007,259,0900,138,10
E5600841,P008,248,0900,181566,10
E5600841,P008,923,0945,61,10
E5600841,P008,223,0900,51,10
E5600841,P008,936,0945,10,10
E5600841,P008,236,0900,10,10
E5600841,P008,911,0954,10,10
E5600841,P008,922,0945,8,10
E5600841,P008,222,0900,8,10
E5600841,P008,259,0900,52,10
E5600841,P009,248,0900,337751,10
E5600841,P009,923,0945,10,10
E5600841,P009,223,0900,10,10
E5600841,P009,936,0945,4,10
E5600841,P009,236,0900,5,10
E5600841,P009,911,0954,9,10
E5600841,P009,922,0945,26,10
E5600841,P009,222,0900,26,10
E5600841,P009,259,0900,126,10
E5600841,P010,248,0900,426172,10
E5600841,P010,923,0945,17,10
E5600841,P010,223,0900,19,10
E5600841,P010,936,0945,4,10
E5600841,P010,236,0900,5,10
E5600841,P010,911,0954,6,10
E5600841,P010,922,0945,23,10
E5600841,P010,222,0900,23,10
E5600841,P010,259,0900,110,10
E5600841,PC23,248,0900,33978,10
E5600841,PC23,923,0945,68,10
E5600841,PC23,223,0900,64,10
E5600841,PC23,936,0945,8,10
E5600841,PC23,236,0900,8,10
E5600841,PC23,911,0954,9,10
E5600841,PC23,922,0945,32,10
E5600841,PC23,222,0900,33,10
E5600841,PC23,259,0900,157,10
E5600841,PC83,248,0900,221582,10
E5600841,PC83,923,0945,49,10
E5600841,PC83,223,0900,48,10
E5600841,PC83,936,0945,6,10
E5600841,PC83,236,0900,6,10
E5600841,PC83,911,0954,14,10
E5600841,PC83,922,0945,29,10
E5600841,PC83,222,0900,0,30
E5600841,PC83,259,0900,170,10
E5600841,PPB1,248,0900,239238,10
E5600841,PPB1,923,0945,12,10
E5600841,PPB1,223,0900,13,10
E5600841,PPB1,936,0945,8,10
E5600841,PPB1,236,0900,8,10
E5600841,PPB1,911,0954,8,10
E5600841,PPB1,922,0945,31,10
E5600841,PPB1,222,0900,31,10
E5600841,PPB1,259,0900,145,10
E5600841,PPC1,248,0900,733197,10
E5600841,PPC1,923,0945,0,31
E5600841,PPC1,223,0900,23,10
E5600841,PPC1,936,0945,0,31
E5600841,PPC1,236,0900,3,10
E5600841,PPC1,911,0954,0,31
E5600841,PPC1,922,0945,0,31
E5600841,PPC1,222,0900,23,10
E5600841,PPC1,259,0900,134,10
E5600841,PR54,248,0900,52373,10
E5600841,PR54,923,0945,59,10
E5600841,PR54,223,0900,54,10
E5600841,PR54,936,0945,5,10
E5600841,PR54,236,0900,5,10
E5600841,PR54,911,0954,3,10
E5600841,PR54,922,0945,40,10
E5600841,PR54,222,0900,44,10
E5600841,PR54,259,0900,223,10
E5600841,PR61,248,0900,142157,10
E5600841,PR61,923,0945,74,10
E5600841,PR61,223,0900,75,10
E5600841,PR61,936,0945,3,10
E5600841,PR61,236,0900,3,10
E5600841,PR61,911,0954,7,10
E5600841,PR61,922,0945,41,10
E5600841,PR61,222,0900,41,10
E5600841,PR61,259,0900,323,10
E5600841,PR62,248,0900,100677,10
E5600841,PR62,923,0945,50,10
E5600841,PR62,223,0900,50,10
E5600841,PR62,936,0945,4,10
E5600841,PR62,236,0900,4,10
E5600841,PR62,911,0954,4,10
E5600841,PR62,922,0945,20,10
E5600841,PR62,222,0900,20,10
E5600841,PR62,259,0900,319,10
E5600841,PS11,248,0900,839660,10
E5600841,PS11,923,0945,38,10
E5600841,PS11,223,0900,38,10
E5600841,PS11,936,0945,11,10
E5600841,PS11,236,0900,11,10
E5600841,PS11,911,0954,11,10
E5600841,PS11,922,0945,62,10
E5600841,PS11,222,0900,62,10
E5600841,PS11,259,0900,164,10
E5600841,PS12,911,0954,9,10
E5600841,PS31,248,0900,778511,10
E5600841,PS31,923,0945,111,10
E5600841,PS31,223,0900,111,10
E5600841,PS31,936,0945,13,10
E5600841,PS31,236,0900,12,10
E5600841,PS31,911,0954,7,10
E5600841,PS31,922,0945,93,10
E5600841,PS31,222,0900,90,10
E5600841,PS31,259,0900,125,10
E5600841,PS32,911,0954,4,10
E5600841,PS51,248,0900,0,00
E5600841,PS51,923,0945,0,00
E5600841,PS51,223,0900,0,00
E5600841,PS51,936,0945,0,00
E5600841,PS51,236,0900,0,00
E5600841,PS51,911,0954,0,00
E5600841,PS51,922,0945,0,00
E5600841,PS51,222,0900,0,00
E5600841,PS51,259,0900,0,00
E5600841,PS52,911,0954,0,00
E5600841,PS71,248,0900,0,00
E5600841,PS71,923,0945,0,00
E5600841,PS71,223,0900,0,00
E5600841,PS71,936,0945,0,00
E5600841,PS71,236,0900,0,00
E5600841,PS71,911,0954,0,00
E5600841,PS71,922,0945,0,00
E5600841,PS71,222,0900,0,00
E5600841,PS71,259,0900,0,00
E5600841,PS72,911,0954,0,00
S2300438,P001,911,1000,5,10
E5600869,P001,911,1000,0,31
E5600896,P004,911,0948,0,00
E5600896,P005,911,0948,0,00
E5600896,P007,911,0948,5,10
E5600896,P008,911,0948,7,10
E5400878,P010,911,0948,1,10
E5600332,P001,911,1000,0,00
E5600332,P002,911,1000,0,00
E5600332,P003,911,1000,0,00
E5600850,PC01,911,1000,0,00
S1901066,P004,911,1000,6,10
E5600789,P001,911,1000,0,00
E5002890,P001,911,1000,5,10
E5002890,P002,911,1000,5,10
E5002890,P003,911,1000,0,00
S1900710,P015,911,1006,0,00
S1900710,P050,911,1006,6,10
S1900710,P056,911,1006,5,10
S1900710,P060,911,1006,3,10
S1900710,P070,911,1006,6,10
S1900685,P002,911,1000,11,10
S1900685,P421,911,1000,11,10
S1900685,P411,911,1000,4,10
S2100223,P015,911,1006,0,10
E5600056,P004,911,1006,0,00
E5600056,P006,911,1006,3,10
E5600056,P007,911,1006,0,00
E5600056,P008,911,1006,6,10
E5600056,P009,911,1006,2,10
E5600056,P016,911,1006,4,10
E5600056,P017,911,1006,2,10
E5600056,P018,911,1006,3,10
E5600056,P021,911,1006,3,10
E5600056,P022,911,1006,3,10
E5600056,P023,911,1006,1,10
E5600056,P024,911,1006,3,10
S2202553,P001,911,1000,1,10
S2202553,P002,911,1000,1,10
S2202553,P003,911,1000,1,10
E5600841,P001,911,1000,5,10
E5600841,P002,911,1000,5,10
E5600841,P003,911,1000,9,10
E5600841,P004,911,1000,6,10
E5600841,P005,911,1000,0,31
E5600841,P006,911,1000,13,10
E5600841,P007,911,1000,13,10
E5600841,P008,911,1000,10,10
E5600841,P009,911,1000,9,10
E5600841,P010,911,1000,6,10
E5600841,PC23,911,1000,9,10
E5600841,PC83,911,1000,14,10
E5600841,PPB1,911,1000,8,10
E5600841,PPC1,911,1000,0,31
E5600841,PR54,911,1000,3,10
E5600841,PR61,911,1000,7,10
E5600841,PR62,911,1000,4,10
E5600841,PS11,911,1000,11,10
E5600841,PS12,911,1000,11,10
E5600841,PS31,911,1000,7,10
E5600841,PS32,911,1000,4,10
E5600841,PS51,911,1000,0,00
E5600841,PS52,911,1000,0,00
E5600841,PS71,911,1000,0,00
E5600841,PS72,911,1000,0,00
E4900744,P001,911,1006,0,00
E4900744,P002,911,1006,0,00
E4900744,P023,911,1006,0,00
E4900333,P001,911,1000,9,10
E4900333,P002,911,1000,0,00
E4900333,P003,911,1000,0,32
E4900333,P103,911,1000,0,32
E4900333,P021,911,1000,6,10
E4900333,P105,911,1000,9,10
S2100223,P015,922,1000,0,10
S2100223,P015,923,1000,0,10
S2100223,P015,924,1000,0,10
S2100223,P015,936,1000,0,10
E5601197,P002,911,1006,4,10
E5601197,P003,911,1006,4,10
S2300438,P001,911,1006,5,10
E5600869,P001,911,1006,0,31
E4900744,P001,923,1000,0,00
E4900744,P023,923,1000,0,00
E4900744,P001,936,1000,0,00
E4900744,P023,936,1000,0,00
E5600896,P004,222,0900,0,00
E5600896,P004,223,0900,0,00
E5600896,P004,236,0900,0,00
E5600896,P004,248,0900,0,00
E5600896,P004,259,0900,0,00
E5600896,P005,222,0900,0,00
E5600896,P005,223,0900,0,00
E5600896,P005,236,0900,0,00
E5600896,P005,248,0900,0,00
E5600896,P005,259,0900,0,00
E5600896,P007,222,0900,0,10
E5600896,P007,223,0900,71,11
E5600896,P007,236,0900,5,10
E5600896,P007,248,0900,1479778,10
E5600896,P007,259,0900,158,10
E5600896,P008,222,0900,0,10
E5600896,P008,223,0900,62,10
E5600896,P008,236,0900,2,10
E5600896,P008,248,0900,1888613,10
E5600896,P008,259,0900,133,10
E5600896,P004,922,0945,0,00
E5600896,P004,923,0945,0,00
E5600896,P004,936,0945,0,00
E5600896,P005,922,0945,0,00
E5600896,P005,923,0945,0,00
E5600896,P005,936,0945,0,00
E5600896,P007,922,0945,0,10
E5600896,P007,923,0945,72,11
E5600896,P007,936,0945,5,10
E5600896,P008,922,0945,0,10
E5600896,P008,923,0945,62,10
E5600896,P008,936,0945,2,10
E5600896,P004,911,0954,0,00
E5600896,P005,911,0954,0,00
E5600896,P007,911,0954,5,10
E5600896,P008,911,0954,7,10
E5400878,P001,223,0900,21,10
E5400878,P001,236,0900,15,10
E5400878,P001,248,0900,767253,10
E5400878,P001,259,0900,116,10
E5400878,P002,223,0900,19,10
E5400878,P002,236,0900,15,10
E5400878,P002,248,0900,1709816,10
E5400878,P002,259,0900,115,10
E5400878,P003,223,0900,17,10
E5400878,P003,236,0900,15,10
E5400878,P003,248,0900,1536241,10
E5400878,P003,259,0900,114,10
E5400878,P010,223,0900,18,10
E5400878,P010,236,0900,13,10
E5400878,P010,248,0900,1402168,10
E5400878,P010,259,0900,99,10
E5400878,P001,923,0945,21,10
E5400878,P001,936,0945,15,10
E5400878,P002,923,0945,19,10
E5400878,P002,936,0945,15,10
E5400878,P003,923,0945,17,10
E5400878,P003,936,0945,15,10
E5400878,P010,923,0945,18,10
E5400878,P010,936,0945,13,10
E5400878,P010,911,0954,1,10
E5600332,P001,911,1006,0,00
E5600332,P002,911,1006,0,00
E5600332,P003,911,1006,0,00
E5600850,PC01,911,1006,0,00
S1901066,P004,911,1006,6,10
E5600789,P001,911,1006,0,00
E5002890,P001,911,1006,5,10
E5002890,P002,911,1006,5,10
E5002890,P003,911,1006,0,00
S1900710,P015,911,1012,0,00
S1900710,P050,911,1012,6,10
S1900710,P056,911,1012,6,10
S1900710,P060,911,1012,3,10
S1900710,P070,911,1012,6,10
S1900685,P002,911,1006,11,10
S1900685,P421,911,1006,12,10
S1900685,P411,911,1006,4,10
S2100223,P015,911,1012,0,10
S2300438,P001,922,1000,0,10
S2300438,P001,923,1000,31,10
S2300438,P001,936,1000,7,10
S2300438,P001,222,0900,0,10
S2300438,P001,223,0900,33,10
S2300438,P001,236,0900,7,10
S2300438,P001,248,0900,45983,10
S2300438,P001,259,0900,124,10
S2300429,P701,911,1006,0,00
S2300429,PF01,911,1006,9,10
E5600056,P004,911,1012,0,00
E5600056,P006,911,1012,3,10
E5600056,P007,911,1012,0,00
E5600056,P008,911,1012,6,10
E5600056,P009,911,1012,2,10
E5600056,P016,911,1012,5,10
E5600056,P017,911,1012,2,10
E5600056,P018,911,1012,3,10
E5600056,P021,911,1012,3,10
E5600056,P022,911,1012,3,10
E5600056,P023,911,1012,1,10
E5600056,P024,911,1012,3,10
S2202553,P001,911,1006,1,10
S2202553,P002,911,1006,1,10
S2202553,P003,911,1006,1,10
E5600841,P001,911,1006,5,10
E5600841,P002,911,1006,5,10
E5600841,P003,911,1006,9,10
E5600841,P004,911,1006,6,10
E5600841,P005,911,1006,0,31
E5600841,P006,911,1006,13,10
E5600841,P007,911,1006,13,10
E5600841,P008,911,1006,10,10
E5600841,P009,911,1006,9,10
E5600841,P010,911,1006,6,10
E5600841,PC23,911,1006,10,10
E5600841,PC83,911,1006,15,10
E5600841,PPB1,911,1006,8,10
E5600841,PPC1,911,1006,0,31
E5600841,PR54,911,1006,3,10
E5600841,PR61,911,1006,7,10
E5600841,PR62,911,1006,4,10
E5600841,PS11,911,1006,11,10
E5600841,PS12,911,1006,11,10
E5600841,PS31,911,1006,7,10
E5600841,PS32,911,1006,4,10
E5600841,PS51,911,1006,0,00
E5600841,PS52,911,1006,0,00
E5600841,PS71,911,1006,0,00
E5600841,PS72,911,1006,0,00
E5600850,PC01,923,1000,0,00
E5600850,PC01,924,1000,0,00
E5600850,PC01,936,1000,0,00
E5600850,PC01,926,1000,0,00
E5600850,PC01,223,0900,0,00
E5600850,PC01,224,0900,0,00
E5600850,PC01,236,0900,0,00
E5600850,PC01,226,0900,0,00
E5600850,PC01,248,0900,0,00
E5600850,PC01,259,0900,0,00
S1901066,P004,922,1000,230,10
S1901066,P004,923,1000,183,10
S1901066,P004,924,1000,1,10
S1901066,P004,936,1000,4,10
S1901066,P004,937,1000,11,10
S1901066,P004,222,0900,230,10
S1901066,P004,223,0900,182,10
S1901066,P004,224,0900,1,10
S1901066,P004,236,0900,4,10
S1901066,P004,237,0900,11,10
S1901066,P004,248,0900,122454,10
S1901066,P004,259,0900,243,10
S2201109,P711,911,1006,15,10
S2201109,P731,911,1006,18,10
S2201109,P741,911,1006,15,10
S2201109,P751,911,1006,15,10
E5600869,P001,922,1000,0,31
E5600869,P001,923,1000,0,31
E5600869,P001,936,1000,0,31
S1900685,P421,922,1000,10,10
S1900685,P421,923,1000,51,10
S1900685,P421,936,1000,6,10
S1900685,P411,922,1000,17,10
S1900685,P411,923,1000,62,10
S1900685,P411,936,1000,12,10
E4900744,P001,911,1012,0,00
E4900744,P002,911,1012,0,00
E4900744,P023,911,1012,0,00
S2300429,P701,911,1000,0,00
S2300429,P701,922,1000,0,00
S2300429,P701,923,1000,0,00
S2300429,P701,936,1000,0,00
S2300429,PF01,911,1000,9,10
S2300429,PF01,922,1000,22,10
S2300429,PF01,923,1000,27,10
S2300429,PF01,936,1000,6,10
S2300429,P701,222,0900,0,00
S2300429,P701,223,0900,0,00
S2300429,P701,236,0900,0,00
S2300429,P701,248,0900,0,00
S2300429,P701,259,0900,0,00
S2300429,PF01,222,0900,24,10
S2300429,PF01,223,0900,28,10
S2300429,PF01,236,0900,6,10
S2300429,PF01,248,0900,269522,10
S2300429,PF01,259,0900,58,10
E4900333,P001,911,1006,9,10
E4900333,P002,911,1006,0,00
E4900333,P003,911,1006,0,32
E4900333,P103,911,1006,0,32
E4900333,P021,911,1006,6,10
E4900333,P105,911,1006,9,10
E5002890,P001,922,1000,0,10
E5002890,P002,922,1000,0,10
E5002890,P003,922,1000,0,00
E5002890,P001,923,1000,78,10
E5002890,P002,923,1000,106,10
E5002890,P003,923,1000,0,00
E5002890,P001,924,1000,2,10
E5002890,P002,924,1000,3,10
E5002890,P003,924,1000,0,00
E5002890,P001,926,1000,14,10
E5002890,P002,926,1000,6,10
E5002890,P003,926,1000,0,00
E5002890,P001,936,1000,11,10
E5002890,P002,936,1000,11,10
E5002890,P003,936,1000,0,00
E2000554,P003,923,1015,42,10
E2000554,P003,922,1015,14,10
E2000554,P003,936,1015,5,10
S1900710,P070,923,1015,21,10
S1900710,P070,936,1015,8,10
S1900710,P070,922,1015,17,10
S1900710,P015,923,1015,0,00
S1900710,P015,936,1015,0,00
S1900710,P015,922,1015,0,00
S1900710,P050,923,1015,111,10
S1900710,P050,936,1015,5,10
S1900710,P050,922,1015,71,10
S1900710,P056,923,1015,34,10
S1900710,P056,936,1015,4,10
S1900710,P056,922,1015,24,10
S1900710,P060,923,1015,23,10
S1900710,P060,936,1015,5,10
S1900710,P060,922,1015,26,10
S2202553,P001,922,1000,0,31
S2202553,P002,922,1000,0,31
S2202553,P003,922,1000,0,31
S2202553,P001,923,1000,0,31
S2202553,P002,923,1000,0,31
S2202553,P003,923,1000,0,31
S2202553,P001,924,1000,0,31
S2202553,P002,924,1000,0,31
S2202553,P003,924,1000,0,31
S2202553,P001,926,1000,0,31
S2202553,P002,926,1000,0,31
S2202553,P003,926,1000,0,31
S2202553,P001,936,1000,0,31
S2202553,P002,936,1000,0,31
S2202553,P003,936,1000,0,31
E5600850,PC01,911,1012,0,00
E5601197,P002,911,1012,3,10
E5601197,P003,911,1012,3,10
E5600841,P001,923,1000,29,10
E5600841,P001,936,1000,4,10
E5600841,P001,922,1000,30,10
E5600841,P002,923,1000,0,31
E5600841,P002,936,1000,4,10
E5600841,P002,922,1000,0,31
E5600841,P003,923,1000,31,10
E5600841,P003,936,1000,5,10
E5600841,P003,922,1000,27,10
E5600841,P004,923,1000,20,10
E5600841,P004,936,1000,4,10
E5600841,P004,922,1000,21,10
E5600841,P005,923,1000,0,31
E5600841,P005,936,1000,0,31
E5600841,P005,922,1000,0,31
E5600841,P006,923,1000,53,10
E5600841,P006,936,1000,5,10
E5600841,P006,922,1000,67,10
E5600841,P007,923,1000,26,10
E5600841,P007,936,1000,6,10
E5600841,P007,922,1000,72,10
E5600841,P008,923,1000,66,10
E5600841,P008,936,1000,10,10
E5600841,P008,922,1000,8,10
E5600841,P009,923,1000,10,10
E5600841,P009,936,1000,4,10
E5600841,P009,922,1000,25,10
E5600841,P010,923,1000,20,10
E5600841,P010,936,1000,5,10
E5600841,P010,922,1000,22,10
E5600841,PC23,923,1000,55,10
E5600841,PC23,936,1000,8,10
E5600841,PC23,922,1000,31,10
E5600841,PC83,923,1000,51,10
E5600841,PC83,936,1000,6,10
E5600841,PC83,922,1000,27,10
E5600841,PPB1,923,1000,13,10
E5600841,PPB1,936,1000,8,10
E5600841,PPB1,922,1000,29,10
E5600841,PPC1,923,1000,0,31
E5600841,PPC1,936,1000,0,31
E5600841,PPC1,922,1000,0,31
E5600841,PR54,923,1000,73,10
E5600841,PR54,936,1000,6,10
E5600841,PR54,922,1000,35,10
E5600841,PR61,923,1000,79,10
E5600841,PR61,936,1000,3,10
E5600841,PR61,922,1000,43,10
E5600841,PR62,923,1000,52,10
E5600841,PR62,936,1000,4,10
E5600841,PR62,922,1000,21,10
E5600841,PS11,923,1000,38,10
E5600841,PS11,936,1000,11,10
E5600841,PS11,922,1000,62,10
E5600841,PS31,923,1000,112,10
E5600841,PS31,936,1000,12,10
E5600841,PS31,922,1000,72,10
E5600841,PS51,923,1000,0,00
E5600841,PS51,936,1000,0,00
E5600841,PS51,922,1000,0,00
E5600841,PS71,923,1000,0,00
E5600841,PS71,936,1000,0,00
E5600841,PS71,922,1000,0,00
S2300438,P001,911,1012,5,10
E5600056,P004,922,1015,0,00
E5600056,P004,923,1015,0,00
E5600056,P004,924,1015,0,00
E5600056,P004,936,1015,0,00
E5600056,P006,922,1015,96,10
E5600056,P006,923,1015,100,10
E5600056,P006,924,1015,97,10
E5600056,P006,936,1015,1,10
E5600056,P007,922,1015,0,00
E5600056,P007,923,1015,0,00
E5600056,P007,924,1015,0,00
E5600056,P007,936,1015,0,00
E5600056,P008,922,1015,48,10
E5600056,P008,923,1015,66,10
E5600056,P008,924,1015,22,10
E5600056,P008,936,1015,5,10
E5600056,P016,922,1015,0,10
E5600056,P016,923,1015,36,10
E5600056,P016,936,1015,12,10
E5600056,P017,922,1015,2,10
E5600056,P017,923,1015,23,10
E5600056,P017,924,1015,0,10
E5600056,P017,936,1015,3,10
E5600056,P018,922,1015,0,10
E5600056,P018,923,1015,14,10
E5600056,P018,924,1015,0,10
E5600056,P018,936,1015,4,10
E5600056,P021,922,1015,0,10
E5600056,P021,923,1015,43,10
E5600056,P021,924,1015,0,10
E5600056,P021,936,1015,4,10
E5600056,P024,922,1015,3,10
E5600056,P024,923,1015,28,10
E5600056,P024,924,1015,2,10
E5600056,P024,936,1015,6,10
E5600056,P034,922,1015,5,10
E5600056,P034,923,1015,54,10
E5600056,P034,936,1015,1,10
E5600789,P001,911,1012,0,00
E5600056,P004,911,1018,0,00
E5600056,P006,911,1018,3,10
E5600056,P007,911,1018,0,00
E5600056,P008,911,1018,6,10
E5600056,P009,911,1018,2,10
E5600056,P016,911,1018,5,10
E5600056,P017,911,1018,2,10
E5600056,P018,911,1018,3,10
E5600056,P021,911,1018,3,10
E5600056,P022,911,1018,3,10
E5600056,P023,911,1018,1,10
E5600056,P024,911,1018,3,10
E5600869,P001,911,1012,0,31
S1900710,P070,911,1018,6,10
S1900710,P015,911,1018,0,00
S1900710,P050,911,1018,6,10
S1900710,P056,911,1018,6,10
S1900710,P060,911,1018,4,10
S2202553,P001,911,1012,1,10
S2202553,P002,911,1012,1,10
S2202553,P003,911,1012,1,10
E5600896,P004,911,1000,0,00
E5600896,P005,911,1000,0,00
E5600896,P007,911,1000,5,10
E5600896,P008,911,1000,7,10
E5400878,P010,911,1000,1,10
E5600332,P001,911,1012,0,00
E5600332,P002,911,1012,0,00
E5600332,P003,911,1012,0,00
S1901066,P004,911,1012,6,10
E5002890,P001,911,1012,5,10
E5002890,P002,911,1012,5,10
E5002890,P003,911,1012,0,00
S1900685,P002,911,1012,11,10
S1900685,P421,911,1012,12,10
S1900685,P411,911,1012,4,10
S2100223,P015,911,1018,0,10
S2300429,P701,911,1012,0,00
S2300429,PF01,911,1012,9,10
E4900333,P001,922,1000,1,10
E4900333,P002,922,1000,0,00
E4900333,P003,922,1000,0,32
E4900333,P103,922,1000,0,32
E4900333,P021,922,1000,0,10
E4900333,P105,922,1000,48,10
E4900333,P001,923,1000,74,10
E4900333,P002,923,1000,0,00
E4900333,P003,923,1000,0,32
E4900333,P103,923,1000,0,32
E4900333,P021,923,1000,29,10
E4900333,P105,923,1000,67,10
E4900333,P001,936,1000,12,10
E4900333,P002,936,1000,0,00
E4900333,P003,936,1000,0,32
E4900333,P103,936,1000,0,32
E4900333,P021,936,1000,8,10
E4900333,P105,936,1000,10,10
E5600841,P001,911,1012,5,10
E5600841,P002,911,1012,5,10
E5600841,P003,911,1012,9,10
E5600841,P004,911,1012,6,10
E5600841,P005,911,1012,0,31
E5600841,P006,911,1012,13,10
E5600841,P007,911,1012,13,10
E5600841,P008,911,1012,10,10
E5600841,P009,911,1012,9,10
E5600841,P010,911,1012,6,10
E5600841,PC23,911,1012,9,10
E5600841,PC83,911,1012,14,10
E5600841,PPB1,911,1012,8,10
E5600841,PPC1,911,1012,0,31
E5600841,PR54,911,1012,3,10
E5600841,PR61,911,1012,7,10
E5600841,PR62,911,1012,4,10
E5600841,PS11,911,1012,11,10
E5600841,PS12,911,1012,10,10
E5600841,PS31,911,1012,7,10
E5600841,PS32,911,1012,4,10
E5600841,PS51,911,1012,0,00
E5600841,PS52,911,1012,0,00
E5600841,PS71,911,1012,0,00
E5600841,PS72,911,1012,0,00
S2201109,P711,911,0900,15,10
S2201109,P731,911,0900,18,10
S2201109,P741,911,0900,15,10
S2201109,P751,911,0900,15,10
S2201109,P711,923,0900,0,30
S2201109,P711,936,0900,0,30
S2201109,P711,922,0900,0,30
S2201109,P731,923,0900,0,30
S2201109,P731,936,0900,0,30
S2201109,P731,922,0900,0,30
S2201109,P741,923,0900,0,30
S2201109,P741,936,0900,0,30
S2201109,P741,922,0900,0,30
S2201109,P751,923,0900,0,30
S2201109,P751,936,0900,0,30
S2201109,P751,922,0900,0,30
S2201109,P711,248,0900,7686,10
S2201109,P711,223,0900,18,10
S2201109,P711,236,0900,6,10
S2201109,P711,222,0900,4,10
S2201109,P711,259,0900,54,10
S2201109,P731,248,0900,4236,10
S2201109,P731,223,0900,46,10
S2201109,P731,236,0900,7,10
S2201109,P731,222,0900,15,10
S2201109,P731,259,0900,53,10
S2201109,P741,248,0900,0,31
S2201109,P741,223,0900,0,31
S2201109,P741,236,0900,0,31
S2201109,P741,222,0900,0,31
S2201109,P741,259,0900,54,10
S2201109,P751,248,0900,5126,10
S2201109,P751,223,0900,52,10
S2201109,P751,236,0900,6,10
S2201109,P751,222,0900,15,10
S2201109,P751,259,0900,51,10
S2201109,P711,911,1012,15,10
S2201109,P731,911,1012,18,10
S2201109,P741,911,1012,15,10
S2201109,P751,911,1012,15,10
E4900744,P001,911,1018,0,00
E4900744,P002,911,1018,0,00
E4900744,P023,911,1018,0,00
E4900333,P001,911,1012,9,10
E4900333,P002,911,1012,0,00
E4900333,P003,911,1012,0,32
E4900333,P103,911,1012,0,32
E4900333,P021,911,1012,6,10
E4900333,P105,911,1012,9,10
S2300438,P001,911,1018,5,10
E5600850,PC01,911,1018,0,00
E5601197,P002,911,1018,3,10
E5601197,P003,911,1018,3,10
E5600789,P001,911,1018,0,00
E5600056,P004,911,1024,0,00
E5600056,P006,911,1024,3,10
E5600056,P007,911,1024,0,00
E5600056,P008,911,1024,6,10
E5600056,P009,911,1024,2,10
E5600056,P016,911,1024,5,10
E5600056,P017,911,1024,2,10
E5600056,P018,911,1024,3,10
E5600056,P021,911,1024,3,10
E5600056,P022,911,1024,3,10
E5600056,P023,911,1024,1,10
E5600056,P024,911,1024,3,10
E5600869,P001,911,1018,0,31
S1900710,P015,911,1024,0,00
S1900710,P050,911,1024,6,10
S1900710,P056,911,1024,5,10
S1900710,P060,911,1024,2,10
S1900710,P070,911,1024,6,10
S2202553,P001,911,1018,1,10
S2202553,P002,911,1018,1,10
S2202553,P003,911,1018,1,10
E5600896,P004,911,1006,0,00
E5600896,P005,911,1006,0,00
E5600896,P007,911,1006,5,10
E5600896,P008,911,1006,7,10
E5400878,P010,911,1006,1,10
E5600332,P001,911,1018,0,00
E5600332,P002,911,1018,0,00
E5600332,P003,911,1018,0,00
S1901066,P004,911,1018,5,10
E5002890,P001,911,1018,5,10
E5002890,P002,911,1018,6,10
E5002890,P003,911,1018,0,00
S1900685,P002,911,1018,12,10
S1900685,P421,911,1018,13,10
S1900685,P411,911,1018,4,10
S2100223,P015,911,1024,0,10
S2100223,P015,922,1015,0,10
S2100223,P015,923,1015,0,10
S2100223,P015,924,1015,0,10
S2100223,P015,936,1015,0,10
S2300429,P701,911,1018,0,00
S2300429,PF01,911,1018,9,10
E5600841,P001,911,1018,5,10
E5600841,P002,911,1018,5,10
E5600841,P003,911,1018,9,10
E5600841,P004,911,1018,6,10
E5600841,P005,911,1018,0,31
E5600841,P006,911,1018,12,10
E5600841,P007,911,1018,13,10
E5600841,P008,911,1018,10,10
E5600841,P009,911,1018,9,10
E5600841,P010,911,1018,6,10
E5600841,PC23,911,1018,9,10
E5600841,PC83,911,1018,14,10
E5600841,PPB1,911,1018,8,10
E5600841,PPC1,911,1018,0,31
E5600841,PR54,911,1018,3,10
E5600841,PR61,911,1018,7,10
E5600841,PR62,911,1018,4,10
E5600841,PS11,911,1018,11,10
E5600841,PS12,911,1018,9,10
E5600841,PS31,911,1018,7,10
E5600841,PS32,911,1018,4,10
E5600841,PS51,911,1018,12,10
E5600841,PS52,911,1018,8,10
E5600841,PS71,911,1018,0,00
E5600841,PS72,911,1018,0,00
S2201109,P711,911,1018,15,10
S2201109,P731,911,1018,19,10
S2201109,P741,911,1018,15,10
S2201109,P751,911,1018,14,10
E4900744,P001,911,1024,0,00
E4900744,P002,911,1024,0,00
E4900744,P023,911,1024,0,00
E4900744,P001,923,1015,0,00
E4900744,P023,923,1015,0,00
E4900744,P001,936,1015,0,00
E4900744,P023,936,1015,0,00
E5600896,P004,922,1000,0,00
E5600896,P004,923,1000,0,00
E5600896,P004,936,1000,0,00
E5600896,P005,922,1000,0,00
E5600896,P005,923,1000,0,00
E5600896,P005,936,1000,0,00
E5600896,P007,922,1000,0,10
E5600896,P007,923,1000,72,11
E5600896,P007,936,1000,5,10
E5600896,P008,922,1000,0,10
E5600896,P008,923,1000,62,10
E5600896,P008,936,1000,2,10
E5400878,P001,923,1000,21,10
E5400878,P001,936,1000,15,10
E5400878,P002,923,1000,19,10
E5400878,P002,936,1000,15,10
E5400878,P003,923,1000,17,10
E5400878,P003,936,1000,15,10
E5400878,P010,923,1000,18,10
E5400878,P010,936,1000,13,10
S2300438,P001,922,1015,0,10
S2300438,P001,923,1015,29,10
S2300438,P001,936,1015,7,10
E4900333,P001,911,1018,9,10
E4900333,P002,911,1018,0,00
E4900333,P003,911,1018,0,32
E4900333,P103,911,1018,0,32
E4900333,P021,911,1018,6,10
E4900333,P105,911,1018,9,10
S2300438,P001,911,1024,5,10
E5600850,PC01,923,1015,0,00
E5600850,PC01,924,1015,0,00
E5600850,PC01,936,1015,0,00
E5600850,PC01,926,1015,0,00
E5600332,P001,911,1024,0,00
E5600332,P002,911,1024,0,00
E5600332,P003,911,1024,0,00
E5600850,PC01,911,1024,0,00
E5601197,P002,911,1024,3,10
E5601197,P003,911,1024,3,10
E5600789,P001,911,1024,0,00
E5600056,P004,911,1030,0,00
E5600056,P006,911,1030,3,10
E5600056,P007,911,1030,0,00
E5600056,P008,911,1030,6,10
E5600056,P009,911,1030,2,10
E5600056,P016,911,1030,5,10
E5600056,P017,911,1030,2,10
E5600056,P018,911,1030,3,10
E5600056,P021,911,1030,3,10
E5600056,P022,911,1030,3,10
E5600056,P023,911,1030,1,10
E5600056,P024,911,1030,3,10
E5600056,P004,922,1030,0,00
E5600056,P004,923,1030,0,00
E5600056,P004,924,1030,0,00
E5600056,P004,936,1030,0,00
E5600056,P006,922,1030,10,10
E5600056,P006,923,1030,22,10
E5600056,P006,924,1030,1,10
E5600056,P006,936,1030,2,10
E5600056,P007,922,1030,0,00
E5600056,P007,923,1030,0,00
E5600056,P007,924,1030,0,00
E5600056,P007,936,1030,0,00
E5600056,P008,922,1030,50,10
E5600056,P008,923,1030,64,10
E5600056,P008,924,1030,27,10
E5600056,P008,936,1030,5,10
E5600056,P016,922,1030,0,10
E5600056,P016,923,1030,37,10
E5600056,P016,936,1030,12,10
E5600056,P017,922,1030,2,10
E5600056,P017,923,1030,22,10
E5600056,P017,924,1030,0,10
E5600056,P017,936,1030,3,10
E5600056,P018,922,1030,0,10
E5600056,P018,923,1030,14,10
E5600056,P018,936,1030,4,10
E5600056,P021,922,1030,0,10
E5600056,P021,923,1030,42,10
E5600056,P021,936,1030,4,10
E5600056,P024,922,1030,3,10
E5600056,P024,923,1030,27,10
E5600056,P024,924,1030,2,10
E5600056,P024,936,1030,6,10
E5600056,P034,923,1030,56,10
E5600056,P034,936,1030,1,10
E5600869,P001,911,1024,0,31
E5600869,P001,922,1015,0,31
E5600869,P001,923,1015,0,31
E5600869,P001,936,1015,0,31
S1900710,P015,911,1030,0,00
S1900710,P050,911,1030,6,10
S1900710,P056,911,1030,6,10
S1900710,P060,911,1030,4,10
S1900710,P070,911,1030,6,10
S1900710,P015,923,1030,0,00
S1900710,P015,936,1030,0,00
S1900710,P015,922,1030,0,00
S1900710,P050,923,1030,111,10
S1900710,P050,936,1030,5,10
S1900710,P050,922,1030,70,10
S1900710,P056,923,1030,32,10
S1900710,P056,936,1030,4,10
S1900710,P056,922,1030,25,10
S1900710,P060,923,1030,23,10
S1900710,P060,936,1030,5,10
S1900710,P060,922,1030,26,10
S1900710,P070,923,1030,20,10
S1900710,P070,936,1030,8,10
S1900710,P070,922,1030,16,10
S2202553,P001,911,1024,1,10
S2202553,P002,911,1024,1,10
S2202553,P003,911,1024,1,10
S2202553,P001,922,1015,0,31
S2202553,P002,922,1015,0,31
S2202553,P003,922,1015,0,31
S2202553,P001,923,1015,0,31
S2202553,P002,923,1015,0,31
S2202553,P003,923,1015,0,31
S2202553,P001,924,1015,0,31
S2202553,P002,924,1015,0,31
S2202553,P003,924,1015,0,31
S2202553,P001,926,1015,0,31
S2202553,P002,926,1015,0,31
S2202553,P003,926,1015,0,31
S2202553,P001,936,1015,0,31
S2202553,P002,936,1015,0,31
S2202553,P003,936,1015,0,31
S1901066,P004,922,1015,230,10
S1901066,P004,923,1015,183,10
S1901066,P004,924,1015,1,10
S1901066,P004,936,1015,4,10
S1901066,P004,937,1015,11,10
E5600896,P004,911,1012,0,00
E5600896,P005,911,1012,0,00
E5600896,P007,911,1012,5,10
E5600896,P008,911,1012,7,10
E5400878,P010,911,1012,1,10
S1901066,P004,911,1024,6,10
E5002890,P001,911,1024,5,10
E5002890,P002,911,1024,6,10
E5002890,P003,911,1024,0,00
E5002890,P001,922,1015,0,10
E5002890,P002,922,1015,0,10
E5002890,P003,922,1015,0,00
E5002890,P001,923,1015,76,10
E5002890,P002,923,1015,100,10
E5002890,P003,923,1015,0,00
E5002890,P001,924,1015,3,10
E5002890,P002,924,1015,3,10
E5002890,P003,924,1015,0,00
E5002890,P001,926,1015,19,10
E5002890,P002,926,1015,4,10
E5002890,P003,926,1015,0,00
E5002890,P001,936,1015,12,10
E5002890,P002,936,1015,10,10
E5002890,P003,936,1015,0,00
S1900685,P002,911,1024,11,10
S1900685,P421,911,1024,14,10
S1900685,P421,922,1015,8,10
S1900685,P421,923,1015,50,10
S1900685,P421,936,1015,6,10
S1900685,P411,911,1024,4,10
S1900685,P411,922,1015,17,10
S1900685,P411,923,1015,62,10
S1900685,P411,936,1015,12,10
S2100223,P015,911,1030,0,10
S2300429,P701,922,1015,0,00
S2300429,P701,923,1015,0,00
S2300429,P701,936,1015,0,00
S2300429,PF01,922,1015,23,10
S2300429,PF01,923,1015,25,10
S2300429,PF01,936,1015,6,10
S2300429,P701,911,1024,0,00
S2300429,PF01,911,1024,9,10
E5600841,P001,923,1015,22,10
E5600841,P001,936,1015,4,10
E5600841,P001,911,1024,5,10
E5600841,P001,922,1015,27,10
E5600841,P002,923,1015,0,31
E5600841,P002,936,1015,4,10
E5600841,P002,911,1024,5,10
E5600841,P002,922,1015,0,31
E5600841,P003,923,1015,21,10
E5600841,P003,936,1015,5,10
E5600841,P003,911,1024,9,10
E5600841,P003,922,1015,24,10
E5600841,P004,923,1015,20,10
E5600841,P004,936,1015,4,10
E5600841,P004,911,1024,7,10
E5600841,P004,922,1015,20,10
E5600841,P005,923,1015,0,31
E5600841,P005,936,1015,0,31
E5600841,P005,911,1024,0,31
E5600841,P005,922,1015,0,31
E5600841,P006,923,1015,66,10
E5600841,P006,936,1015,6,10
E5600841,P006,911,1024,12,10
E5600841,P006,922,1015,71,10
E5600841,P007,923,1015,23,10
E5600841,P007,936,1015,6,10
E5600841,P007,911,1024,13,10
E5600841,P007,922,1015,74,10
E5600841,P008,923,1015,68,10
E5600841,P008,936,1015,10,10
E5600841,P008,911,1024,10,10
E5600841,P008,922,1015,9,10
E5600841,P009,923,1015,9,10
E5600841,P009,936,1015,4,10
E5600841,P009,911,1024,9,10
E5600841,P009,922,1015,26,10
E5600841,P010,923,1015,18,10
E5600841,P010,936,1015,5,10
E5600841,P010,911,1024,6,10
E5600841,P010,922,1015,23,10
E5600841,PC23,923,1015,61,10
E5600841,PC23,936,1015,7,10
E5600841,PC23,911,1024,9,10
E5600841,PC23,922,1015,31,10
E5600841,PC83,923,1015,47,10
E5600841,PC83,936,1015,6,10
E5600841,PC83,911,1024,14,10
E5600841,PC83,922,1015,28,10
E5600841,PPB1,923,1015,12,10
E5600841,PPB1,936,1015,6,10
E5600841,PPB1,911,1024,8,10
E5600841,PPB1,922,1015,29,10
E5600841,PPC1,923,1015,0,31
E5600841,PPC1,936,1015,0,31
E5600841,PPC1,911,1024,0,31
E5600841,PPC1,922,1015,0,31
E5600841,PR54,923,1015,98,10
E5600841,PR54,936,1015,7,10
E5600841,PR54,911,1024,3,10
E5600841,PR54,922,1015,33,10
E5600841,PR61,923,1015,74,10
E5600841,PR61,936,1015,3,10
E5600841,PR61,911,1024,7,10
E5600841,PR61,922,1015,42,10
E5600841,PR62,923,1015,50,10
E5600841,PR62,936,1015,4,10
E5600841,PR62,911,1024,4,10
E5600841,PR62,922,1015,21,10
E5600841,PS11,923,1015,40,10
E5600841,PS11,936,1015,11,10
E5600841,PS11,911,1024,11,10
E5600841,PS11,922,1015,65,10
E5600841,PS12,911,1024,9,10
E5600841,PS31,923,1015,110,10
E5600841,PS31,936,1015,12,10
E5600841,PS31,911,1024,7,10
E5600841,PS31,922,1015,96,10
E5600841,PS32,911,1024,4,10
E5600841,PS51,923,1015,65,10
E5600841,PS51,936,1015,13,10
E5600841,PS51,911,1024,12,10
E5600841,PS51,922,1015,18,10
E5600841,PS52,911,1024,8,10
E5600841,PS71,923,1015,0,00
E5600841,PS71,936,1015,0,00
E5600841,PS71,911,1024,0,00
E5600841,PS71,922,1015,0,00
E5600841,PS72,911,1024,0,00
S2201109,P711,923,1015,20,10
S2201109,P711,936,1015,6,10
S2201109,P711,922,1015,4,10
S2201109,P731,923,1015,47,10
S2201109,P731,936,1015,7,10
S2201109,P731,922,1015,15,10
S2201109,P741,923,1015,0,30
S2201109,P741,936,1015,0,30
S2201109,P741,922,1015,0,30
S2201109,P751,923,1015,53,10
S2201109,P751,936,1015,6,10
S2201109,P751,922,1015,14,10
S2201109,P711,911,1024,15,10
S2201109,P731,911,1024,19,10
S2201109,P741,911,1024,12,10
S2201109,P751,911,1024,13,10
E4900744,P001,911,1030,0,00
E4900744,P002,911,1030,0,00
E4900744,P023,911,1030,0,00
E4900333,P001,911,1024,9,10
E4900333,P002,911,1024,0,32
E4900333,P003,911,1024,0,32
E4900333,P103,911,1024,0,32
E4900333,P021,911,1024,6,10
E4900333,P105,911,1024,0,32
E4900333,P001,922,1015,1,10
E4900333,P002,922,1015,0,00
E4900333,P003,922,1015,0,32
E4900333,P103,922,1015,0,32
E4900333,P021,922,1015,0,10
E4900333,P105,922,1015,47,10
E4900333,P001,923,1015,74,10
E4900333,P002,923,1015,0,00
E4900333,P003,923,1015,0,32
E4900333,P103,923,1015,0,32
E4900333,P021,923,1015,32,10
E4900333,P105,923,1015,67,10
E4900333,P001,936,1015,12,10
E4900333,P002,936,1015,0,00
E4900333,P003,936,1015,0,32
E4900333,P103,936,1015,0,32
E4900333,P021,936,1015,8,10
E4900333,P105,936,1015,10,10
S2300438,P001,911,1030,5,10
E5600332,P001,911,1030,0,00
E5600332,P002,911,1030,0,00
E5600332,P003,911,1030,0,00
E5601197,P002,911,1030,3,10
E5601197,P003,911,1030,3,10
E5600850,PC01,911,1030,0,00
E5600789,P001,911,1030,0,00
E5600056,P004,911,1036,0,00
E5600056,P006,911,1036,3,10
E5600056,P007,911,1036,0,00
E5600056,P008,911,1036,6,10
E5600056,P009,911,1036,2,10
E5600056,P016,911,1036,4,10
E5600056,P017,911,1036,2,10
E5600056,P018,911,1036,3,10
E5600056,P021,911,1036,3,10
E5600056,P022,911,1036,3,10
E5600056,P023,911,1036,1,10
E5600056,P024,911,1036,3,10
E5600869,P001,911,1030,0,31
S1900710,P015,911,1036,0,00
S1900710,P050,911,1036,7,10
S1900710,P056,911,1036,6,10
S1900710,P060,911,1036,5,10
S1900710,P070,911,1036,6,10
S2202553,P001,911,1030,1,10
S2202553,P002,911,1030,1,10
S2202553,P003,911,1030,1,10
E5600896,P004,911,1018,0,00
E5600896,P005,911,1018,0,00
E5600896,P007,911,1018,5,10
E5600896,P008,911,1018,7,10
E5400878,P010,911,1018,1,10
S1901066,P004,911,1030,6,10
E5002890,P001,911,1030,5,10
E5002890,P002,911,1030,5,10
E5002890,P003,911,1030,0,00
S1900685,P002,911,1030,11,10
S1900685,P421,911,1030,17,10
S1900685,P411,911,1030,4,10
S2100223,P015,911,1036,0,10
E4900744,P001,911,1036,0,00
E4900744,P002,911,1036,0,00
E4900744,P023,911,1036,0,00
E4900333,P001,911,1030,9,10
E4900333,P002,911,1030,0,00
E4900333,P003,911,1030,0,32
E4900333,P103,911,1030,0,32
E4900333,P021,911,1030,6,10
E4900333,P105,911,1030,9,10
S2300438,P001,911,1036,5,10
S2100223,P015,922,1030,0,10
S2100223,P015,923,1030,0,10
S2100223,P015,924,1030,0,10
S2100223,P015,936,1030,0,10
E5600332,P001,911,1036,0,00
E5600332,P002,911,1036,0,00
E5600332,P003,911,1036,0,00
E5601197,P002,911,1036,3,10
E5601197,P003,911,1036,3,10
E5600850,PC01,911,1036,0,00
E5600789,P001,911,1036,0,00
E5600056,P004,911,1042,0,00
E5600056,P006,911,1042,3,10
E5600056,P007,911,1042,0,00
E5600056,P008,911,1042,6,10
E5600056,P009,911,1042,2,10
E5600056,P016,911,1042,4,10
E5600056,P017,911,1042,2,10
E5600056,P018,911,1042,3,10
E5600056,P021,911,1042,3,10
E5600056,P022,911,1042,3,10
E5600056,P023,911,1042,1,10
E5600056,P024,911,1042,3,10
E5002890,P001,911,1036,5,10
E5002890,P002,911,1036,5,10
E5002890,P003,911,1036,0,00
E5600869,P001,911,1036,0,31
S1900710,P015,911,1042,0,00
S1900710,P050,911,1042,6,10
S1900710,P056,911,1042,6,10
S1900710,P060,911,1042,3,10
S1900710,P070,911,1042,6,10
S2202553,P001,911,1036,1,10
S2202553,P002,911,1036,1,10
S2202553,P003,911,1036,1,10
E4900744,P001,923,1030,0,00
E4900744,P023,923,1030,0,00
E4900744,P001,936,1030,0,00
E4900744,P023,936,1030,0,00
E5600896,P004,922,1015,0,00
E5600896,P004,923,1015,0,00
E5600896,P004,936,1015,0,00
E5600896,P005,922,1015,0,00
E5600896,P005,923,1015,0,00
E5600896,P005,936,1015,0,00
E5600896,P007,922,1015,0,10
E5600896,P007,923,1015,72,11
E5600896,P007,936,1015,5,10
E5600896,P008,922,1015,0,10
E5600896,P008,923,1015,62,10
E5600896,P008,936,1015,2,10
E5600896,P004,911,1024,0,00
E5600896,P005,911,1024,0,00
E5600896,P007,911,1024,5,10
E5600896,P008,911,1024,7,10
E5400878,P001,923,1015,21,10
E5400878,P001,936,1015,15,10
E5400878,P002,923,1015,19,10
E5400878,P002,936,1015,15,10
E5400878,P003,923,1015,17,10
E5400878,P003,936,1015,15,10
E5400878,P010,923,1015,18,10
E5400878,P010,936,1015,13,10
E5400878,P010,911,1024,1,10
S1901066,P004,911,1036,6,10
S1900685,P002,911,1036,15,10
S1900685,P421,911,1036,15,10
S1900685,P411,911,1036,4,10
S2100223,P015,911,1042,0,10
S2300438,P001,922,1030,0,10
S2300438,P001,923,1030,29,10
S2300438,P001,936,1030,7,10
S2300429,P701,911,1036,0,00
S2300429,PF01,911,1036,9,10
S1901066,P004,922,1030,230,10
S1901066,P004,923,1030,184,10
S1901066,P004,924,1030,1,10
S1901066,P004,936,1030,4,10
S1901066,P004,937,1030,11,10
S2201109,P711,911,1036,15,10
S2201109,P731,911,1036,19,10
S2201109,P741,911,1036,12,10
S2201109,P751,911,1036,13,10
E5002890,P001,922,1030,0,10
E5002890,P002,922,1030,0,10
E5002890,P003,922,1030,0,00
E5002890,P001,923,1030,90,10
E5002890,P002,923,1030,91,10
E5002890,P003,923,1030,0,00
E5002890,P001,924,1030,2,10
E5002890,P002,924,1030,2,10
E5002890,P003,924,1030,0,00
E5002890,P001,926,1030,16,10
E5002890,P002,926,1030,8,10
E5002890,P003,926,1030,0,00
E5002890,P001,936,1030,11,10
E5002890,P002,936,1030,11,10
E5002890,P003,936,1030,0,00
E5600869,P001,922,1030,0,31
E5600869,P001,923,1030,0,31
E5600869,P001,936,1030,0,31
E2000554,P003,923,1045,34,10
E2000554,P003,922,1045,15,10
E2000554,P003,936,1045,5,10
S1900685,P421,922,1030,8,10
S1900685,P421,923,1030,52,10
S1900685,P421,936,1030,5,10
S1900685,P411,922,1030,17,10
S1900685,P411,923,1030,62,10
S1900685,P411,936,1030,12,10
E4900744,P001,911,1042,0,00
E4900744,P002,911,1042,0,00
E4900744,P023,911,1042,0,00
S2300429,P701,911,1030,0,00
S2300429,P701,922,1030,0,00
S2300429,P701,923,1030,0,00
S2300429,P701,936,1030,0,00
S2300429,PF01,911,1030,9,10
S2300429,PF01,922,1030,23,10
S2300429,PF01,923,1030,25,10
S2300429,PF01,936,1030,6,10
E5600850,PC01,923,1030,0,00
E5600850,PC01,924,1030,0,00
E5600850,PC01,936,1030,0,00
E5600850,PC01,926,1030,0,00
E4900333,P001,911,1036,9,10
E4900333,P002,911,1036,0,00
E4900333,P003,911,1036,0,32
E4900333,P103,911,1036,0,32
E4900333,P021,911,1036,6,10
E4900333,P105,911,1036,9,10
S2300438,P001,911,1042,6,10
S1900710,P070,923,1045,21,10
S1900710,P070,936,1045,8,10
S1900710,P070,922,1045,17,10
S1900710,P015,923,1045,0,00
S1900710,P015,936,1045,0,00
S1900710,P015,922,1045,0,00
S1900710,P050,923,1045,111,10
S1900710,P050,936,1045,5,10
S1900710,P050,922,1045,70,10
S1900710,P056,923,1045,34,10
S1900710,P056,936,1045,4,10
S1900710,P056,922,1045,25,10
S1900710,P060,923,1045,24,10
S1900710,P060,936,1045,5,10
S1900710,P060,922,1045,26,10
S2202553,P001,922,1030,9,10
S2202553,P002,922,1030,5,10
S2202553,P003,922,1030,5,10
S2202553,P001,923,1030,121,11
S2202553,P002,923,1030,74,10
S2202553,P003,923,1030,103,10
S2202553,P001,924,1030,6,10
S2202553,P002,924,1030,1,10
S2202553,P003,924,1030,3,10
S2202553,P001,926,1030,31,11
S2202553,P002,926,1030,9,10
S2202553,P003,926,1030,17,10
S2202553,P001,936,1030,10,10
S2202553,P002,936,1030,10,10
S2202553,P003,936,1030,8,10
E5602998,P001,911,0000,0,10
E5602998,P002,911,0000,3,10
E5602998,P003,911,0000,0,00
E5602998,P004,911,0000,2,10
E5602998,P001,911,0006,0,10
E5602998,P002,911,0006,3,10
E5602998,P003,911,0006,0,00
E5602998,P004,911,0006,3,10
E5602998,P001,922,0000,10,10
E5602998,P001,923,0000,51,10
E5602998,P001,924,0000,109,10
E5602998,P001,926,0000,21,10
E5602998,P001,937,0000,11,10
E5602998,P001,936,0000,6,10
E5602998,P002,922,0000,0,10
E5602998,P002,923,0000,69,10
E5602998,P002,924,0000,55,10
E5602998,P002,926,0000,11,10
E5602998,P002,937,0000,9,10
E5602998,P002,936,0000,6,10
E5602998,P003,922,0000,0,00
E5602998,P003,923,0000,0,00
E5602998,P003,924,0000,0,00
E5602998,P003,926,0000,0,00
E5602998,P003,937,0000,0,00
E5602998,P003,936,0000,0,00
E5602998,P004,922,0000,3,10
E5602998,P004,923,0000,23,10
E5602998,P004,924,0000,1,10
E5602998,P004,926,0000,7,10
E5602998,P004,937,0000,11,10
E5602998,P004,936,0000,9,10
E5602998,P001,911,0012,0,10
E5602998,P002,911,0012,3,10
E5602998,P003,911,0012,0,00
E5602998,P004,911,0012,3,10
E5602998,P001,911,0018,0,10
E5602998,P002,911,0018,3,10
E5602998,P003,911,0018,0,00
E5602998,P004,911,0018,3,10
E5602998,P001,911,0024,0,10
E5602998,P001,922,0015,10,10
E5602998,P001,923,0015,63,10
E5602998,P001,924,0015,68,10
E5602998,P001,926,0015,23,10
E5602998,P001,937,0015,10,10
E5602998,P001,936,0015,6,10
E5602998,P002,911,0024,3,10
E5602998,P002,922,0015,0,10
E5602998,P002,923,0015,76,10
E5602998,P002,924,0015,2,10
E5602998,P002,926,0015,12,10
E5602998,P002,937,0015,8,10
E5602998,P002,936,0015,7,10
E5602998,P003,911,0024,0,00
E5602998,P003,922,0015,0,00
E5602998,P003,923,0015,0,00
E5602998,P003,924,0015,0,00
E5602998,P003,926,0015,0,00
E5602998,P003,937,0015,0,00
E5602998,P003,936,0015,0,00
E5602998,P004,911,0024,3,10
E5602998,P004,922,0015,6,10
E5602998,P004,923,0015,18,10
E5602998,P004,924,0015,1,10
E5602998,P004,926,0015,12,10
E5602998,P004,937,0015,11,10
E5602998,P004,936,0015,9,10
E5602998,P001,911,0030,0,10
E5602998,P002,911,0030,3,10
E5602998,P003,911,0030,0,00
E5602998,P004,911,0030,3,10
E5602998,P001,911,0036,0,10
E5602998,P002,911,0036,3,10
E5602998,P003,911,0036,0,00
E5602998,P004,911,0036,3,10
E5602998,P001,922,0030,9,10
E5602998,P001,923,0030,61,10
E5602998,P001,924,0030,96,10
E5602998,P001,926,0030,21,10
E5602998,P001,937,0030,10,10
E5602998,P001,936,0030,6,10
E5602998,P002,922,0030,1,10
E5602998,P002,923,0030,74,10
E5602998,P002,924,0030,23,10
E5602998,P002,926,0030,13,10
E5602998,P002,937,0030,8,10
E5602998,P002,936,0030,7,10
E5602998,P003,922,0030,0,00
E5602998,P003,923,0030,0,00
E5602998,P003,924,0030,0,00
E5602998,P003,926,0030,0,00
E5602998,P003,937,0030,0,00
E5602998,P003,936,0030,0,00
E5602998,P004,922,0030,6,10
E5602998,P004,923,0030,19,10
E5602998,P004,924,0030,1,10
E5602998,P004,926,0030,12,10
E5602998,P004,937,0030,11,10
E5602998,P004,936,0030,9,10
E5602998,P001,911,0042,0,10
E5602998,P002,911,0042,3,10
E5602998,P003,911,0042,0,00
E5602998,P004,911,0042,3,10
E5602998,P001,911,0048,0,10
E5602998,P002,911,0048,3,10
E5602998,P003,911,0048,0,00
E5602998,P004,911,0048,3,10
E5602998,P001,911,0054,0,10
E5602998,P001,222,0000,8,10
E5602998,P001,922,0045,3,10
E5602998,P001,223,0000,61,10
E5602998,P001,923,0045,70,10
E5602998,P001,224,0000,75,10
E5602998,P001,924,0045,28,10
E5602998,P001,226,0000,20,10
E5602998,P001,926,0045,16,10
E5602998,P001,237,0000,10,10
E5602998,P001,937,0045,10,10
E5602998,P001,236,0000,6,10
E5602998,P001,936,0045,7,10
E5602998,P001,248,0000,105118,10
E5602998,P001,259,0000,149,10
E5602998,P002,911,0054,3,10
E5602998,P002,222,0000,1,10
E5602998,P002,922,0045,2,10
E5602998,P002,223,0000,75,10
E5602998,P002,923,0045,79,10
E5602998,P002,224,0000,26,10
E5602998,P002,924,0045,25,10
E5602998,P002,226,0000,12,10
E5602998,P002,926,0045,13,10
E5602998,P002,237,0000,8,10
E5602998,P002,937,0045,8,10
E5602998,P002,236,0000,7,10
E5602998,P002,936,0045,8,10
E5602998,P002,248,0000,117369,10
E5602998,P002,259,0000,145,10
E5602998,P003,911,0054,0,00
E5602998,P003,222,0000,0,00
E5602998,P003,922,0045,0,00
E5602998,P003,223,0000,0,00
E5602998,P003,923,0045,0,00
E5602998,P003,224,0000,0,00
E5602998,P003,924,0045,0,00
E5602998,P003,226,0000,0,00
E5602998,P003,926,0045,0,00
E5602998,P003,237,0000,0,00
E5602998,P003,937,0045,0,00
E5602998,P003,236,0000,0,00
E5602998,P003,936,0045,0,00
E5602998,P003,248,0000,0,00
E5602998,P003,259,0000,0,00
E5602998,P004,911,0054,3,10
E5602998,P004,222,0000,5,10
E5602998,P004,922,0045,6,10
E5602998,P004,223,0000,20,10
E5602998,P004,923,0045,19,10
E5602998,P004,224,0000,1,10
E5602998,P004,924,0045,1,10
E5602998,P004,226,0000,11,10
E5602998,P004,926,0045,13,10
E5602998,P004,237,0000,11,10
E5602998,P004,937,0045,11,10
E5602998,P004,236,0000,9,10
E5602998,P004,936,0045,9,10
E5602998,P004,248,0000,91863,10
E5602998,P004,259,0000,149,10
E5602998,P001,911,0100,0,10
E5602998,P002,911,0100,3,10
E5602998,P003,911,0100,0,00
E5602998,P004,911,0100,3,10
E5602998,P001,911,0106,0,10
E5602998,P002,911,0106,3,10
E5602998,P003,911,0106,0,00
E5602998,P004,911,0106,3,10
E5602998,P001,922,0100,6,10
E5602998,P001,923,0100,66,10
E5602998,P001,924,0100,15,10
E5602998,P001,926,0100,21,10
E5602998,P001,937,0100,10,10
E5602998,P001,936,0100,7,10
E5602998,P002,922,0100,3,10
E5602998,P002,923,0100,69,10
E5602998,P002,924,0100,22,10
E5602998,P002,926,0100,16,10
E5602998,P002,937,0100,8,10
E5602998,P002,936,0100,7,10
E5602998,P003,922,0100,0,00
E5602998,P003,923,0100,0,00
E5602998,P003,924,0100,0,00
E5602998,P003,926,0100,0,00
E5602998,P003,937,0100,0,00
E5602998,P003,936,0100,0,00
E5602998,P004,922,0100,11,10
E5602998,P004,923,0100,15,10
E5602998,P004,924,0100,1,10
E5602998,P004,926,0100,21,10
E5602998,P004,937,0100,10,10
E5602998,P004,936,0100,7,10
E5600332,P001,911,1042,0,00
E5600332,P002,911,1042,0,00
E5600332,P003,911,1042,0,00
E5601197,P002,911,1042,3,10
E5601197,P003,911,1042,3,10
S1601990,P001,911,1042,3,10
S1601990,P004,911,1042,3,10
S1601990,P049,911,1042,1,10
S2300429,P701,911,1042,0,00
S2300429,PF01,911,1042,9,10
E5600850,PC01,911,1042,0,00
E4900333,P001,922,1030,1,10
E4900333,P002,922,1030,0,32
E4900333,P003,922,1030,0,32
E4900333,P103,922,1030,0,32
E4900333,P021,922,1030,0,32
E4900333,P105,922,1030,0,32
E4900333,P001,923,1030,74,10
E4900333,P002,923,1030,0,32
E4900333,P003,923,1030,0,32
E4900333,P103,923,1030,0,32
E4900333,P021,923,1030,0,32
E4900333,P105,923,1030,0,32
E4900333,P001,936,1030,12,10
E4900333,P002,936,1030,0,32
E4900333,P003,936,1030,0,32
E4900333,P103,936,1030,0,32
E4900333,P021,936,1030,0,32
E4900333,P105,936,1030,0,32
E5600789,P001,911,1042,0,00
E5002890,P001,911,1042,5,10
E5002890,P002,911,1042,5,10
E5002890,P003,911,1042,0,00
E5600869,P001,911,1042,0,31
S1900710,P070,911,1048,6,10
S1900710,P015,911,1048,0,00
S1900710,P050,911,1048,6,10
S1900710,P056,911,1048,4,10
S1900710,P060,911,1048,2,10
S2202553,P001,911,1042,1,10
S2202553,P002,911,1042,1,10
S2202553,P003,911,1042,1,10
S2100223,P015,911,1048,0,10
E5600896,P004,911,1030,0,00
E5600896,P005,911,1030,0,00
E5600896,P007,911,1030,5,10
E5600896,P008,911,1030,7,10
E5400878,P010,911,1030,1,10
S1901066,P004,911,1042,6,10
E5600056,P004,922,1045,0,00
E5600056,P004,923,1045,0,00
E5600056,P004,924,1045,0,00
E5600056,P004,936,1045,0,00
E5600056,P006,922,1045,22,10
E5600056,P006,923,1045,58,10
E5600056,P006,924,1045,0,10
E5600056,P006,936,1045,4,10
E5600056,P007,922,1045,0,00
E5600056,P007,923,1045,0,00
E5600056,P007,924,1045,0,00
E5600056,P007,936,1045,0,00
E5600056,P008,922,1045,50,10
E5600056,P008,923,1045,64,10
E5600056,P008,924,1045,18,10
E5600056,P008,936,1045,5,10
E5600056,P016,922,1045,0,10
E5600056,P016,923,1045,38,10
E5600056,P016,936,1045,12,10
E5600056,P017,922,1045,2,10
E5600056,P017,923,1045,23,10
E5600056,P017,924,1045,0,10
E5600056,P017,936,1045,3,10
E5600056,P018,922,1045,0,10
E5600056,P018,923,1045,13,10
E5600056,P018,924,1045,0,10
E5600056,P018,936,1045,4,10
E5600056,P021,922,1045,0,10
E5600056,P021,923,1045,42,10
E5600056,P021,924,1045,0,10
E5600056,P021,936,1045,4,10
E5600056,P024,922,1045,3,10
E5600056,P024,923,1045,28,10
E5600056,P024,924,1045,2,10
E5600056,P024,936,1045,6,10
E5600056,P034,922,1045,5,10
E5600056,P034,923,1045,55,10
E5600056,P034,936,1045,1,10
E5600056,P004,911,1048,0,00
E5600056,P006,911,1048,3,10
E5600056,P007,911,1048,0,00
E5600056,P008,911,1048,6,10
E5600056,P009,911,1048,2,10
E5600056,P016,911,1048,4,10
E5600056,P017,911,1048,2,10
E5600056,P018,911,1048,3,10
E5600056,P021,911,1048,3,10
E5600056,P022,911,1048,3,10
E5600056,P023,911,1048,1,10
E5600056,P024,911,1048,4,10
S1900685,P002,911,1042,20,11
S1900685,P421,911,1042,14,10
S1900685,P411,911,1042,4,10
S2201109,P711,911,1030,15,10
S2201109,P731,911,1030,19,10
S2201109,P741,911,1030,13,10
S2201109,P751,911,1030,13,10
S2201109,P711,923,1030,20,10
S2201109,P711,936,1030,6,10
S2201109,P711,922,1030,4,10
S2201109,P731,923,1030,48,10
S2201109,P731,936,1030,7,10
S2201109,P731,922,1030,15,10
S2201109,P741,923,1030,0,30
S2201109,P741,936,1030,0,30
S2201109,P741,922,1030,0,30
S2201109,P751,923,1030,52,10
S2201109,P751,936,1030,6,10
S2201109,P751,922,1030,14,10
S2201109,P711,911,1042,15,10
S2201109,P731,911,1042,19,10
S2201109,P741,911,1042,12,10
S2201109,P751,911,1042,13,10
E4900744,P001,911,1048,0,00
E4900744,P002,911,1048,0,00
E4900744,P023,911,1048,0,00
E5600841,P001,911,1030,5,10
E5600841,P002,911,1030,6,10
E5600841,P003,911,1030,9,10
E5600841,P004,911,1030,7,10
E5600841,P005,911,1030,0,31
E5600841,P006,911,1030,12,10
E5600841,P007,911,1030,13,10
E5600841,P008,911,1030,10,10
E5600841,P009,911,1030,9,10
E5600841,P010,911,1030,6,10
E5600841,PC23,911,1030,9,10
E5600841,PC83,911,1030,14,10
E5600841,PPB1,911,1030,8,10
E5600841,PPC1,911,1030,0,31
E5600841,PR54,911,1030,3,10
E5600841,PR61,911,1030,7,10
E5600841,PR62,911,1030,4,10
E5600841,PS11,911,1030,11,10
E5600841,PS12,911,1030,8,10
E5600841,PS31,911,1030,7,10
E5600841,PS32,911,1030,4,10
E5600841,PS51,911,1030,12,10
E5600841,PS52,911,1030,8,10
E5600841,PS71,911,1030,0,00
E5600841,PS72,911,1030,0,00
E5600841,P001,911,1036,5,10
E5600841,P002,911,1036,5,10
E5600841,P003,911,1036,9,10
E5600841,P004,911,1036,6,10
E5600841,P005,911,1036,0,31
E5600841,P006,911,1036,12,10
E5600841,P007,911,1036,13,10
E5600841,P008,911,1036,10,10
E5600841,P009,911,1036,9,10
E5600841,P010,911,1036,6,10
E5600841,PC23,911,1036,9,10
E5600841,PC83,911,1036,14,10
E5600841,PPB1,911,1036,8,10
E5600841,PPC1,911,1036,0,31
E5600841,PR54,911,1036,3,10
E5600841,PR61,911,1036,7,10
E5600841,PR62,911,1036,4,10
E5600841,PS11,911,1036,11,10
E5600841,PS12,911,1036,9,10
E5600841,PS31,911,1036,7,10
E5600841,PS32,911,1036,4,10
E5600841,PS51,911,1036,12,10
E5600841,PS52,911,1036,8,10
E5600841,PS71,911,1036,0,00
E5600841,PS72,911,1036,0,00
E5600841,P001,923,1030,36,10
E5600841,P001,936,1030,4,10
E5600841,P001,922,1030,32,10
E5600841,P002,923,1030,0,31
E5600841,P002,936,1030,4,10
E5600841,P002,922,1030,0,31
E5600841,P003,923,1030,38,10
E5600841,P003,936,1030,5,10
E5600841,P003,922,1030,29,10
E5600841,P004,923,1030,20,10
E5600841,P004,936,1030,4,10
E5600841,P004,922,1030,19,10
E5600841,P005,923,1030,0,31
E5600841,P005,936,1030,0,31
E5600841,P005,922,1030,0,31
E5600841,P006,923,1030,75,10
E5600841,P006,936,1030,6,10
E5600841,P006,922,1030,72,10
E5600841,P007,923,1030,26,10
E5600841,P007,936,1030,6,10
E5600841,P007,922,1030,73,10
E5600841,P008,923,1030,69,10
E5600841,P008,936,1030,10,10
E5600841,P008,922,1030,9,10
E5600841,P009,923,1030,10,10
E5600841,P009,936,1030,4,10
E5600841,P009,922,1030,24,10
E5600841,P010,923,1030,19,10
E5600841,P010,936,1030,5,10
E5600841,P010,922,1030,22,10
E5600841,PC23,923,1030,61,10
E5600841,PC23,936,1030,8,10
E5600841,PC23,922,1030,34,10
E5600841,PC83,923,1030,48,10
E5600841,PC83,936,1030,6,10
E5600841,PC83,922,1030,27,10
E5600841,PPB1,923,1030,12,10
E5600841,PPB1,936,1030,8,10
E5600841,PPB1,922,1030,30,10
E5600841,PPC1,923,1030,0,31
E5600841,PPC1,936,1030,0,31
E5600841,PPC1,922,1030,0,31
E5600841,PR54,923,1030,79,10
E5600841,PR54,936,1030,6,10
E5600841,PR54,922,1030,34,10
E5600841,PR61,923,1030,68,10
E5600841,PR61,936,1030,3,10
E5600841,PR61,922,1030,42,10
E5600841,PR62,923,1030,50,10
E5600841,PR62,936,1030,4,10
E5600841,PR62,922,1030,20,10
E5600841,PS11,923,1030,38,10
E5600841,PS11,936,1030,11,10
E5600841,PS11,922,1030,66,10
E5600841,PS31,923,1030,110,10
E5600841,PS31,936,1030,12,10
E5600841,PS31,922,1030,83,10
E5600841,PS51,923,1030,52,10
E5600841,PS51,936,1030,12,10
E5600841,PS51,922,1030,18,10
E5600841,PS71,923,1030,0,00
E5600841,PS71,936,1030,0,00
E5600841,PS71,922,1030,0,00
E5600841,P001,911,1042,5,10
E5600841,P002,911,1042,5,10
E5600841,P003,911,1042,9,10
E5600841,P004,911,1042,6,10
E5600841,P005,911,1042,0,31
E5600841,P006,911,1042,12,10
E5600841,P007,911,1042,13,10
E5600841,P008,911,1042,10,10
E5600841,P009,911,1042,9,10
E5600841,P010,911,1042,6,10
E5600841,PC23,911,1042,9,10
E5600841,PC83,911,1042,14,10
E5600841,PPB1,911,1042,8,10
E5600841,PPC1,911,1042,0,31
E5600841,PR54,911,1042,3,10
E5600841,PR61,911,1042,7,10
E5600841,PR62,911,1042,4,10
E5600841,PS11,911,1042,11,10
E5600841,PS12,911,1042,8,10
E5600841,PS31,911,1042,7,10
E5600841,PS32,911,1042,4,10
E5600841,PS51,911,1042,12,10
E5600841,PS52,911,1042,7,10
E5600841,PS71,911,1042,0,00
E5600841,PS72,911,1042,0,00
E4900333,P001,911,1042,9,10
E4900333,P002,911,1042,0,00
E4900333,P003,911,1042,0,32
E4900333,P103,911,1042,0,32
E4900333,P021,911,1042,6,10
E4900333,P105,911,1042,9,10
S2300438,P001,911,1048,6,10
E5600332,P001,911,1048,0,00
E5600332,P002,911,1048,0,00
E5600332,P003,911,1048,0,00
E5601197,P002,911,1048,3,10
E5601197,P003,911,1048,3,10
E5600896,P004,911,1036,0,00
E5600896,P005,911,1036,0,00
E5600896,P007,911,1036,5,10
E5600896,P008,911,1036,7,10
S2300429,P701,911,1048,0,00
S2300429,PF01,911,1048,9,10
E5600850,PC01,911,1048,0,00
E5600789,P001,911,1048,0,00
E5002890,P001,911,1048,5,10
E5002890,P002,911,1048,5,10
E5002890,P003,911,1048,0,00
E5600869,P001,911,1048,0,31
S1900710,P015,911,1054,0,00
S1900710,P050,911,1054,6,10
S1900710,P056,911,1054,4,10
S1900710,P060,911,1054,2,10
S1900710,P070,911,1054,6,10
S2100223,P015,911,1054,0,10
S2100223,P015,922,1045,0,10
S2100223,P015,923,1045,0,10
S2100223,P015,924,1045,0,10
S2100223,P015,936,1045,0,10
S2100223,P015,222,1000,0,
S2100223,P015,223,1000,0,
S2100223,P015,224,1000,0,
S2100223,P015,236,1000,0,
S2100223,P015,248,1000,0,
S2100223,P015,259,1000,0,
E5400878,P010,911,1036,1,10
S2201109,P711,911,1048,15,10
S2201109,P731,911,1048,19,10
S2201109,P741,911,1048,12,10
S2201109,P751,911,1048,13,10
S1901066,P004,911,1048,6,10
E5600056,P004,911,1054,0,00
E5600056,P006,911,1054,3,10
E5600056,P007,911,1054,0,00
E5600056,P008,911,1054,6,10
E5600056,P009,911,1054,2,10
E5600056,P016,911,1054,4,10
E5600056,P017,911,1054,2,10
E5600056,P018,911,1054,3,10
E5600056,P021,911,1054,2,10
E5600056,P022,911,1054,3,10
E5600056,P023,911,1054,1,10
E5600056,P024,911,1054,3,10
S1900685,P002,911,1048,12,10
S1900685,P421,911,1048,14,10
S1900685,P411,911,1048,4,10
S2202553,P001,911,1048,1,10
S2202553,P002,911,1048,1,10
S2202553,P003,911,1048,1,10
E5600841,P001,911,1048,5,10
E5600841,P002,911,1048,5,10
E5600841,P003,911,1048,9,10
E5600841,P004,911,1048,6,10
E5600841,P005,911,1048,0,31
E5600841,P006,911,1048,12,10
E5600841,P007,911,1048,13,10
E5600841,P008,911,1048,10,10
E5600841,P009,911,1048,9,10
E5600841,P010,911,1048,6,10
E5600841,PC23,911,1048,10,10
E5600841,PC83,911,1048,14,10
E5600841,PPB1,911,1048,8,10
E5600841,PPC1,911,1048,0,31
E5600841,PR54,911,1048,3,10
E5600841,PR61,911,1048,7,10
E5600841,PR62,911,1048,4,10
E5600841,PS11,911,1048,11,10
E5600841,PS12,911,1048,8,10
E5600841,PS31,911,1048,7,10
E5600841,PS32,911,1048,4,10
E5600841,PS51,911,1048,11,10
E5600841,PS52,911,1048,8,10
E5600841,PS71,911,1048,0,00
E5600841,PS72,911,1048,0,00
E4900744,P001,911,1054,0,00
E4900744,P002,911,1054,0,00
E4900744,P023,911,1054,0,00
E4900744,P001,923,1045,0,00
E4900744,P023,923,1045,0,00
E4900744,P001,936,1045,0,00
E4900744,P023,936,1045,0,00
E4900744,P001,223,1000,0,00
E4900744,P023,223,1000,0,00
E4900744,P001,236,1000,0,00
E4900744,P023,236,1000,0,00
E4900744,P001,248,1000,0,00
E4900744,P023,248,1000,0,00
E4900744,P001,259,1000,0,00
E4900744,P023,259,1000,0,00
E5600896,P004,922,1030,0,00
E5600896,P004,923,1030,0,00
E5600896,P004,936,1030,0,00
E5600896,P005,922,1030,0,00
E5600896,P005,923,1030,0,00
E5600896,P005,936,1030,0,00
E5600896,P007,922,1030,0,10
E5600896,P007,923,1030,72,11
E5600896,P007,936,1030,5,10
E5600896,P008,922,1030,0,10
E5600896,P008,923,1030,62,10
E5600896,P008,936,1030,2,10
E5400878,P001,923,1030,21,10
E5400878,P001,936,1030,15,10
E5400878,P002,923,1030,19,10
E5400878,P002,936,1030,14,10
E5400878,P003,923,1030,17,10
E5400878,P003,936,1030,15,10
E5400878,P010,923,1030,18,10
E5400878,P010,936,1030,13,10
S2300438,P001,922,1045,0,10
S2300438,P001,923,1045,29,10
S2300438,P001,936,1045,7,10
E4900333,P001,911,1048,9,10
E4900333,P002,911,1048,0,00
E4900333,P003,911,1048,0,32
E4900333,P103,911,1048,0,32
E4900333,P021,911,1048,6,10
E4900333,P105,911,1048,9,10
S2300438,P001,911,1054,5,10
E5602998,P001,911,0112,0,10
E5602998,P002,911,0112,3,10
E5602998,P003,911,0112,0,00
E5602998,P004,911,0112,3,10
E5602998,P001,911,0118,0,10
E5602998,P002,911,0118,3,10
E5602998,P003,911,0118,0,00
E5602998,P004,911,0118,3,10
E5602998,P001,911,0124,0,10
E5602998,P001,922,0115,25,10
E5602998,P001,923,0115,71,10
E5602998,P001,924,0115,17,10
E5602998,P001,926,0115,30,10
E5602998,P001,937,0115,10,10
E5602998,P001,936,0115,7,10
E5602998,P002,911,0124,3,10
E5602998,P002,922,0115,4,10
E5602998,P002,923,0115,78,10
E5602998,P002,924,0115,2,10
E5602998,P002,926,0115,19,10
E5602998,P002,937,0115,8,10
E5602998,P002,936,0115,8,10
E5602998,P003,911,0124,0,00
E5602998,P003,922,0115,0,00
E5602998,P003,923,0115,0,00
E5602998,P003,924,0115,0,00
E5602998,P003,926,0115,0,00
E5602998,P003,937,0115,0,00
E5602998,P003,936,0115,0,00
E5602998,P004,911,0124,3,10
E5602998,P004,922,0115,9,10
E5602998,P004,923,0115,24,10
E5602998,P004,924,0115,1,10
E5602998,P004,926,0115,19,10
E5602998,P004,937,0115,11,10
E5602998,P004,936,0115,7,10
E5602998,P001,911,0130,0,10
E5602998,P002,911,0130,3,10
E5602998,P003,911,0130,0,00
E5602998,P004,911,0130,3,10
E5602998,P001,911,0136,0,10
E5602998,P002,911,0136,3,10
E5602998,P003,911,0136,0,00
E5602998,P004,911,0136,3,10
E5602998,P001,922,0130,16,10
E5602998,P001,923,0130,68,10
E5602998,P001,924,0130,55,10
E5602998,P001,926,0130,29,10
E5602998,P001,937,0130,10,10
E5602998,P001,936,0130,7,10
E5602998,P002,922,0130,1,10
E5602998,P002,923,0130,84,10
E5602998,P002,924,0130,7,10
E5602998,P002,926,0130,16,10
E5602998,P002,937,0130,8,10
E5602998,P002,936,0130,8,10
E5602998,P003,922,0130,0,00
E5602998,P003,923,0130,0,00
E5602998,P003,924,0130,0,00
E5602998,P003,926,0130,0,00
E5602998,P003,937,0130,0,00
E5602998,P003,936,0130,0,00
E5602998,P004,922,0130,8,10
E5602998,P004,923,0130,65,10
E5602998,P004,924,0130,3,10
E5602998,P004,926,0130,16,10
E5602998,P004,937,0130,11,10
E5602998,P004,936,0130,10,10
E5600332,P001,911,1054,0,00
E5600332,P002,911,1054,0,00
E5600332,P003,911,1054,0,00
E5601197,P002,911,1054,3,10
E5601197,P003,911,1054,3,10
E5602998,P001,911,0142,0,10
E5602998,P002,911,0142,3,10
E5602998,P003,911,0142,0,00
E5602998,P004,911,0142,3,10
E5602998,P001,911,0148,0,10
E5602998,P002,911,0148,3,10
E5602998,P003,911,0148,0,00
E5602998,P004,911,0148,3,10
E5602998,P001,911,0154,0,10
E5602998,P001,222,0100,12,10
E5602998,P001,922,0145,1,10
E5602998,P001,223,0100,67,10
E5602998,P001,923,0145,64,10
E5602998,P001,224,0100,26,10
E5602998,P001,924,0145,17,10
E5602998,P001,226,0100,24,10
E5602998,P001,926,0145,17,10
E5602998,P001,237,0100,10,10
E5602998,P001,937,0145,10,10
E5602998,P001,236,0100,7,10
E5602998,P001,936,0145,7,10
E5602998,P001,248,0100,100601,10
E5602998,P001,259,0100,149,10
E5602998,P002,911,0154,3,10
E5602998,P002,222,0100,2,10
E5602998,P002,922,0145,0,10
E5602998,P002,223,0100,77,10
E5602998,P002,923,0145,79,10
E5602998,P002,224,0100,13,10
E5602998,P002,924,0145,22,10
E5602998,P002,226,0100,16,10
E5602998,P002,926,0145,14,10
E5602998,P002,237,0100,8,10
E5602998,P002,937,0145,8,10
E5602998,P002,236,0100,8,10
E5602998,P002,936,0145,7,10
E5602998,P002,248,0100,112597,10
E5602998,P002,259,0100,145,10
E5602998,P003,911,0154,0,00
E5602998,P003,222,0100,0,00
E5602998,P003,922,0145,0,00
E5602998,P003,223,0100,0,00
E5602998,P003,923,0145,0,00
E5602998,P003,224,0100,0,00
E5602998,P003,924,0145,0,00
E5602998,P003,226,0100,0,00
E5602998,P003,926,0145,0,00
E5602998,P003,237,0100,0,00
E5602998,P003,937,0145,0,00
E5602998,P003,236,0100,0,00
E5602998,P003,936,0145,0,00
E5602998,P003,248,0100,0,00
E5602998,P003,259,0100,0,00
E5602998,P004,911,0154,3,10
E5602998,P004,222,0100,9,10
E5602998,P004,922,0145,7,10
E5602998,P004,223,0100,48,10
E5602998,P004,923,0145,89,10
E5602998,P004,224,0100,2,10
E5602998,P004,924,0145,4,10
E5602998,P004,226,0100,17,10
E5602998,P004,926,0145,14,10
E5602998,P004,237,0100,11,10
E5602998,P004,937,0145,11,10
E5602998,P004,236,0100,9,10
E5602998,P004,936,0145,11,10
E5602998,P004,248,0100,94849,10
E5602998,P004,259,0100,150,10
E5602998,P001,911,0200,0,10
E5602998,P002,911,0200,3,10
E5602998,P003,911,0200,0,00
E5602998,P004,911,0200,3,10
E5602998,P001,911,0206,0,10
E5602998,P002,911,0206,3,10
E5602998,P003,911,0206,0,00
E5602998,P004,911,0206,3,10
E5602998,P001,922,0200,1,10
E5602998,P001,923,0200,64,10
E5602998,P001,924,0200,61,10
E5602998,P001,926,0200,15,10
E5602998,P001,937,0200,10,10
E5602998,P001,936,0200,7,10
E5602998,P002,922,0200,1,10
E5602998,P002,923,0200,82,10
E5602998,P002,924,0200,3,10
E5602998,P002,926,0200,14,10
E5602998,P002,937,0200,8,10
E5602998,P002,936,0200,8,10
E5602998,P003,922,0200,0,00
E5602998,P003,923,0200,0,00
E5602998,P003,924,0200,0,00
E5602998,P003,926,0200,0,00
E5602998,P003,937,0200,0,00
E5602998,P003,936,0200,0,00
E5602998,P004,922,0200,6,10
E5602998,P004,923,0200,29,10
E5602998,P004,924,0200,1,10
E5602998,P004,926,0200,13,10
E5602998,P004,937,0200,11,10
E5602998,P004,936,0200,9,10
E5602998,P001,911,0212,0,10
E5602998,P002,911,0212,3,10
E5602998,P003,911,0212,0,00
E5602998,P004,911,0212,3,10
E5602998,P001,911,0218,0,10
E5602998,P002,911,0218,3,10
E5602998,P003,911,0218,0,00
E5602998,P004,911,0218,3,10
E5602998,P001,911,0224,0,10
E5602998,P001,922,0215,2,10
E5602998,P001,923,0215,76,10
E5602998,P001,924,0215,86,10
E5602998,P001,926,0215,18,10
E5602998,P001,937,0215,10,10
E5602998,P001,936,0215,8,10
E5602998,P002,911,0224,3,10
E5602998,P002,922,0215,1,10
E5602998,P002,923,0215,83,10
E5602998,P002,924,0215,32,10
E5602998,P002,926,0215,14,10
E5602998,P002,937,0215,8,10
E5602998,P002,936,0215,8,10
E5602998,P003,911,0224,0,00
E5602998,P003,922,0215,0,00
E5602998,P003,923,0215,0,00
E5602998,P003,924,0215,0,00
E5602998,P003,926,0215,0,00
E5602998,P003,937,0215,0,00
E5602998,P003,936,0215,0,00
E5602998,P004,911,0224,3,10
E5602998,P004,922,0215,8,10
E5602998,P004,923,0215,26,10
E5602998,P004,924,0215,1,10
E5602998,P004,926,0215,17,10
E5602998,P004,937,0215,11,10
E5602998,P004,936,0215,10,10
E5602998,P001,911,0230,0,10
E5602998,P002,911,0230,3,10
E5602998,P003,911,0230,0,00
E5602998,P004,911,0230,3,10
E5602998,P001,911,0236,0,10
E5602998,P002,911,0236,3,10
E5602998,P003,911,0236,0,00
E5602998,P004,911,0236,3,10
E5602998,P001,922,0230,3,10
E5602998,P001,923,0230,79,10
E5602998,P001,924,0230,5,10
E5602998,P001,926,0230,19,10
E5602998,P001,937,0230,10,10
E5602998,P001,936,0230,7,10
E5602998,P002,922,0230,1,10
E5602998,P002,923,0230,82,10
E5602998,P002,924,0230,16,10
E5602998,P002,926,0230,12,10
E5602998,P002,937,0230,8,10
E5602998,P002,936,0230,8,10
E5602998,P003,922,0230,0,00
E5602998,P003,923,0230,0,00
E5602998,P003,924,0230,0,00
E5602998,P003,926,0230,0,00
E5602998,P003,937,0230,0,00
E5602998,P003,936,0230,0,00
E5602998,P004,922,0230,6,10
E5602998,P004,923,0230,24,10
E5602998,P004,924,0230,1,10
E5602998,P004,926,0230,13,10
E5602998,P004,937,0230,10,10
E5602998,P004,936,0230,9,10
E5602998,P001,911,0242,0,10
E5602998,P002,911,0242,3,10
E5602998,P003,911,0242,0,00
E5602998,P004,911,0242,3,10
E5602998,P001,911,0248,0,10
E5602998,P002,911,0248,3,10
E5602998,P003,911,0248,0,00
E5602998,P004,911,0248,3,10
S2300429,P701,922,1045,0,00
S2300429,P701,923,1045,0,00
S2300429,P701,936,1045,0,00
S2300429,PF01,922,1045,26,10
S2300429,PF01,923,1045,26,10
S2300429,PF01,936,1045,6,10
E5600850,PC01,923,1045,0,00
E5600850,PC01,924,1045,0,00
E5600850,PC01,936,1045,0,00
E5600850,PC01,926,1045,0,00
E5600896,P004,911,1042,0,00
E5600896,P005,911,1042,0,00
E5600896,P007,911,1042,5,10
E5600896,P008,911,1042,7,10
S2300429,P701,911,1054,0,00
S2300429,PF01,911,1054,10,10
E5600850,PC01,911,1054,0,00
E5600789,P001,911,1054,0,00
E5002890,P001,911,1054,5,10
E5002890,P002,911,1054,6,10
E5002890,P003,911,1054,0,00
E5002890,P001,922,1045,0,10
E5002890,P002,922,1045,0,10
E5002890,P003,922,1045,0,00
E5002890,P001,923,1045,89,10
E5002890,P002,923,1045,72,10
E5002890,P003,923,1045,0,00
E5002890,P001,924,1045,3,10
E5002890,P002,924,1045,2,10
E5002890,P003,924,1045,0,00
E5002890,P001,926,1045,12,10
E5002890,P002,926,1045,7,10
E5002890,P003,926,1045,0,00
E5002890,P001,936,1045,13,10
E5002890,P002,936,1045,11,10
E5002890,P003,936,1045,0,00
E5002890,P001,222,1000,0,10
E5002890,P002,222,1000,0,10
E5002890,P003,222,1000,0,00
E5002890,P001,223,1000,83,10
E5002890,P002,223,1000,92,10
E5002890,P003,223,1000,0,00
E5002890,P001,224,1000,3,10
E5002890,P002,224,1000,2,10
E5002890,P003,224,1000,0,00
E5002890,P001,226,1000,15,10
E5002890,P002,226,1000,6,10
E5002890,P003,226,1000,0,00
E5002890,P001,236,1000,12,10
E5002890,P002,236,1000,11,10
E5002890,P003,236,1000,0,00
E5002890,P001,248,1000,48703,10
E5002890,P002,248,1000,66069,10
E5002890,P003,248,1000,0,00
E5002890,P001,259,1000,162,10
E5002890,P002,259,1000,158,10
E5002890,P003,259,1000,0,00
E5600869,P001,911,1054,0,31
E5600869,P001,922,1045,0,31
E5600869,P001,923,1045,0,31
E5600869,P001,936,1045,0,31
E5600869,P001,222,1000,0,31
E5600869,P001,223,1000,0,31
E5600869,P001,236,1000,0,31
E5600869,P001,248,1000,0,31
E5600869,P001,259,1000,109,10
S1900710,P015,911,1100,0,00
S1900710,P050,911,1100,6,10
S1900710,P056,911,1100,4,10
S1900710,P060,911,1100,3,10
S1900710,P070,911,1100,6,10
S1900710,P015,923,1100,0,00
S1900710,P015,936,1100,0,00
S1900710,P015,922,1100,0,00
S1900710,P050,923,1100,113,10
S1900710,P050,936,1100,6,10
S1900710,P050,922,1100,70,10
S1900710,P056,923,1100,36,10
S1900710,P056,936,1100,4,10
S1900710,P056,922,1100,24,10
S1900710,P060,923,1100,23,10
S1900710,P060,936,1100,5,10
S1900710,P060,922,1100,26,10
S1900710,P070,923,1100,20,10
S1900710,P070,936,1100,8,10
S1900710,P070,922,1100,17,10
S1900710,P015,248,1100,0,00
S1900710,P015,223,1100,0,00
S1900710,P015,236,1100,0,00
S1900710,P015,222,1100,0,00
S1900710,P015,259,1100,0,00
S1900710,P050,248,1100,92232,10
S1900710,P050,223,1100,112,10
S1900710,P050,236,1100,5,10
S1900710,P050,222,1100,70,10
S1900710,P050,259,1100,148,10
S1900710,P056,248,1100,181224,10
S1900710,P056,223,1100,34,10
S1900710,P056,236,1100,4,10
S1900710,P056,222,1100,25,10
S1900710,P056,259,1100,127,10
S1900710,P060,248,1100,182124,10
S1900710,P060,223,1100,23,10
S1900710,P060,236,1100,5,10
S1900710,P060,222,1100,26,10
S1900710,P060,259,1100,123,10
S1900710,P070,248,1100,168228,10
S1900710,P070,223,1100,20,10
S1900710,P070,236,1100,8,10
S1900710,P070,222,1100,17,10
S1900710,P070,259,1100,86,10
S2100223,P015,911,1100,0,10
S2201109,P711,923,1045,19,10
S2201109,P711,936,1045,6,10
S2201109,P711,922,1045,4,10
S2201109,P731,923,1045,52,10
S2201109,P731,936,1045,7,10
S2201109,P731,922,1045,14,10
S2201109,P741,923,1045,0,30
S2201109,P741,936,1045,0,30
S2201109,P741,922,1045,0,30
S2201109,P751,923,1045,53,10
S2201109,P751,936,1045,6,10
S2201109,P751,922,1045,13,10
S1901066,P004,922,1045,229,10
S1901066,P004,923,1045,182,10
S1901066,P004,924,1045,1,10
S1901066,P004,936,1045,4,10
S1901066,P004,937,1045,11,10
E5400878,P010,911,1042,1,10
S1901066,P004,911,1054,6,10
E5600056,P004,911,1100,0,00
E5600056,P006,911,1100,3,10
E5600056,P007,911,1100,0,00
E5600056,P008,911,1100,6,10
E5600056,P009,911,1100,2,10
E5600056,P016,911,1100,4,10
E5600056,P017,911,1100,2,10
E5600056,P018,911,1100,3,10
E5600056,P021,911,1100,3,10
E5600056,P022,911,1100,3,10
E5600056,P023,911,1100,1,10
E5600056,P024,911,1100,3,10
E5600056,P004,922,1100,0,00
E5600056,P004,923,1100,0,00
E5600056,P004,924,1100,0,00
E5600056,P004,936,1100,0,00
E5600056,P006,922,1100,20,10
E5600056,P006,923,1100,59,10
E5600056,P006,924,1100,0,10
E5600056,P006,936,1100,4,10
E5600056,P007,922,1100,0,00
E5600056,P007,923,1100,0,00
E5600056,P007,924,1100,0,00
E5600056,P007,936,1100,0,00
E5600056,P008,922,1100,51,10
E5600056,P008,923,1100,63,10
E5600056,P008,924,1100,29,10
E5600056,P008,936,1100,5,10
E5600056,P016,922,1100,0,10
E5600056,P016,923,1100,38,10
E5600056,P016,936,1100,12,10
E5600056,P017,922,1100,2,10
E5600056,P017,923,1100,22,10
E5600056,P017,924,1100,0,10
E5600056,P017,936,1100,3,10
E5600056,P018,922,1100,0,10
E5600056,P018,923,1100,14,10
E5600056,P018,936,1100,4,10
E5600056,P021,922,1100,0,10
E5600056,P021,923,1100,42,10
E5600056,P021,936,1100,4,10
E5600056,P024,922,1100,3,10
E5600056,P024,923,1100,27,10
E5600056,P024,924,1100,2,10
E5600056,P024,936,1100,6,10
E5600056,P034,923,1100,50,10
E5600056,P034,936,1100,1,10
E5600056,P004,222,1100,0,00
E5600056,P004,223,1100,0,00
E5600056,P004,224,1100,0,00
E5600056,P004,236,1100,0,00
E5600056,P004,248,1100,0,00
E5600056,P004,259,1100,0,00
E5600056,P006,222,1100,37,10
E5600056,P006,223,1100,60,10
E5600056,P006,224,1100,25,10
E5600056,P006,236,1100,3,10
S1900685,P002,911,1054,11,10
S1900685,P421,911,1054,15,10
S1900685,P421,922,1045,12,10
S1900685,P421,923,1045,66,10
S1900685,P421,936,1045,6,10
S1900685,P421,222,1000,10,10
S1900685,P421,223,1000,55,10
S1900685,P421,236,1000,6,10
S1900685,P421,248,1000,307716,10
S1900685,P421,259,1000,52,10
S1900685,P411,911,1054,4,10
S1900685,P411,222,1000,17,10
S1900685,P411,922,1045,17,10
S1900685,P411,223,1000,63,10
S1900685,P411,923,1045,64,10
S1900685,P411,236,1000,12,10
S1900685,P411,936,1045,12,10
S1900685,P411,248,1000,20829,10
S1900685,P411,259,1000,133,10
S2202553,P001,911,1054,1,10
S2202553,P002,911,1054,1,10
S2202553,P003,911,1054,1,10
S2202553,P001,922,1045,5,10
S2202553,P002,922,1045,7,10
S2202553,P003,922,1045,7,10
S2202553,P001,923,1045,98,10
S2202553,P002,923,1045,81,10
S2202553,P003,923,1045,88,10
S2202553,P001,924,1045,5,10
S2202553,P002,924,1045,1,10
S2202553,P003,924,1045,14,10
S2202553,P001,926,1045,10,10
S2202553,P002,926,1045,9,10
S2202553,P003,926,1045,12,10
S2202553,P001,936,1045,12,10
S2202553,P002,936,1045,10,10
S2202553,P003,936,1045,6,10
S2202553,P001,222,1000,7,10
S2202553,P002,222,1000,6,10
S2202553,P003,222,1000,6,10
S2202553,P001,223,1000,109,10
S2202553,P002,223,1000,78,10
S2202553,P003,223,1000,96,10
S2202553,P001,224,1000,5,10
S2202553,P002,224,1000,1,10
S2202553,P003,224,1000,9,10
S2202553,P001,226,1000,21,10
S2202553,P002,226,1000,9,10
S2202553,P003,226,1000,15,10
S2202553,P001,236,1000,11,10
S2202553,P002,236,1000,10,10
S2202553,P003,236,1000,7,10
S2202553,P001,248,1000,99660,10
S2202553,P002,248,1000,120080,10
S2202553,P003,248,1000,125415,10
S2202553,P001,259,1000,141,10
S2202553,P002,259,1000,136,10
S2202553,P003,259,1000,148,10
S2201109,P711,911,1054,15,10
S2201109,P731,911,1054,18,10
S2201109,P741,911,1054,12,10
S2201109,P751,911,1054,13,10
E4900744,P001,911,1100,0,00
E4900744,P002,911,1100,0,00
E4900744,P023,911,1100,0,00
S2300438,P001,911,1100,6,10
E4900333,P001,911,1054,9,10
E4900333,P002,911,1054,0,32
E4900333,P003,911,1054,0,32
E4900333,P103,911,1054,0,32
E4900333,P021,911,1054,6,10
E4900333,P105,911,1054,9,10
E4900333,P001,922,1045,1,10
E4900333,P002,922,1045,0,32
E4900333,P003,922,1045,0,32
E4900333,P103,922,1045,0,32
E4900333,P021,922,1045,0,32
E4900333,P105,922,1045,0,32
E4900333,P001,923,1045,74,10
E4900333,P002,923,1045,0,32
E4900333,P003,923,1045,0,32
E4900333,P103,923,1045,0,32
E4900333,P021,923,1045,0,32
E4900333,P105,923,1045,0,32
E4900333,P001,936,1045,12,10
E4900333,P002,936,1045,0,32
E4900333,P003,936,1045,0,32
E4900333,P103,936,1045,0,32
E4900333,P021,936,1045,0,32
E4900333,P105,936,1045,0,32
E4900333,P001,259,1000,89,10
E4900333,P002,259,1000,0,32
E4900333,P003,259,1000,0,32
E4900333,P103,259,1000,0,32
E4900333,P021,259,1000,0,32
E4900333,P105,259,1000,0,32
E4900333,P001,222,1000,1,10
E4900333,P002,222,1000,0,32
E4900333,P003,222,1000,0,32
E4900333,P103,222,1000,0,32
E4900333,P021,222,1000,0,32
E4900333,P105,222,1000,0,32
E4900333,P001,223,1000,74,10
E4900333,P002,223,1000,0,32
E4900333,P003,223,1000,0,32
E4900333,P103,223,1000,0,32
E4900333,P021,223,1000,0,32
E4900333,P105,223,1000,0,32
E4900333,P001,236,1000,12,10
E4900333,P002,236,1000,0,32
E4900333,P003,236,1000,0,32
E4900333,P103,236,1000,0,32
E4900333,P021,236,1000,0,32
E4900333,P105,236,1000,0,32
E4900333,P001,248,1000,37497,10
E4900333,P002,248,1000,0,32
E4900333,P003,248,1000,0,32
E4900333,P103,248,1000,0,32
E4900333,P021,248,1000,0,32
E4900333,P105,248,1000,0,32
E5600332,P001,911,1100,0,00
E5600332,P002,911,1100,0,00
E5600332,P003,911,1100,0,00
E5601197,P002,911,1100,3,10
E5601197,P003,911,1100,3,10
E5600841,P001,248,1000,182727,10
E5600841,P001,923,1045,26,10
E5600841,P001,223,1000,28,10
E5600841,P001,936,1045,5,10
E5600841,P001,236,1000,4,10
E5600841,P001,911,1054,5,10
E5600841,P001,922,1045,28,10
E5600841,P001,222,1000,29,10
E5600841,P001,259,1000,161,10
E5600841,P002,248,1000,212826,10
E5600841,P002,923,1045,0,31
E5600841,P002,223,1000,0,31
E5600841,P002,936,1045,4,10
E5600841,P002,236,1000,4,10
E5600841,P002,911,1054,5,10
E5600841,P002,922,1045,0,31
E5600841,P002,222,1000,0,31
E5600841,P002,259,1000,161,10
E5600841,P003,248,1000,286211,10
E5600841,P003,923,1045,25,10
E5600841,P003,223,1000,29,10
E5600841,P003,936,1045,5,10
E5600841,P003,236,1000,5,10
E5600841,P003,911,1054,9,10
E5600841,P003,922,1045,25,10
E5600841,P003,222,1000,26,10
E5600841,P003,259,1000,160,10
E5600841,P004,248,1000,187330,10
E5600841,P004,923,1045,21,10
E5600841,P004,223,1000,20,10
E5600841,P004,936,1045,4,10
E5600841,P004,236,1000,4,10
E5600841,P004,911,1054,6,10
E5600841,P004,922,1045,19,10
E5600841,P004,222,1000,19,10
E5600841,P004,259,1000,185,10
E5600841,P005,248,1000,0,31
E5600841,P005,923,1045,16,10
E5600841,P005,223,1000,0,31
E5600841,P005,936,1045,4,10
E5600841,P005,236,1000,0,31
E5600841,P005,911,1054,0,31
E5600841,P005,922,1045,20,10
E5600841,P005,222,1000,0,31
E5600841,P005,259,1000,0,31
E5600841,P006,248,1000,230694,10
E5600841,P006,923,1045,73,10
E5600841,P006,223,1000,67,10
E5600841,P006,936,1045,6,10
E5600841,P006,236,1000,6,10
E5600841,P006,911,1054,12,10
E5600841,P006,922,1045,73,10
E5600841,P006,222,1000,71,10
E5600841,P006,259,1000,130,10
E5600841,P007,248,1000,241319,10
E5600841,P007,923,1045,24,10
E5600841,P007,223,1000,25,10
E5600841,P007,936,1045,7,10
E5600841,P007,236,1000,6,10
E5600841,P007,911,1054,13,10
E5600841,P007,922,1045,73,10
E5600841,P007,222,1000,73,10
E5600841,P007,259,1000,137,10
E5600841,P008,248,1000,174057,10
E5600841,P008,923,1045,67,10
E5600841,P008,223,1000,67,10
E5600841,P008,936,1045,10,10
E5600841,P008,236,1000,10,10
E5600841,P008,911,1054,10,10
E5600841,P008,922,1045,9,10
E5600841,P008,222,1000,9,10
E5600841,P008,259,1000,49,10
E5600841,P009,248,1000,347946,10
E5600841,P009,923,1045,9,10
E5600841,P009,223,1000,9,10
E5600841,P009,936,1045,4,10
E5600841,P009,236,1000,4,10
E5600841,P009,911,1054,9,10
E5600841,P009,922,1045,25,10
E5600841,P009,222,1000,25,10
E5600841,P009,259,1000,129,10
E5600841,P010,248,1000,406475,10
E5600841,P010,923,1045,20,10
E5600841,P010,223,1000,19,10
E5600841,P010,936,1045,5,10
E5600841,P010,236,1000,5,10
E5600841,P010,911,1054,6,10
E5600841,P010,922,1045,22,10
E5600841,P010,222,1000,22,10
E5600841,P010,259,1000,110,10
E5600841,PC23,248,1000,33022,10
E5600841,PC23,923,1045,54,10
E5600841,PC23,223,1000,58,10
E5600841,PC23,936,1045,8,10
E5600841,PC23,236,1000,8,10
E5600841,PC23,911,1054,9,10
E5600841,PC23,922,1045,32,10
E5600841,PC23,222,1000,32,10
E5600841,PC23,259,1000,156,10
E5600841,PC83,248,1000,216525,10
E5600841,PC83,923,1045,49,10
E5600841,PC83,223,1000,49,10
E5600841,PC83,936,1045,6,10
E5600841,PC83,236,1000,6,10
E5600841,PC83,911,1054,14,10
E5600841,PC83,922,1045,26,10
E5600841,PC83,222,1000,27,10
E5600841,PC83,259,1000,170,10
E5600841,PPB1,248,1000,243828,10
E5600841,PPB1,923,1045,13,10
E5600841,PPB1,223,1000,12,10
E5600841,PPB1,936,1045,7,10
E5600841,PPB1,236,1000,7,10
E5600841,PPB1,911,1054,8,10
E5600841,PPB1,922,1045,27,10
E5600841,PPB1,222,1000,29,10
E5600841,PPB1,259,1000,147,10
E5600841,PPC1,248,1000,0,31
E5600841,PPC1,923,1045,20,10
E5600841,PPC1,223,1000,0,31
E5600841,PPC1,936,1045,3,10
E5600841,PPC1,236,1000,0,31
E5600841,PPC1,911,1054,0,31
E5600841,PPC1,922,1045,20,10
E5600841,PPC1,222,1000,0,31
E5600841,PPC1,259,1000,0,31
E5600841,PR54,248,1000,42654,10
E5600841,PR54,923,1045,70,10
E5600841,PR54,223,1000,80,10
E5600841,PR54,936,1045,6,10
E5600841,PR54,236,1000,6,10
E5600841,PR54,911,1054,3,10
E5600841,PR54,922,1045,36,10
E5600841,PR54,222,1000,35,10
E5600841,PR54,259,1000,218,10
E5600841,PR61,248,1000,151055,10
E5600841,PR61,923,1045,72,10
E5600841,PR61,223,1000,73,10
E5600841,PR61,936,1045,3,10
E5600841,PR61,236,1000,3,10
E5600841,PR61,911,1054,7,10
E5600841,PR61,922,1045,42,10
E5600841,PR61,222,1000,42,10
E5600841,PR61,259,1000,320,10
E5600841,PR62,248,1000,92512,10
E5600841,PR62,923,1045,50,10
E5600841,PR62,223,1000,50,10
E5600841,PR62,936,1045,4,10
E5600841,PR62,236,1000,4,10
E5600841,PR62,911,1054,4,10
E5600841,PR62,922,1045,20,10
E5600841,PR62,222,1000,21,10
E5600841,PR62,259,1000,316,10
E5600841,PS11,248,1000,839656,10
E5600841,PS11,923,1045,38,10
E5600841,PS11,223,1000,39,10
E5600841,PS11,936,1045,11,10
E5600841,PS11,236,1000,11,10
E5600841,PS11,911,1054,11,10
E5600841,PS11,922,1045,64,10
E5600841,PS11,222,1000,64,10
E5600841,PS11,259,1000,163,10
E5600841,PS12,911,1054,9,10
E5600841,PS31,248,1000,801528,10
E5600841,PS31,923,1045,113,10
E5600841,PS31,223,1000,111,10
E5600841,PS31,936,1045,12,10
E5600841,PS31,236,1000,12,10
E5600841,PS31,911,1054,7,10
E5600841,PS31,922,1045,90,10
E5600841,PS31,222,1000,85,10
E5600841,PS31,259,1000,130,10
E5600841,PS32,911,1054,4,10
E5600841,PS51,248,1000,0,00
E5600841,PS51,923,1045,43,10
E5600841,PS51,223,1000,0,00
E5600841,PS51,936,1045,12,10
E5600841,PS51,236,1000,0,00
E5600841,PS51,911,1054,11,10
E5600841,PS51,922,1045,11,10
E5600841,PS51,222,1000,0,00
E5600841,PS51,259,1000,0,00
E5600841,PS52,911,1054,8,10
E5600841,PS71,248,1000,0,00
E5600841,PS71,923,1045,0,00
E5600841,PS71,223,1000,0,00
E5600841,PS71,936,1045,0,00
E5600841,PS71,236,1000,0,00
E5600841,PS71,911,1054,0,00
E5600841,PS71,922,1045,0,00
E5600841,PS71,222,1000,0,00
E5600841,PS71,259,1000,0,00
E5600841,PS72,911,1054,0,00
E5600896,P004,911,1048,0,00
E5600896,P005,911,1048,0,00
E5600896,P007,911,1048,5,10
E5600896,P008,911,1048,7,10
E5600850,PC01,911,1100,0,00
E5002890,P001,911,1100,5,10
E5002890,P002,911,1100,5,10
E5002890,P003,911,1100,0,00
E5600869,P001,911,1100,0,31
S1900710,P015,911,1106,0,00
S1900710,P050,911,1106,5,10
S1900710,P056,911,1106,4,10
S1900710,P060,911,1106,3,10
S1900710,P070,911,1106,6,10
S2100223,P015,911,1106,0,10
E5400878,P010,911,1048,1,10
S1901066,P004,911,1100,6,10
E5600056,P004,911,1106,0,00
E5600056,P006,911,1106,3,10
E5600056,P007,911,1106,0,00
E5600056,P008,911,1106,5,10
E5600056,P009,911,1106,2,10
E5600056,P016,911,1106,5,10
E5600056,P017,911,1106,2,10
E5600056,P018,911,1106,3,10
E5600056,P021,911,1106,3,10
E5600056,P022,911,1106,2,10
E5600056,P023,911,1106,1,10
E5600056,P024,911,1106,3,10
S2202553,P001,911,1100,1,10
S2202553,P002,911,1100,1,10
S2202553,P003,911,1100,1,10
S1900685,P002,911,1100,11,10
S1900685,P421,911,1100,14,10
S1900685,P411,911,1100,4,10
E5600841,P001,911,1100,5,10
E5600841,P002,911,1100,5,10
E5600841,P003,911,1100,9,10
E5600841,P004,911,1100,6,10
E5600841,P005,911,1100,8,10
E5600841,P006,911,1100,12,10
E5600841,P007,911,1100,13,10
E5600841,P008,911,1100,9,10
E5600841,P009,911,1100,9,10
E5600841,P010,911,1100,6,10
E5600841,PC23,911,1100,18,10
E5600841,PC83,911,1100,14,10
E5600841,PPB1,911,1100,8,10
E5600841,PPC1,911,1100,5,10
E5600841,PR54,911,1100,3,10
E5600841,PR61,911,1100,7,10
E5600841,PR62,911,1100,4,10
E5600841,PS11,911,1100,10,10
E5600841,PS12,911,1100,9,10
E5600841,PS31,911,1100,7,10
E5600841,PS32,911,1100,4,10
E5600841,PS51,911,1100,12,10
E5600841,PS52,911,1100,9,10
E5600841,PS71,911,1100,0,00
E5600841,PS72,911,1100,0,00
S3200688,P001,911,1042,10,10
S3200688,P002,911,1042,11,10
S3200688,P003,911,1042,7,10
S3200688,P004,911,1042,9,10
E4900333,P001,911,1100,9,10
E4900333,P002,911,1100,0,00
E4900333,P003,911,1100,0,32
E4900333,P103,911,1100,0,32
E4900333,P021,911,1100,6,10
E4900333,P105,911,1100,9,10
E4900744,P001,911,1106,0,00
E4900744,P002,911,1106,0,00
E4900744,P023,911,1106,0,00
S2100223,P015,922,1100,0,10
S2100223,P015,923,1100,0,10
S2100223,P015,924,1100,0,10
S2100223,P015,936,1100,0,10
S2300438,P001,911,1106,6,10
E5600332,P001,911,1106,0,00
E5600332,P002,911,1106,0,00
E5600332,P003,911,1106,0,00
E5601197,P002,911,1106,3,10
E5601197,P003,911,1106,3,10
E5600896,P004,222,1000,0,00
E5600896,P004,223,1000,0,00
E5600896,P004,236,1000,0,00
E5600896,P004,248,1000,0,00
E5600896,P004,259,1000,0,00
E5600896,P005,222,1000,0,00
E5600896,P005,223,1000,0,00
E5600896,P005,236,1000,0,00
E5600896,P005,248,1000,0,00
E5600896,P005,259,1000,0,00
E5600896,P007,222,1000,0,10
E5600896,P007,223,1000,72,11
E5600896,P007,236,1000,5,10
E5600896,P007,248,1000,1472922,10
E5600896,P007,259,1000,158,10
E5600896,P008,222,1000,0,10
E5600896,P008,223,1000,62,10
E5600896,P008,236,1000,2,10
E5600896,P008,248,1000,1928628,10
E5600896,P008,259,1000,134,10
E5600896,P004,922,1045,0,00
E5600896,P004,923,1045,0,00
E5600896,P004,936,1045,0,00
E5600896,P005,922,1045,0,00
E5600896,P005,923,1045,0,00
E5600896,P005,936,1045,0,00
E5600896,P007,922,1045,0,10
E5600896,P007,923,1045,72,11
E5600896,P007,936,1045,5,10
E5600896,P008,922,1045,0,10
E5600896,P008,923,1045,62,10
E5600896,P008,936,1045,2,10
E5600896,P004,911,1054,0,00
E5600896,P005,911,1054,0,00
E5600896,P007,911,1054,5,10
E5600896,P008,911,1054,7,10
S2300429,P701,911,1106,0,00
S2300429,PF01,911,1106,9,10
E5600850,PC01,911,1106,0,00
E5600789,P001,911,1106,0,00
E5002890,P001,911,1106,5,10
E5002890,P002,911,1106,5,10
E5002890,P003,911,1106,0,00
E5600869,P001,911,1106,0,31
S1900685,P002,911,1106,13,10
S1900685,P421,911,1106,14,10
S1900685,P411,911,1106,4,10
E4900744,P001,923,1100,0,00
E4900744,P023,923,1100,0,00
E4900744,P001,936,1100,0,00
E4900744,P023,936,1100,0,00
S2100223,P015,911,1112,0,10
E5400878,P001,223,1000,21,10
E5400878,P001,236,1000,15,10
E5400878,P001,248,1000,770691,10
E5400878,P001,259,1000,116,10
E5400878,P002,223,1000,19,10
E5400878,P002,236,1000,14,10
E5400878,P002,248,1000,1729391,10
E5400878,P002,259,1000,115,10
E5400878,P003,223,1000,17,10
E5400878,P003,236,1000,15,10
E5400878,P003,248,1000,1541814,10
E5400878,P003,259,1000,114,10
E5400878,P010,223,1000,18,10
E5400878,P010,236,1000,13,10
E5400878,P010,248,1000,1402065,10
E5400878,P010,259,1000,99,10
E5400878,P001,923,1045,21,10
E5400878,P001,936,1045,15,10
E5400878,P002,923,1045,19,10
E5400878,P002,936,1045,14,10
E5400878,P003,923,1045,16,10
E5400878,P003,936,1045,15,10
E5400878,P010,923,1045,18,10
E5400878,P010,936,1045,13,10
E5400878,P010,911,1054,1,10
S1901066,P004,911,1106,6,10
E5600056,P004,911,1112,0,00
E5600056,P006,911,1112,3,10
E5600056,P007,911,1112,0,00
E5600056,P008,911,1112,6,10
E5600056,P009,911,1112,2,10
E5600056,P016,911,1112,5,10
E5600056,P017,911,1112,2,10
E5600056,P018,911,1112,3,10
E5600056,P021,911,1112,3,10
E5600056,P022,911,1112,3,10
E5600056,P023,911,1112,1,10
E5600056,P024,911,1112,3,10
S1900710,P015,911,1112,0,00
S1900710,P050,911,1112,6,10
S1900710,P056,911,1112,4,10
S1900710,P060,911,1112,4,10
S1900710,P070,911,1112,6,10
S2202553,P001,911,1106,1,10
S2202553,P002,911,1106,1,10
S2202553,P003,911,1106,1,10
S2201109,P711,911,1106,15,10
S2201109,P731,911,1106,18,10
S2201109,P741,911,1106,13,10
S2201109,P751,911,1106,13,10
E5600841,P001,911,1106,5,10
E5600841,P002,911,1106,5,10
E5600841,P003,911,1106,9,10
E5600841,P004,911,1106,6,10
E5600841,P005,911,1106,8,10
E5600841,P006,911,1106,12,10
E5600841,P007,911,1106,13,10
E5600841,P008,911,1106,10,10
E5600841,P009,911,1106,9,10
E5600841,P010,911,1106,7,10
E5600841,PC23,911,1106,12,10
E5600841,PC83,911,1106,15,10
E5600841,PPB1,911,1106,8,10
E5600841,PPC1,911,1106,5,10
E5600841,PR54,911,1106,3,10
E5600841,PR61,911,1106,7,10
E5600841,PR62,911,1106,4,10
E5600841,PS11,911,1106,11,10
E5600841,PS12,911,1106,11,10
E5600841,PS31,911,1106,7,10
E5600841,PS32,911,1106,5,10
E5600841,PS51,911,1106,12,10
E5600841,PS52,911,1106,8,10
E5600841,PS71,911,1106,0,00
E5600841,PS72,911,1106,0,00
E5600850,PC01,923,1100,0,00
E5600850,PC01,924,1100,0,00
E5600850,PC01,936,1100,0,00
E5600850,PC01,926,1100,0,00
E5600850,PC01,223,1000,0,00
E5600850,PC01,224,1000,0,00
E5600850,PC01,236,1000,0,00
E5600850,PC01,226,1000,0,00
E5600850,PC01,248,1000,0,00
E5600850,PC01,259,1000,0,00
S2300438,P001,922,1100,0,10
S2300438,P001,923,1100,27,10
S2300438,P001,936,1100,8,10
S2300438,P001,222,1000,0,10
S2300438,P001,223,1000,29,10
S2300438,P001,236,1000,7,10
S2300438,P001,248,1000,44915,10
S2300438,P001,259,1000,122,10
S1901066,P004,922,1100,230,10
S1901066,P004,923,1100,182,10
S1901066,P004,924,1100,1,10
S1901066,P004,936,1100,4,10
S1901066,P004,937,1100,11,10
S1901066,P004,222,1000,230,10
S1901066,P004,223,1000,183,10
S1901066,P004,224,1000,1,10
S1901066,P004,236,1000,4,10
S1901066,P004,237,1000,11,10
S1901066,P004,248,1000,125271,10
S1901066,P004,259,1000,246,10
E4900333,P001,911,1106,9,10
E4900333,P002,911,1106,0,00
E4900333,P003,911,1106,0,32
E4900333,P103,911,1106,0,32
E4900333,P021,911,1106,6,10
E4900333,P105,911,1106,9,10
E5002890,P001,922,1100,0,10
E5002890,P002,922,1100,0,10
E5002890,P003,922,1100,0,00
E5002890,P001,923,1100,109,10
E5002890,P002,923,1100,72,10
E5002890,P003,923,1100,0,00
E5002890,P001,924,1100,5,10
E5002890,P002,924,1100,2,10
E5002890,P003,924,1100,0,00
E5002890,P001,926,1100,13,10
E5002890,P002,926,1100,7,10
E5002890,P003,926,1100,0,00
E5002890,P001,936,1100,13,10
E5002890,P002,936,1100,11,10
E5002890,P003,936,1100,0,00
E5600869,P001,922,1100,0,31
E5600869,P001,923,1100,0,31
E5600869,P001,936,1100,0,31
S2202553,P001,922,1100,5,10
S2202553,P002,922,1100,10,10
S2202553,P003,922,1100,11,10
S2202553,P001,923,1100,83,10
S2202553,P002,923,1100,76,10
S2202553,P003,923,1100,95,10
S2202553,P001,924,1100,5,10
S2202553,P002,924,1100,1,10
S2202553,P003,924,1100,2,10
S2202553,P001,926,1100,8,10
S2202553,P002,926,1100,13,10
S2202553,P003,926,1100,21,10
S2202553,P001,936,1100,10,10
S2202553,P002,936,1100,9,10
S2202553,P003,936,1100,7,10
E4900744,P001,911,1112,0,00
E4900744,P002,911,1112,0,00
E4900744,P023,911,1112,0,00
S2300429,P701,911,1100,0,00
S2300429,P701,922,1100,0,00
S2300429,P701,923,1100,0,00
S2300429,P701,936,1100,0,00
S2300429,PF01,911,1100,9,10
S2300429,PF01,922,1100,25,10
S2300429,PF01,923,1100,32,10
S2300429,PF01,936,1100,6,10
S2300429,P701,222,1000,0,00
S2300429,P701,223,1000,0,00
S2300429,P701,236,1000,0,00
S2300429,P701,248,1000,0,00
S2300429,P701,259,1000,0,00
S2300429,PF01,222,1000,24,10
S2300429,PF01,223,1000,26,10
S2300429,PF01,236,1000,6,10
S2300429,PF01,248,1000,274641,10
S2300429,PF01,259,1000,59,10
S1900685,P421,922,1100,13,10
S1900685,P421,923,1100,69,10
S1900685,P421,936,1100,6,10
S1900685,P411,922,1100,18,10
S1900685,P411,923,1100,69,10
S1900685,P411,936,1100,12,10
E5600332,P001,911,1112,0,00
E5600332,P002,911,1112,0,00
E5600332,P003,911,1112,0,00
S2300438,P001,911,1112,5,10
E5600056,P004,922,1115,0,00
E5600056,P004,923,1115,0,00
E5600056,P004,924,1115,0,00
E5600056,P004,936,1115,0,00
E5600056,P006,922,1115,26,10
E5600056,P006,923,1115,61,10
E5600056,P006,924,1115,0,10
E5600056,P006,936,1115,4,10
E5600056,P007,922,1115,0,00
E5600056,P007,923,1115,0,00
E5600056,P007,924,1115,0,00
E5600056,P007,936,1115,0,00
E5600056,P008,922,1115,53,10
E5600056,P008,923,1115,64,10
E5600056,P008,924,1115,19,10
E5600056,P008,936,1115,5,10
E5600056,P016,922,1115,0,10
E5600056,P016,923,1115,39,10
E5600056,P016,936,1115,12,10
E5600056,P017,922,1115,2,10
E5600056,P017,923,1115,22,10
E5600056,P017,924,1115,0,10
E5600056,P017,936,1115,3,10
E5600056,P018,922,1115,0,10
E5600056,P018,923,1115,14,10
E5600056,P018,924,1115,0,10
E5600056,P018,936,1115,4,10
E5600056,P021,922,1115,0,10
E5600056,P021,923,1115,43,10
E5600056,P021,924,1115,0,10
E5600056,P021,936,1115,4,10
E5600056,P024,922,1115,3,10
E5600056,P024,923,1115,27,10
E5600056,P024,924,1115,2,10
E5600056,P024,936,1115,6,10
E5600056,P034,922,1115,5,10
E5600056,P034,923,1115,48,10
E5600056,P034,936,1115,1,10
S1900710,P070,923,1115,20,10
S1900710,P070,936,1115,8,10
S1900710,P070,922,1115,17,10
S1900710,P015,923,1115,0,00
S1900710,P015,936,1115,0,00
S1900710,P015,922,1115,0,00
S1900710,P050,923,1115,113,10
S1900710,P050,936,1115,5,10
S1900710,P050,922,1115,69,10
S1900710,P056,923,1115,34,10
S1900710,P056,936,1115,4,10
S1900710,P056,922,1115,25,10
S1900710,P060,923,1115,23,10
S1900710,P060,936,1115,5,10
S1900710,P060,922,1115,26,10
E5601197,P002,911,1112,5,10
E5601197,P003,911,1112,4,10
E5600056,P004,911,1118,0,00
E5600056,P006,911,1118,3,10
E5600056,P007,911,1118,0,00
E5600056,P008,911,1118,6,10
E5600056,P009,911,1118,2,10
E5600056,P016,911,1118,4,10
E5600056,P017,911,1118,2,10
E5600056,P018,911,1118,3,10
E5600056,P021,911,1118,3,10
E5600056,P022,911,1118,2,10
E5600056,P023,911,1118,1,10
E5600056,P024,911,1118,3,10
S1601990,P001,911,1112,2,10
S1601990,P004,911,1112,3,10
S1601990,P049,911,1112,1,10
E5600841,P001,923,1100,37,10
E5600841,P001,936,1100,5,10
E5600841,P001,922,1100,32,10
E5600841,P002,923,1100,0,31
E5600841,P002,936,1100,4,10
E5600841,P002,922,1100,0,31
E5600841,P003,923,1100,35,10
E5600841,P003,936,1100,5,10
E5600841,P003,922,1100,29,10
E5600841,P004,923,1100,20,10
E5600841,P004,936,1100,4,10
E5600841,P004,922,1100,21,10
E5600841,P005,923,1100,15,10
E5600841,P005,936,1100,4,10
E5600841,P005,922,1100,20,10
E5600841,P006,923,1100,70,10
E5600841,P006,936,1100,6,10
E5600841,P006,922,1100,72,10
E5600841,P007,923,1100,21,10
E5600841,P007,936,1100,7,10
E5600841,P007,922,1100,73,10
E5600841,P008,923,1100,64,10
E5600841,P008,936,1100,10,10
E5600841,P008,922,1100,9,10
E5600841,P009,923,1100,9,10
E5600841,P009,936,1100,4,10
E5600841,P009,922,1100,26,10
E5600841,P010,923,1100,19,10
E5600841,P010,936,1100,5,10
E5600841,P010,922,1100,22,10
E5600841,PC23,923,1100,80,10
E5600841,PC23,936,1100,8,10
E5600841,PC23,922,1100,36,10
E5600841,PC83,923,1100,48,10
E5600841,PC83,936,1100,6,10
E5600841,PC83,922,1100,26,10
E5600841,PPB1,923,1100,13,10
E5600841,PPB1,936,1100,7,10
E5600841,PPB1,922,1100,29,10
E5600841,PPC1,923,1100,19,10
E5600841,PPC1,936,1100,3,10
E5600841,PPC1,922,1100,22,10
E5600841,PR54,923,1100,65,10
E5600841,PR54,936,1100,5,10
E5600841,PR54,922,1100,38,10
E5600841,PR61,923,1100,69,10
E5600841,PR61,936,1100,3,10
E5600841,PR61,922,1100,42,10
E5600841,PR62,923,1100,47,10
E5600841,PR62,936,1100,4,10
E5600841,PR62,922,1100,22,10
E5600841,PS11,923,1100,37,10
E5600841,PS11,936,1100,11,10
E5600841,PS11,922,1100,63,10
E5600841,PS31,923,1100,112,10
E5600841,PS31,936,1100,12,10
E5600841,PS31,922,1100,92,10
E5600841,PS51,923,1100,43,10
E5600841,PS51,936,1100,11,10
E5600841,PS51,922,1100,17,10
E5600841,PS71,923,1100,0,00
E5600841,PS71,936,1100,0,00
E5600841,PS71,922,1100,0,00
E5600896,P004,911,1100,0,00
E5600896,P005,911,1100,0,00
E5600896,P007,911,1100,5,10
E5600896,P008,911,1100,7,10
S2300429,P701,911,1112,0,00
S2300429,PF01,911,1112,9,10
E5600789,P001,911,1112,0,00
E5002890,P001,911,1112,5,10
E5002890,P002,911,1112,6,10
E5002890,P003,911,1112,0,00
E5600869,P001,911,1112,0,31
S1900685,P002,911,1112,11,10
S1900685,P421,911,1112,14,10
S1900685,P411,911,1112,4,10
S2100223,P015,911,1118,0,10
E5400878,P010,911,1100,1,10
E5600850,PC01,911,1112,0,00
S1901066,P004,911,1112,6,10
E4900333,P001,922,1100,1,10
E4900333,P002,922,1100,0,00
E4900333,P003,922,1100,0,32
E4900333,P103,922,1100,0,32
E4900333,P021,922,1100,0,10
E4900333,P105,922,1100,47,10
E4900333,P001,923,1100,76,10
E4900333,P002,923,1100,0,00
E4900333,P003,923,1100,0,32
E4900333,P103,923,1100,0,32
E4900333,P021,923,1100,27,10
E4900333,P105,923,1100,69,10
E4900333,P001,936,1100,12,10
E4900333,P002,936,1100,0,00
E4900333,P003,936,1100,0,32
E4900333,P103,936,1100,0,32
E4900333,P021,936,1100,7,10
E4900333,P105,936,1100,10,10
S1900710,P070,911,1118,6,10
S1900710,P015,911,1118,0,00
S1900710,P050,911,1118,6,10
S1900710,P056,911,1118,4,10
S1900710,P060,911,1118,4,10
S2202553,P001,911,1112,1,10
S2202553,P002,911,1112,1,10
S2202553,P003,911,1112,1,10
S2201109,P711,911,1000,15,10
S2201109,P731,911,1000,19,10
S2201109,P741,911,1000,15,10
S2201109,P751,911,1000,15,10
S2201109,P711,923,1000,20,10
S2201109,P711,936,1000,6,10
S2201109,P711,922,1000,4,10
S2201109,P731,923,1000,47,10
S2201109,P731,936,1000,7,10
S2201109,P731,922,1000,15,10
S2201109,P741,923,1000,0,30
S2201109,P741,936,1000,0,30
S2201109,P741,922,1000,0,30
S2201109,P751,923,1000,53,10
S2201109,P751,936,1000,6,10
S2201109,P751,922,1000,13,10
S2201109,P711,248,1000,7591,10
S2201109,P711,223,1000,20,10
S2201109,P711,236,1000,6,10
S2201109,P711,222,1000,4,10
S2201109,P711,259,1000,53,10
S2201109,P731,248,1000,4321,10
S2201109,P731,223,1000,49,10
S2201109,P731,236,1000,7,10
S2201109,P731,222,1000,15,10
S2201109,P731,259,1000,54,10
S2201109,P741,248,1000,0,31
S2201109,P741,223,1000,0,31
S2201109,P741,236,1000,0,31
S2201109,P741,222,1000,0,31
S2201109,P741,259,1000,54,10
S2201109,P751,248,1000,5168,10
S2201109,P751,223,1000,53,10
S2201109,P751,236,1000,6,10
S2201109,P751,222,1000,13,10
S2201109,P751,259,1000,51,10
S2201109,P711,911,1112,15,10
S2201109,P731,911,1112,18,10
S2201109,P741,911,1112,12,10
S2201109,P751,911,1112,13,10
E4900744,P001,911,1118,0,00
E4900744,P002,911,1118,0,00
E4900744,P023,911,1118,0,00
E5600841,P001,911,1112,5,10
E5600841,P002,911,1112,5,10
E5600841,P003,911,1112,9,10
E5600841,P004,911,1112,6,10
E5600841,P005,911,1112,8,10
E5600841,P006,911,1112,12,10
E5600841,P007,911,1112,13,10
E5600841,P008,911,1112,10,10
E5600841,P009,911,1112,9,10
E5600841,P010,911,1112,7,10
E5600841,PC23,911,1112,10,10
E5600841,PC83,911,1112,14,10
E5600841,PPB1,911,1112,8,10
E5600841,PPC1,911,1112,5,10
E5600841,PR54,911,1112,3,10
E5600841,PR61,911,1112,7,10
E5600841,PR62,911,1112,4,10
E5600841,PS11,911,1112,11,10
E5600841,PS12,911,1112,10,10
E5600841,PS31,911,1112,7,10
E5600841,PS32,911,1112,4,10
E5600841,PS51,911,1112,12,10
E5600841,PS52,911,1112,8,10
E5600841,PS71,911,1112,0,00
E5600841,PS72,911,1112,0,00
E4900333,P001,911,1112,9,10
E4900333,P002,911,1112,0,00
E4900333,P003,911,1112,0,32
E4900333,P103,911,1112,0,32
E4900333,P021,911,1112,6,10
E4900333,P105,911,1112,9,10
E5600850,PC01,911,1118,0,00
S2300438,P001,911,1118,5,10
E5601197,P002,911,1118,4,10
E5601197,P003,911,1118,3,10
E5600056,P004,911,1124,0,00
E5600056,P006,911,1124,3,10
E5600056,P007,911,1124,0,00
E5600056,P008,911,1124,6,10
E5600056,P009,911,1124,2,10
E5600056,P016,911,1124,5,10
E5600056,P017,911,1124,2,10
E5600056,P018,911,1124,3,10
E5600056,P021,911,1124,3,10
E5600056,P022,911,1124,3,10
E5600056,P023,911,1124,1,10
E5600056,P024,911,1124,3,10
E5600896,P004,911,1106,0,00
E5600896,P005,911,1106,0,00
E5600896,P007,911,1106,5,10
E5600896,P008,911,1106,7,10
E5400878,P010,911,1106,1,10
S2300429,P701,911,1118,0,00
S2300429,PF01,911,1118,9,10
E5600332,P001,911,1118,0,00
E5600332,P002,911,1118,0,00
E5600332,P003,911,1118,0,00
E5600789,P001,911,1118,0,00
E5002890,P001,911,1118,5,10
E5002890,P002,911,1118,5,10
E5002890,P003,911,1118,0,00
E5600869,P001,911,1118,0,31
S1900685,P002,911,1118,11,10
S1900685,P421,911,1118,16,10
S1900685,P411,911,1118,4,10
S2100223,P015,911,1124,0,10
S2100223,P015,922,1115,0,10
S2100223,P015,923,1115,0,10
S2100223,P015,924,1115,0,10
S2100223,P015,936,1115,0,10
S1901066,P004,911,1118,6,10
S1900710,P015,911,1124,0,00
S1900710,P050,911,1124,6,10
S1900710,P056,911,1124,4,10
S1900710,P060,911,1124,5,10
S1900710,P070,911,1124,6,10
S2202553,P001,911,1118,1,10
S2202553,P002,911,1118,1,10
S2202553,P003,911,1118,1,10
S2201109,P711,911,1118,15,10
S2201109,P731,911,1118,19,10
S2201109,P741,911,1118,12,10
S2201109,P751,911,1118,13,10
E5600841,P001,911,1118,5,10
E5600841,P002,911,1118,5,10
E5600841,P003,911,1118,9,10
E5600841,P004,911,1118,6,10
E5600841,P005,911,1118,8,10
E5600841,P006,911,1118,12,10
E5600841,P007,911,1118,13,10
E5600841,P008,911,1118,10,10
E5600841,P009,911,1118,9,10
E5600841,P010,911,1118,7,10
E5600841,PC23,911,1118,10,10
E5600841,PC83,911,1118,14,10
E5600841,PPB1,911,1118,8,10
E5600841,PPC1,911,1118,6,10
E5600841,PR54,911,1118,3,10
E5600841,PR61,911,1118,7,10
E5600841,PR62,911,1118,4,10
E5600841,PS11,911,1118,11,10
E5600841,PS12,911,1118,9,10
E5600841,PS31,911,1118,7,10
E5600841,PS32,911,1118,4,10
E5600841,PS51,911,1118,12,10
E5600841,PS52,911,1118,8,10
E5600841,PS71,911,1118,0,00
E5600841,PS72,911,1118,0,00
E5600896,P004,922,1100,0,00
E5600896,P004,923,1100,0,00
E5600896,P004,936,1100,0,00
E5600896,P005,922,1100,0,00
E5600896,P005,923,1100,0,00
E5600896,P005,936,1100,0,00
E5600896,P007,922,1100,0,10
E5600896,P007,923,1100,73,11
E5600896,P007,936,1100,5,10
E5600896,P008,922,1100,0,10
E5600896,P008,923,1100,62,10
E5600896,P008,936,1100,2,10
E5400878,P001,923,1100,23,10
E5400878,P001,936,1100,15,10
E5400878,P002,923,1100,19,10
E5400878,P002,936,1100,15,10
E5400878,P003,923,1100,17,10
E5400878,P003,936,1100,15,10
E5400878,P010,923,1100,18,10
E5400878,P010,936,1100,13,10
E4900333,P001,911,1118,9,10
E4900333,P002,911,1118,0,00
E4900333,P003,911,1118,0,32
E4900333,P103,911,1118,0,32
E4900333,P021,911,1118,6,10
E4900333,P105,911,1118,9,10
E4900744,P001,911,1124,0,00
E4900744,P002,911,1124,0,00
E4900744,P023,911,1124,0,00
E4900744,P001,923,1115,0,00
E4900744,P023,923,1115,0,00
E4900744,P001,936,1115,0,00
E4900744,P023,936,1115,0,00
E5600850,PC01,923,1115,0,00
E5600850,PC01,924,1115,0,00
E5600850,PC01,936,1115,0,00
E5600850,PC01,926,1115,0,00
S2300438,P001,922,1115,0,10
S2300438,P001,923,1115,29,10
S2300438,P001,936,1115,7,10
E5600850,PC01,911,1124,0,00
S2300438,P001,911,1124,5,10
E5601197,P002,911,1124,4,10
E5601197,P003,911,1124,3,10
S2300429,P701,922,1115,0,00
S2300429,P701,923,1115,0,00
S2300429,P701,936,1115,0,00
S2300429,PF01,922,1115,21,10
S2300429,PF01,923,1115,32,10
S2300429,PF01,936,1115,6,10
E5600896,P004,911,1112,0,00
E5600896,P005,911,1112,0,00
E5600896,P007,911,1112,5,10
E5600896,P008,911,1112,7,10
E5400878,P010,911,1112,1,10
S2300429,P701,911,1124,0,00
S2300429,PF01,911,1124,9,10
E5600332,P001,911,1124,0,00
E5600332,P002,911,1124,0,00
E5600332,P003,911,1124,0,00
E5600789,P001,911,1124,0,00
E5600056,P004,911,1130,0,00
E5600056,P006,911,1130,3,10
E5600056,P007,911,1130,0,00
E5600056,P008,911,1130,6,10
E5600056,P009,911,1130,2,10
E5600056,P016,911,1130,4,10
E5600056,P017,911,1130,2,10
E5600056,P018,911,1130,3,10
E5600056,P021,911,1130,3,10
E5600056,P022,911,1130,3,10
E5600056,P023,911,1130,1,10
E5600056,P024,911,1130,3,10
E5600056,P004,922,1130,0,00
E5600056,P004,923,1130,0,00
E5600056,P004,924,1130,0,00
E5600056,P004,936,1130,0,00
E5600056,P006,922,1130,27,10
E5600056,P006,923,1130,61,10
E5600056,P006,924,1130,0,10
E5600056,P006,936,1130,4,10
E5600056,P007,922,1130,0,00
E5600056,P007,923,1130,0,00
E5600056,P007,924,1130,0,00
E5600056,P007,936,1130,0,00
E5600056,P008,922,1130,53,10
E5600056,P008,923,1130,65,10
E5600056,P008,924,1130,16,10
E5600056,P008,936,1130,5,10
E5600056,P016,922,1130,0,10
E5600056,P016,923,1130,39,10
E5600056,P016,936,1130,12,10
E5600056,P017,922,1130,2,10
E5600056,P017,923,1130,22,10
E5600056,P017,924,1130,0,10
E5600056,P017,936,1130,3,10
E5600056,P018,922,1130,0,10
E5600056,P018,923,1130,14,10
E5600056,P018,936,1130,4,10
E5600056,P021,922,1130,0,10
E5600056,P021,923,1130,46,10
E5600056,P021,936,1130,4,10
E5600056,P024,922,1130,3,10
E5600056,P024,923,1130,28,10
E5600056,P024,924,1130,2,10
E5600056,P024,936,1130,6,10
E5600056,P034,923,1130,52,10
E5600056,P034,936,1130,1,10
E5002890,P001,911,1124,5,10
E5002890,P002,911,1124,6,10
E5002890,P003,911,1124,0,00
E5002890,P001,922,1115,0,10
E5002890,P002,922,1115,0,10
E5002890,P003,922,1115,0,00
E5002890,P001,923,1115,134,10
E5002890,P002,923,1115,85,10
E5002890,P003,923,1115,0,00
E5002890,P001,924,1115,3,10
E5002890,P002,924,1115,12,10
E5002890,P003,924,1115,0,00
E5002890,P001,926,1115,11,10
E5002890,P002,926,1115,12,10
E5002890,P003,926,1115,0,00
E5002890,P001,936,1115,12,10
E5002890,P002,936,1115,13,10
E5002890,P003,936,1115,0,00
E5600869,P001,911,1124,0,31
E5600869,P001,922,1115,0,31
E5600869,P001,923,1115,0,31
E5600869,P001,936,1115,0,31
S1900685,P002,911,1124,12,10
S1900685,P421,911,1124,14,10
S1900685,P421,922,1115,12,10
S1900685,P421,923,1115,70,10
S1900685,P421,936,1115,6,10
S1900685,P411,911,1124,4,10
S1900685,P411,922,1115,18,10
S1900685,P411,923,1115,67,10
S1900685,P411,936,1115,12,10
S2100223,P015,911,1130,0,10
S1901066,P004,922,1115,229,10
S1901066,P004,923,1115,183,10
S1901066,P004,924,1115,1,10
S1901066,P004,936,1115,4,10
S1901066,P004,937,1115,11,10
S1901066,P004,911,1124,6,10
S1900710,P015,911,1130,0,00
S1900710,P050,911,1130,6,10
S1900710,P056,911,1130,4,10
S1900710,P060,911,1130,5,10
S1900710,P070,911,1130,6,10
S1900710,P015,923,1130,0,00
S1900710,P015,936,1130,0,00
S1900710,P015,922,1130,0,00
S1900710,P050,923,1130,113,10
S1900710,P050,936,1130,6,10
S1900710,P050,922,1130,69,10
S1900710,P056,923,1130,35,10
S1900710,P056,936,1130,4,10
S1900710,P056,922,1130,24,10
S1900710,P060,923,1130,24,10
S1900710,P060,936,1130,5,10
S1900710,P060,922,1130,26,10
S1900710,P070,923,1130,20,10
S1900710,P070,936,1130,8,10
S1900710,P070,922,1130,17,10
S2202553,P001,911,1124,1,10
S2202553,P002,911,1124,1,10
S2202553,P003,911,1124,1,10
S2202553,P001,922,1115,8,10
S2202553,P002,922,1115,10,10
S2202553,P003,922,1115,12,10
S2202553,P001,923,1115,85,10
S2202553,P002,923,1115,86,10
S2202553,P003,923,1115,97,10
S2202553,P001,924,1115,5,10
S2202553,P002,924,1115,1,10
S2202553,P003,924,1115,2,10
S2202553,P001,926,1115,14,10
S2202553,P002,926,1115,15,10
S2202553,P003,926,1115,25,10
S2202553,P001,936,1115,10,10
S2202553,P002,936,1115,9,10
S2202553,P003,936,1115,7,10
S2201109,P711,923,1115,20,10
S2201109,P711,936,1115,6,10
S2201109,P711,922,1115,4,10
S2201109,P731,923,1115,58,10
S2201109,P731,936,1115,7,10
S2201109,P731,922,1115,14,10
S2201109,P741,923,1115,54,10
S2201109,P741,936,1115,5,10
S2201109,P741,922,1115,26,10
S2201109,P751,923,1115,51,10
S2201109,P751,936,1115,6,10
S2201109,P751,922,1115,13,10
S2201109,P711,911,1124,15,10
S2201109,P731,911,1124,18,10
S2201109,P741,911,1124,12,10
S2201109,P751,911,1124,13,10
E4900744,P001,911,1130,0,00
E4900744,P002,911,1130,0,00
E4900744,P023,911,1130,0,00
E5600841,P001,923,1115,17,10
E5600841,P001,936,1115,5,10
E5600841,P001,911,1124,5,10
E5600841,P001,922,1115,26,10
E5600841,P002,923,1115,21,10
E5600841,P002,936,1115,4,10
E5600841,P002,911,1124,5,10
E5600841,P002,922,1115,19,10
E5600841,P003,923,1115,14,10
E5600841,P003,936,1115,5,10
E5600841,P003,911,1124,9,10
E5600841,P003,922,1115,24,10
E5600841,P004,923,1115,20,10
E5600841,P004,936,1115,4,10
E5600841,P004,911,1124,6,10
E5600841,P004,922,1115,20,10
E5600841,P005,923,1115,14,10
E5600841,P005,936,1115,4,10
E5600841,P005,911,1124,8,10
E5600841,P005,922,1115,19,10
E5600841,P006,923,1115,63,10
E5600841,P006,936,1115,6,10
E5600841,P006,911,1124,12,10
E5600841,P006,922,1115,72,10
E5600841,P007,923,1115,23,10
E5600841,P007,936,1115,6,10
E5600841,P007,911,1124,13,10
E5600841,P007,922,1115,72,10
E5600841,P008,923,1115,63,10
E5600841,P008,936,1115,10,10
E5600841,P008,911,1124,9,10
E5600841,P008,922,1115,9,10
E5600841,P009,923,1115,10,10
E5600841,P009,936,1115,4,10
E5600841,P009,911,1124,9,10
E5600841,P009,922,1115,24,10
E5600841,P010,923,1115,22,10
E5600841,P010,936,1115,5,10
E5600841,P010,911,1124,7,10
E5600841,P010,922,1115,22,10
E5600841,PC23,923,1115,58,10
E5600841,PC23,936,1115,9,10
E5600841,PC23,911,1124,10,10
E5600841,PC23,922,1115,34,10
E5600841,PC83,923,1115,49,10
E5600841,PC83,936,1115,6,10
E5600841,PC83,911,1124,15,10
E5600841,PC83,922,1115,26,10
E5600841,PPB1,923,1115,15,10
E5600841,PPB1,936,1115,8,10
E5600841,PPB1,911,1124,8,10
E5600841,PPB1,922,1115,31,10
E5600841,PPC1,923,1115,19,10
E5600841,PPC1,936,1115,3,10
E5600841,PPC1,911,1124,5,10
E5600841,PPC1,922,1115,23,10
E5600841,PR54,923,1115,59,10
E5600841,PR54,936,1115,6,10
E5600841,PR54,911,1124,3,10
E5600841,PR54,922,1115,41,10
E5600841,PR61,923,1115,70,10
E5600841,PR61,936,1115,3,10
E5600841,PR61,911,1124,7,10
E5600841,PR61,922,1115,45,10
E5600841,PR62,923,1115,47,10
E5600841,PR62,936,1115,4,10
E5600841,PR62,911,1124,4,10
E5600841,PR62,922,1115,20,10
E5600841,PS11,923,1115,37,10
E5600841,PS11,936,1115,11,10
E5600841,PS11,911,1124,10,10
E5600841,PS11,922,1115,63,10
E5600841,PS12,911,1124,9,10
E5600841,PS31,923,1115,113,10
E5600841,PS31,936,1115,12,10
E5600841,PS31,911,1124,7,10
E5600841,PS31,922,1115,95,10
E5600841,PS32,911,1124,4,10
E5600841,PS51,923,1115,42,10
E5600841,PS51,936,1115,12,10
E5600841,PS51,911,1124,11,10
E5600841,PS51,922,1115,17,10
E5600841,PS52,911,1124,8,10
E5600841,PS71,923,1115,0,00
E5600841,PS71,936,1115,0,00
E5600841,PS71,911,1124,0,00
E5600841,PS71,922,1115,0,00
E5600841,PS72,911,1124,0,00
E4900333,P001,911,1124,9,10
E4900333,P002,911,1124,0,00
E4900333,P003,911,1124,0,32
E4900333,P103,911,1124,0,32
E4900333,P021,911,1124,6,10
E4900333,P105,911,1124,9,10
E4900333,P001,922,1115,1,10
E4900333,P002,922,1115,0,00
E4900333,P003,922,1115,0,32
E4900333,P103,922,1115,0,32
E4900333,P021,922,1115,0,10
E4900333,P105,922,1115,47,10
E4900333,P001,923,1115,77,10
E4900333,P002,923,1115,0,00
E4900333,P003,923,1115,0,32
E4900333,P103,923,1115,0,32
E4900333,P021,923,1115,27,10
E4900333,P105,923,1115,70,10
E4900333,P001,936,1115,13,10
E4900333,P002,936,1115,0,00
E4900333,P003,936,1115,0,32
E4900333,P103,936,1115,0,32
E4900333,P021,936,1115,7,10
E4900333,P105,936,1115,10,10
E5600850,PC01,911,1130,0,00
S2300438,P001,911,1130,5,10
E5601197,P002,911,1130,4,10
E5601197,P003,911,1130,3,10
E5600896,P004,911,1118,0,00
E5600896,P005,911,1118,0,00
E5600896,P007,911,1118,5,10
E5600896,P008,911,1118,7,10
E5400878,P010,911,1118,1,10
E5600332,P001,911,1130,0,00
E5600332,P002,911,1130,0,00
E5600332,P003,911,1130,0,00
E5600789,P001,911,1130,0,00
E5600056,P004,911,1136,0,00
E5600056,P006,911,1136,3,10
E5600056,P007,911,1136,0,00
E5600056,P008,911,1136,6,10
E5600056,P009,911,1136,2,10
E5600056,P016,911,1136,4,10
E5600056,P017,911,1136,2,10
E5600056,P018,911,1136,3,10
E5600056,P021,911,1136,3,10
E5600056,P022,911,1136,3,10
E5600056,P023,911,1136,1,10
E5600056,P024,911,1136,3,10
E5002890,P001,911,1130,5,10
E5002890,P002,911,1130,5,10
E5002890,P003,911,1130,0,00
E5600869,P001,911,1130,0,31
S1900685,P002,911,1130,13,10
S1900685,P421,911,1130,14,10
S1900685,P411,911,1130,4,10
S2100223,P015,911,1136,0,10
S1901066,P004,911,1130,6,10
S1900710,P015,911,1136,0,00
S1900710,P050,911,1136,6,10
S1900710,P056,911,1136,4,10
S1900710,P060,911,1136,4,10
S1900710,P070,911,1136,6,10
S2202553,P001,911,1130,1,10
S2202553,P002,911,1130,1,10
S2202553,P003,911,1130,1,10
E5600841,P001,911,1130,5,10
E5600841,P002,911,1130,5,10
E5600841,P003,911,1130,9,10
E5600841,P004,911,1130,6,10
E5600841,P005,911,1130,8,10
E5600841,P006,911,1130,12,10
E5600841,P007,911,1130,13,10
E5600841,P008,911,1130,9,10
E5600841,P009,911,1130,9,10
E5600841,P010,911,1130,7,10
E5600841,PC23,911,1130,11,10
E5600841,PC83,911,1130,14,10
E5600841,PPB1,911,1130,8,10
E5600841,PPC1,911,1130,5,10
E5600841,PR54,911,1130,3,10
E5600841,PR61,911,1130,7,10
E5600841,PR62,911,1130,4,10
E5600841,PS11,911,1130,10,10
E5600841,PS12,911,1130,9,10
E5600841,PS31,911,1130,7,10
E5600841,PS32,911,1130,4,10
E5600841,PS51,911,1130,11,10
E5600841,PS52,911,1130,8,10
E5600841,PS71,911,1130,0,00
E5600841,PS72,911,1130,0,00
E4900333,P001,911,1130,9,10
E4900333,P002,911,1130,0,00
E4900333,P003,911,1130,0,32
E4900333,P103,911,1130,0,32
E4900333,P021,911,1130,6,10
E4900333,P105,911,1130,9,10
E4900744,P001,911,1136,0,00
E4900744,P002,911,1136,0,00
E4900744,P023,911,1136,0,00
S2100223,P015,922,1130,0,10
S2100223,P015,923,1130,0,10
S2100223,P015,924,1130,0,10
S2100223,P015,936,1130,0,10
E5600850,PC01,911,1136,0,00
S2300438,P001,911,1136,5,10
E5601197,P002,911,1136,3,10
E5601197,P003,911,1136,3,10
E4900744,P001,923,1130,0,00
E4900744,P023,923,1130,0,00
E4900744,P001,936,1130,0,00
E4900744,P023,936,1130,0,00
E5600896,P004,922,1115,0,00
E5600896,P004,923,1115,0,00
E5600896,P004,936,1115,0,00
E5600896,P005,922,1115,0,00
E5600896,P005,923,1115,0,00
E5600896,P005,936,1115,0,00
E5600896,P007,922,1115,0,10
E5600896,P007,923,1115,72,11
E5600896,P007,936,1115,5,10
E5600896,P008,922,1115,0,10
E5600896,P008,923,1115,62,10
E5600896,P008,936,1115,2,10
E5600896,P004,911,1124,0,00
E5600896,P005,911,1124,0,00
E5600896,P007,911,1124,5,10
E5600896,P008,911,1124,7,10
E5400878,P001,923,1115,21,10
E5400878,P001,936,1115,15,10
E5400878,P002,923,1115,19,10
E5400878,P002,936,1115,14,10
E5400878,P003,923,1115,17,10
E5400878,P003,936,1115,15,10
E5400878,P010,923,1115,18,10
E5400878,P010,936,1115,13,10
E5400878,P010,911,1124,1,10
S2300429,P701,911,1136,0,00
S2300429,PF01,911,1136,9,10
E5600332,P001,911,1136,0,00
E5600332,P002,911,1136,0,00
E5600332,P003,911,1136,0,00
E5600789,P001,911,1136,0,00
E5600056,P004,911,1142,0,00
E5600056,P006,911,1142,3,10
E5600056,P007,911,1142,0,00
E5600056,P008,911,1142,5,10
E5600056,P009,911,1142,2,10
E5600056,P016,911,1142,4,10
E5600056,P017,911,1142,2,10
E5600056,P018,911,1142,3,10
E5600056,P021,911,1142,3,10
E5600056,P022,911,1142,3,10
E5600056,P023,911,1142,1,10
E5600056,P024,911,1142,3,10
E5002890,P001,911,1136,5,10
E5002890,P002,911,1136,5,10
E5002890,P003,911,1136,0,00
E5600869,P001,911,1136,0,31
S1900685,P002,911,1136,12,10
S1900685,P421,911,1136,13,10
S1900685,P411,911,1136,4,10
S2100223,P015,911,1142,0,10
S2300438,P001,922,1130,1,10
S2300438,P001,923,1130,29,10
S2300438,P001,936,1130,7,10
S1901066,P004,911,1136,6,10
S1900710,P015,911,1142,0,00
S1900710,P050,911,1142,6,10
S1900710,P056,911,1142,4,10
S1900710,P060,911,1142,2,10
S1900710,P070,911,1142,6,10
S2202553,P001,911,1136,1,10
S2202553,P002,911,1136,1,10
S2202553,P003,911,1136,1,10
S2201109,P711,911,1136,15,10
S2201109,P731,911,1136,18,10
S2201109,P741,911,1136,12,10
S2201109,P751,911,1136,13,10
E4900744,P001,911,1142,0,00
E4900744,P002,911,1142,0,00
E4900744,P023,911,1142,0,00
E5600841,P001,911,1136,5,10
E5600841,P002,911,1136,5,10
E5600841,P003,911,1136,9,10
E5600841,P004,911,1136,6,10
E5600841,P005,911,1136,9,10
E5600841,P006,911,1136,12,10
E5600841,P007,911,1136,13,10
E5600841,P008,911,1136,10,10
E5600841,P009,911,1136,9,10
E5600841,P010,911,1136,7,10
E5600841,PC23,911,1136,10,10
E5600841,PC83,911,1136,14,10
E5600841,PPB1,911,1136,8,10
E5600841,PPC1,911,1136,5,10
E5600841,PR54,911,1136,3,10
E5600841,PR61,911,1136,7,10
E5600841,PR62,911,1136,4,10
E5600841,PS11,911,1136,11,10
E5600841,PS12,911,1136,10,10
E5600841,PS31,911,1136,7,10
E5600841,PS32,911,1136,4,10
E5600841,PS51,911,1136,12,10
E5600841,PS52,911,1136,8,10
E5600841,PS71,911,1136,0,00
E5600841,PS72,911,1136,0,00
E5600850,PC01,923,1130,0,00
E5600850,PC01,924,1130,0,00
E5600850,PC01,936,1130,0,00
E5600850,PC01,926,1130,0,00
S1901066,P004,922,1130,229,10
S1901066,P004,923,1130,184,10
S1901066,P004,924,1130,1,10
S1901066,P004,936,1130,4,10
S1901066,P004,937,1130,11,10
E4900333,P001,911,1136,9,10
E4900333,P002,911,1136,0,00
E4900333,P003,911,1136,0,32
E4900333,P103,911,1136,0,32
E4900333,P021,911,1136,6,10
E4900333,P105,911,1136,9,10
E5002890,P001,922,1130,0,10
E5002890,P002,922,1130,0,10
E5002890,P003,922,1130,0,00
E5002890,P001,923,1130,114,10
E5002890,P002,923,1130,82,10
E5002890,P003,923,1130,0,00
E5002890,P001,924,1130,3,10
E5002890,P002,924,1130,10,10
E5002890,P003,924,1130,0,00
E5002890,P001,926,1130,11,10
E5002890,P002,926,1130,9,10
E5002890,P003,926,1130,0,00
E5002890,P001,936,1130,12,10
E5002890,P002,936,1130,13,10
E5002890,P003,936,1130,0,00
E5600869,P001,922,1130,0,31
E5600869,P001,923,1130,0,31
E5600869,P001,936,1130,0,31
S1900710,P070,923,1145,20,10
S1900710,P070,936,1145,8,10
S1900710,P070,922,1145,16,10
S1900710,P015,923,1145,0,00
S1900710,P015,936,1145,0,00
S1900710,P015,922,1145,0,00
S1900710,P050,923,1145,114,10
S1900710,P050,936,1145,6,10
S1900710,P050,922,1145,69,10
S1900710,P056,923,1145,35,10
S1900710,P056,936,1145,4,10
S1900710,P056,922,1145,24,10
S1900710,P060,923,1145,25,10
S1900710,P060,936,1145,5,10
S1900710,P060,922,1145,25,10
S2300429,P701,911,1130,0,00
S2300429,P701,922,1130,0,00
S2300429,P701,923,1130,0,00
S2300429,P701,936,1130,0,00
S2300429,PF01,911,1130,9,10
S2300429,PF01,922,1130,19,10
S2300429,PF01,923,1130,28,10
S2300429,PF01,936,1130,6,10
S1900685,P421,922,1130,13,10
S1900685,P421,923,1130,70,10
S1900685,P421,936,1130,6,10
S1900685,P411,922,1130,18,10
S1900685,P411,923,1130,66,10
S1900685,P411,936,1130,12,10
S2202553,P001,922,1130,11,10
S2202553,P002,922,1130,10,10
S2202553,P003,922,1130,7,10
S2202553,P001,923,1130,89,10
S2202553,P002,923,1130,87,10
S2202553,P003,923,1130,94,10
S2202553,P001,924,1130,3,10
S2202553,P002,924,1130,2,10
S2202553,P003,924,1130,1,10
S2202553,P001,926,1130,24,10
S2202553,P002,926,1130,15,10
S2202553,P003,926,1130,23,10
S2202553,P001,936,1130,10,10
S2202553,P002,936,1130,9,10
S2202553,P003,936,1130,8,10
S2300438,P001,911,1142,5,10
E5601197,P002,911,1142,3,10
E5601197,P003,911,1142,3,10
E5600841,P001,923,1130,23,10
E5600841,P001,936,1130,4,10
E5600841,P001,922,1130,27,10
E5600841,P002,923,1130,34,10
E5600841,P002,936,1130,4,10
E5600841,P002,922,1130,20,10
E5600841,P003,923,1130,22,10
E5600841,P003,936,1130,5,10
E5600841,P003,922,1130,24,10
E5600841,P004,923,1130,20,10
E5600841,P004,936,1130,4,10
E5600841,P004,922,1130,19,10
E5600841,P005,923,1130,14,10
E5600841,P005,936,1130,4,10
E5600841,P005,922,1130,19,10
E5600841,P006,923,1130,57,10
E5600841,P006,936,1130,6,10
E5600841,P006,922,1130,70,10
E5600841,P007,923,1130,35,10
E5600841,P007,936,1130,6,10
E5600841,P007,922,1130,70,10
E5600841,P008,923,1130,64,10
E5600841,P008,936,1130,10,10
E5600841,P008,922,1130,9,10
E5600841,P009,923,1130,10,10
E5600841,P009,936,1130,5,10
E5600841,P009,922,1130,24,10
E5600841,P010,923,1130,24,10
E5600841,P010,936,1130,5,10
E5600841,P010,922,1130,22,10
E5600841,PC23,923,1130,71,10
E5600841,PC23,936,1130,9,10
E5600841,PC23,922,1130,33,10
E5600841,PC83,923,1130,50,10
E5600841,PC83,936,1130,6,10
E5600841,PC83,922,1130,25,10
E5600841,PPB1,923,1130,16,10
E5600841,PPB1,936,1130,8,10
E5600841,PPB1,922,1130,30,10
E5600841,PPC1,923,1130,21,10
E5600841,PPC1,936,1130,3,10
E5600841,PPC1,922,1130,23,10
E5600841,PR54,923,1130,68,10
E5600841,PR54,936,1130,6,10
E5600841,PR54,922,1130,38,10
E5600841,PR61,923,1130,72,10
E5600841,PR61,936,1130,3,10
E5600841,PR61,922,1130,50,10
E5600841,PR62,923,1130,47,10
E5600841,PR62,936,1130,4,10
E5600841,PR62,922,1130,23,10
E5600841,PS11,923,1130,36,10
E5600841,PS11,936,1130,11,10
E5600841,PS11,922,1130,65,10
E5600841,PS31,923,1130,112,10
E5600841,PS31,936,1130,12,10
E5600841,PS31,922,1130,89,10
E5600841,PS51,923,1130,43,10
E5600841,PS51,936,1130,12,10
E5600841,PS51,922,1130,18,10
E5600841,PS71,923,1130,0,00
E5600841,PS71,936,1130,0,00
E5600841,PS71,922,1130,0,00
E5600896,P004,911,1130,0,00
E5600896,P005,911,1130,0,00
E5600896,P007,911,1130,5,10
E5600896,P008,911,1130,7,10
E5400878,P010,911,1130,1,10
S2300429,P701,911,1142,0,00
S2300429,PF01,911,1142,9,10
E5600332,P001,911,1142,0,00
E5600332,P002,911,1142,0,00
E5600332,P003,911,1142,0,00
E5600850,PC01,911,1142,0,00
E5600056,P004,922,1145,0,00
E5600056,P004,923,1145,0,00
E5600056,P004,924,1145,0,00
E5600056,P004,936,1145,0,00
E5600056,P006,922,1145,27,10
E5600056,P006,923,1145,59,10
E5600056,P006,924,1145,0,10
E5600056,P006,936,1145,4,10
E5600056,P007,922,1145,0,00
E5600056,P007,923,1145,0,00
E5600056,P007,924,1145,0,00
E5600056,P007,936,1145,0,00
E5600056,P008,922,1145,53,10
E5600056,P008,923,1145,65,10
E5600056,P008,924,1145,20,10
E5600056,P008,936,1145,5,10
E5600056,P016,922,1145,0,10
E5600056,P016,923,1145,39,10
E5600056,P016,936,1145,12,10
E5600056,P017,922,1145,2,10
E5600056,P017,923,1145,22,10
E5600056,P017,924,1145,0,10
E5600056,P017,936,1145,3,10
E5600056,P018,922,1145,0,10
E5600056,P018,923,1145,14,10
E5600056,P018,924,1145,0,10
E5600056,P018,936,1145,4,10
E5600056,P021,922,1145,0,10
E5600056,P021,923,1145,46,10
E5600056,P021,924,1145,0,10
E5600056,P021,936,1145,4,10
E5600056,P024,922,1145,3,10
E5600056,P024,923,1145,26,10
E5600056,P024,924,1145,2,10
E5600056,P024,936,1145,6,10
E5600056,P034,922,1145,5,10
E5600056,P034,923,1145,55,10
E5600056,P034,936,1145,1,10
E5600789,P001,911,1142,0,00
E5600056,P004,911,1148,0,00
E5600056,P006,911,1148,3,10
E5600056,P007,911,1148,0,00
E5600056,P008,911,1148,6,10
E5600056,P009,911,1148,2,10
E5600056,P016,911,1148,4,10
E5600056,P017,911,1148,2,10
E5600056,P018,911,1148,3,10
E5600056,P021,911,1148,2,10
E5600056,P022,911,1148,3,10
E5600056,P023,911,1148,1,10
E5600056,P024,911,1148,4,10
E5002890,P001,911,1142,5,10
E5002890,P002,911,1142,5,10
E5002890,P003,911,1142,0,00
E5600869,P001,911,1142,0,31
S1900685,P002,911,1142,12,10
S1900685,P421,911,1142,16,10
S1900685,P411,911,1142,4,10
S2202553,P001,911,1142,1,10
S2202553,P002,911,1142,1,10
S2202553,P003,911,1142,1,10
S2100223,P015,911,1148,0,10
S1901066,P004,911,1142,6,10
E4900333,P001,922,1130,1,10
E4900333,P002,922,1130,0,00
E4900333,P003,922,1130,0,32
E4900333,P103,922,1130,0,32
E4900333,P021,922,1130,0,10
E4900333,P105,922,1130,47,10
E4900333,P001,923,1130,77,10
E4900333,P002,923,1130,0,00
E4900333,P003,923,1130,0,32
E4900333,P103,923,1130,0,32
E4900333,P021,923,1130,28,10
E4900333,P105,923,1130,69,10
E4900333,P001,936,1130,13,10
E4900333,P002,936,1130,0,00
E4900333,P003,936,1130,0,32
E4900333,P103,936,1130,0,32
E4900333,P021,936,1130,7,10
E4900333,P105,936,1130,10,10
S1900710,P070,911,1148,6,10
S1900710,P015,911,1148,0,00
S1900710,P050,911,1148,6,10
S1900710,P056,911,1148,4,10
S1900710,P060,911,1148,3,10
E4900744,P001,911,1148,0,00
E4900744,P002,911,1148,0,00
E4900744,P023,911,1148,0,00
E5600841,P001,911,1142,5,10
E5600841,P002,911,1142,5,10
E5600841,P003,911,1142,9,10
E5600841,P004,911,1142,6,10
E5600841,P005,911,1142,9,10
E5600841,P006,911,1142,0,31
E5600841,P007,911,1142,0,31
E5600841,P008,911,1142,0,31
E5600841,P009,911,1142,9,10
E5600841,P010,911,1142,7,10
E5600841,PC23,911,1142,10,10
E5600841,PC83,911,1142,14,10
E5600841,PPB1,911,1142,8,10
E5600841,PPC1,911,1142,5,10
E5600841,PR54,911,1142,3,10
E5600841,PR61,911,1142,7,10
E5600841,PR62,911,1142,4,10
E5600841,PS11,911,1142,10,10
E5600841,PS12,911,1142,9,10
E5600841,PS31,911,1142,7,10
E5600841,PS32,911,1142,4,10
E5600841,PS51,911,1142,12,10
E5600841,PS52,911,1142,8,10
E5600841,PS71,911,1142,0,00
E5600841,PS72,911,1142,0,00
S2201109,P711,911,1130,15,10
S2201109,P731,911,1130,19,10
S2201109,P741,911,1130,12,10
S2201109,P751,911,1130,13,10
S2201109,P711,923,1130,18,10
S2201109,P711,936,1130,6,10
S2201109,P711,922,1130,5,10
S2201109,P731,923,1130,58,10
S2201109,P731,936,1130,7,10
S2201109,P731,922,1130,15,10
S2201109,P741,923,1130,52,10
S2201109,P741,936,1130,5,10
S2201109,P741,922,1130,28,10
S2201109,P751,923,1130,50,10
S2201109,P751,936,1130,6,10
S2201109,P751,922,1130,13,10
S2201109,P711,911,1142,15,10
S2201109,P731,911,1142,18,10
S2201109,P741,911,1142,12,10
S2201109,P751,911,1142,13,10
E4900333,P001,911,1142,9,10
E4900333,P002,911,1142,0,00
E4900333,P003,911,1142,0,32
E4900333,P103,911,1142,0,32
E4900333,P021,911,1142,6,10
E4900333,P105,911,1142,9,10
S2300438,P001,911,1148,5,10
E5601197,P002,911,1148,4,10
E5601197,P003,911,1148,3,10
E5600896,P004,911,1136,0,00
E5600896,P005,911,1136,0,00
E5600896,P007,911,1136,5,10
E5600896,P008,911,1136,7,10
E5400878,P010,911,1136,1,10
S2300429,P701,911,1148,0,00
S2300429,PF01,911,1148,8,10
E5600332,P001,911,1148,0,00
E5600332,P002,911,1148,0,00
E5600332,P003,911,1148,0,00
E5600850,PC01,911,1148,0,00
E5600789,P001,911,1148,0,00
E5600056,P004,911,1154,0,00
E5600056,P006,911,1154,3,10
E5600056,P007,911,1154,0,00
E5600056,P008,911,1154,6,10
E5600056,P009,911,1154,3,10
E5600056,P016,911,1154,4,10
E5600056,P017,911,1154,2,10
E5600056,P018,911,1154,3,10
E5600056,P021,911,1154,3,10
E5600056,P022,911,1154,3,10
E5600056,P023,911,1154,1,10
E5600056,P024,911,1154,3,10
E5002890,P001,911,1148,5,10
E5002890,P002,911,1148,5,10
E5002890,P003,911,1148,0,00
E5600869,P001,911,1148,0,31
S1900685,P002,911,1148,12,10
S1900685,P421,911,1148,14,10
S1900685,P411,911,1148,4,10
S2202553,P001,911,1148,1,10
S2202553,P002,911,1148,1,10
S2202553,P003,911,1148,1,10
S2100223,P015,911,1154,0,10
S2100223,P015,922,1145,0,10
S2100223,P015,923,1145,0,10
S2100223,P015,924,1145,0,10
S2100223,P015,936,1145,0,10
S2100223,P015,222,1100,0,
S2100223,P015,223,1100,0,
S2100223,P015,224,1100,0,
S2100223,P015,236,1100,0,
S2100223,P015,248,1100,0,
S2100223,P015,259,1100,0,
S1901066,P004,911,1148,6,10
S1900710,P015,911,1154,0,00
S1900710,P050,911,1154,5,10
S1900710,P056,911,1154,5,10
S1900710,P060,911,1154,2,10
S1900710,P070,911,1154,6,10
E4900744,P001,911,1154,0,00
E4900744,P002,911,1154,0,00
E4900744,P023,911,1154,0,00
E4900744,P001,923,1145,0,00
E4900744,P023,923,1145,0,00
E4900744,P001,936,1145,0,00
E4900744,P023,936,1145,0,00
E4900744,P001,223,1100,0,00
E4900744,P023,223,1100,0,00
E4900744,P001,236,1100,0,00
E4900744,P023,236,1100,0,00
E4900744,P001,248,1100,0,00
E4900744,P023,248,1100,0,00
E4900744,P001,259,1100,0,00
E4900744,P023,259,1100,0,00
E5600841,P001,911,1148,5,10
E5600841,P002,911,1148,5,10
E5600841,P003,911,1148,9,10
E5600841,P004,911,1148,6,10
E5600841,P005,911,1148,9,10
E5600841,P006,911,1148,0,31
E5600841,P007,911,1148,0,31
E5600841,P008,911,1148,0,31
E5600841,P009,911,1148,9,10
E5600841,P010,911,1148,7,10
E5600841,PC23,911,1148,9,10
E5600841,PC83,911,1148,14,10
E5600841,PPB1,911,1148,8,10
E5600841,PPC1,911,1148,5,10
E5600841,PR54,911,1148,3,10
E5600841,PR61,911,1148,7,10
E5600841,PR62,911,1148,4,10
E5600841,PS11,911,1148,11,10
E5600841,PS12,911,1148,9,10
E5600841,PS31,911,1148,7,10
E5600841,PS32,911,1148,4,10
E5600841,PS51,911,1148,12,10
E5600841,PS52,911,1148,8,10
E5600841,PS71,911,1148,0,00
E5600841,PS72,911,1148,0,00
E5600896,P004,922,1130,0,00
E5600896,P004,923,1130,0,00
E5600896,P004,936,1130,0,00
E5600896,P005,922,1130,0,00
E5600896,P005,923,1130,0,00
E5600896,P005,936,1130,0,00
E5600896,P007,922,1130,0,10
E5600896,P007,923,1130,72,11
E5600896,P007,936,1130,5,10
E5600896,P008,922,1130,0,10
E5600896,P008,923,1130,62,10
E5600896,P008,936,1130,2,10
E5400878,P001,923,1130,20,10
E5400878,P001,936,1130,15,10
E5400878,P002,923,1130,19,10
E5400878,P002,936,1130,14,10
E5400878,P003,923,1130,17,10
E5400878,P003,936,1130,15,10
E5400878,P010,923,1130,18,10
E5400878,P010,936,1130,13,10
S2201109,P711,911,1148,15,10
S2201109,P731,911,1148,19,10
S2201109,P741,911,1148,12,10
S2201109,P751,911,1148,13,10
E5600789,P001,911,1100,0,00
E4900333,P001,911,1148,9,10
E4900333,P002,911,1148,0,00
E4900333,P003,911,1148,0,32
E4900333,P103,911,1148,0,32
E4900333,P021,911,1148,6,10
E4900333,P105,911,1148,9,10
S2300438,P001,922,1145,1,10
S2300438,P001,923,1145,31,10
S2300438,P001,936,1145,7,10
S1901066,P004,922,1145,229,10
S1901066,P004,923,1145,183,10
S1901066,P004,924,1145,1,10
S1901066,P004,936,1145,4,10
S1901066,P004,937,1145,11,10
S2300438,P001,911,1154,5,10
S1901066,P004,911,1154,5,10
E5601197,P002,911,1154,3,10
E5601197,P003,911,1154,3,10
S2300429,P701,922,1145,0,00
S2300429,P701,923,1145,0,00
S2300429,P701,936,1145,0,00
S2300429,PF01,922,1145,19,10
S2300429,PF01,923,1145,29,10
S2300429,PF01,936,1145,6,10
E5600850,PC01,923,1145,0,00
E5600850,PC01,924,1145,0,00
E5600850,PC01,936,1145,0,00
E5600850,PC01,926,1145,0,00
E5600896,P004,911,1142,0,00
E5600896,P005,911,1142,0,00
E5600896,P007,911,1142,5,10
E5600896,P008,911,1142,7,10
E5400878,P010,911,1142,1,10
S2300429,P701,911,1154,0,00
S2300429,PF01,911,1154,8,10
E5600332,P001,911,1154,0,00
E5600332,P002,911,1154,0,00
E5600332,P003,911,1154,0,00
E5600850,PC01,911,1154,0,00
E5600789,P001,911,1154,0,00
E5600056,P004,911,1200,0,00
E5600056,P006,911,1200,3,10
E5600056,P007,911,1200,0,00
E5600056,P008,911,1200,6,10
E5600056,P009,911,1200,2,10
E5600056,P016,911,1200,4,10
E5600056,P017,911,1200,2,10
E5600056,P018,911,1200,3,10
E5600056,P021,911,1200,3,10
E5600056,P022,911,1200,3,10
E5600056,P023,911,1200,1,10
E5600056,P024,911,1200,3,10
E5600056,P004,922,1200,0,00
E5600056,P004,923,1200,0,00
E5600056,P004,924,1200,0,00
E5600056,P004,936,1200,0,00
E5600056,P006,922,1200,22,10
E5600056,P006,923,1200,62,10
E5600056,P006,924,1200,0,10
E5600056,P006,936,1200,4,10
E5600056,P007,922,1200,0,00
E5600056,P007,923,1200,0,00
E5600056,P007,924,1200,0,00
E5600056,P007,936,1200,0,00
E5600056,P008,922,1200,50,10
E5600056,P008,923,1200,65,10
E5600056,P008,924,1200,19,10
E5600056,P008,936,1200,5,10
E5600056,P016,922,1200,0,10
E5600056,P016,923,1200,39,10
E5600056,P016,936,1200,12,10
E5600056,P017,922,1200,2,10
E5600056,P017,923,1200,22,10
E5600056,P017,924,1200,0,10
E5600056,P017,936,1200,3,10
E5600056,P018,922,1200,0,10
E5600056,P018,923,1200,14,10
E5600056,P018,936,1200,4,10
E5600056,P021,922,1200,0,10
E5600056,P021,923,1200,46,10
E5600056,P021,936,1200,4,10
E5600056,P024,922,1200,3,10
E5600056,P024,923,1200,28,10
E5600056,P024,924,1200,2,10
E5600056,P024,936,1200,6,10
E5600056,P034,923,1200,57,10
E5600056,P034,936,1200,1,10
E5600056,P004,222,1200,0,00
E5600056,P004,223,1200,0,00
E5600056,P004,224,1200,0,00
E5600056,P004,236,1200,0,00
E5600056,P004,248,1200,0,00
E5600056,P004,259,1200,0,00
E5600056,P006,222,1200,26,10
E5600056,P006,223,1200,60,10
E5600056,P006,224,1200,0,10
E5600056,P006,236,1200,4,10
E5002890,P001,911,1154,5,10
E5002890,P002,911,1154,5,10
E5002890,P003,911,1154,0,00
E5002890,P001,922,1145,0,10
E5002890,P002,922,1145,0,10
E5002890,P003,922,1145,0,00
E5002890,P001,923,1145,111,10
E5002890,P002,923,1145,98,10
E5002890,P003,923,1145,0,00
E5002890,P001,924,1145,10,10
E5002890,P002,924,1145,42,10
E5002890,P003,924,1145,0,00
E5002890,P001,926,1145,17,10
E5002890,P002,926,1145,8,10
E5002890,P003,926,1145,0,00
E5002890,P001,936,1145,14,10
E5002890,P002,936,1145,14,10
E5002890,P003,936,1145,0,00
E5002890,P001,222,1100,0,10
E5002890,P002,222,1100,0,10
E5002890,P003,222,1100,0,00
E5002890,P001,223,1100,117,10
E5002890,P002,223,1100,84,10
E5002890,P003,223,1100,0,00
E5002890,P001,224,1100,5,10
E5002890,P002,224,1100,16,10
E5002890,P003,224,1100,0,00
E5002890,P001,226,1100,13,10
E5002890,P002,226,1100,9,10
E5002890,P003,226,1100,0,00
E5002890,P001,236,1100,13,10
E5002890,P002,236,1100,13,10
E5002890,P003,236,1100,0,00
E5002890,P001,248,1100,50334,10
E5002890,P002,248,1100,54487,10
E5002890,P003,248,1100,0,00
E5002890,P001,259,1100,167,10
E5002890,P002,259,1100,159,10
E5002890,P003,259,1100,0,00
E5600869,P001,911,1154,4,10
E5600869,P001,922,1145,135,10
E5600869,P001,923,1145,121,10
E5600869,P001,936,1145,6,10
E5600869,P001,222,1100,135,10
E5600869,P001,223,1100,121,10
E5600869,P001,236,1100,6,10
E5600869,P001,248,1100,53907,10
E5600869,P001,259,1100,110,10
S1900685,P002,911,1154,14,10
S1900685,P421,911,1154,13,10
S1900685,P421,922,1145,13,10
S1900685,P421,923,1145,71,10
S1900685,P421,936,1145,6,10
S1900685,P421,222,1100,13,10
S1900685,P421,223,1100,70,10
S1900685,P421,236,1100,6,10
S1900685,P421,248,1100,306117,10
S1900685,P421,259,1100,52,10
S1900685,P411,911,1154,4,10
S1900685,P411,222,1100,18,10
S1900685,P411,922,1145,18,10
S1900685,P411,223,1100,67,10
S1900685,P411,923,1145,66,10
S1900685,P411,236,1100,12,10
S1900685,P411,936,1145,12,10
S1900685,P411,248,1100,20553,10
S1900685,P411,259,1100,133,10
S2202553,P001,911,1154,1,10
S2202553,P002,911,1154,1,10
S2202553,P003,911,1154,1,10
S2202553,P001,922,1145,12,10
S2202553,P002,922,1145,13,10
S2202553,P003,922,1145,8,10
S2202553,P001,923,1145,102,10
S2202553,P002,923,1145,90,10
S2202553,P003,923,1145,85,10
S2202553,P001,924,1145,3,10
S2202553,P002,924,1145,1,10
S2202553,P003,924,1145,2,10
S2202553,P001,926,1145,27,10
S2202553,P002,926,1145,23,10
S2202553,P003,926,1145,22,10
S2202553,P001,936,1145,10,10
S2202553,P002,936,1145,10,10
S2202553,P003,936,1145,8,10
S2202553,P001,222,1100,9,10
S2202553,P002,222,1100,11,10
S2202553,P003,222,1100,10,10
S2202553,P001,223,1100,90,10
S2202553,P002,223,1100,85,10
S2202553,P003,223,1100,93,10
S2202553,P001,224,1100,4,10
S2202553,P002,224,1100,1,10
S2202553,P003,224,1100,2,10
S2202553,P001,226,1100,18,10
S2202553,P002,226,1100,16,10
S2202553,P003,226,1100,22,10
S2202553,P001,236,1100,10,10
S2202553,P002,236,1100,9,10
S2202553,P003,236,1100,8,10
S2202553,P001,248,1100,116023,10
S2202553,P002,248,1100,124426,10
S2202553,P003,248,1100,122258,10
S2202553,P001,259,1100,142,10
S2202553,P002,259,1100,137,10
S2202553,P003,259,1100,149,10
S2100223,P015,911,1200,0,10
S1900710,P015,911,1200,0,00
S1900710,P050,911,1200,5,10
S1900710,P056,911,1200,4,10
S1900710,P060,911,1200,2,10
S1900710,P070,911,1200,6,10
S1900710,P015,923,1200,0,00
S1900710,P015,936,1200,0,00
S1900710,P015,922,1200,0,00
S1900710,P050,923,1200,113,10
S1900710,P050,936,1200,6,10
S1900710,P050,922,1200,70,10
S1900710,P056,923,1200,34,10
S1900710,P056,936,1200,4,10
S1900710,P056,922,1200,24,10
S1900710,P060,923,1200,23,10
S1900710,P060,936,1200,5,10
S1900710,P060,922,1200,26,10
S1900710,P070,923,1200,20,10
S1900710,P070,936,1200,8,10
S1900710,P070,922,1200,16,10
S1900710,P015,248,1200,0,00
S1900710,P015,223,1200,0,00
S1900710,P015,236,1200,0,00
S1900710,P015,222,1200,0,00
S1900710,P015,259,1200,0,00
S1900710,P050,248,1200,92556,10
S1900710,P050,223,1200,113,10
S1900710,P050,236,1200,6,10
S1900710,P050,222,1200,69,10
S1900710,P050,259,1200,149,10
S1900710,P056,248,1200,181872,10
S1900710,P056,223,1200,35,10
S1900710,P056,236,1200,4,10
S1900710,P056,222,1200,24,10
S1900710,P056,259,1200,127,10
S1900710,P060,248,1200,186120,10
S1900710,P060,223,1200,24,10
S1900710,P060,236,1200,5,10
S1900710,P060,222,1200,26,10
S1900710,P060,259,1200,123,10
S1900710,P070,248,1200,168120,10
S1900710,P070,223,1200,20,10
S1900710,P070,236,1200,8,10
S1900710,P070,222,1200,16,10
S1900710,P070,259,1200,86,10
E4900744,P001,911,1200,0,00
E4900744,P002,911,1200,0,00
E4900744,P023,911,1200,0,00
S2201109,P711,923,1145,19,10
S2201109,P711,936,1145,6,10
S2201109,P711,922,1145,6,10
S2201109,P731,923,1145,55,10
S2201109,P731,936,1145,7,10
S2201109,P731,922,1145,15,10
S2201109,P741,923,1145,55,10
S2201109,P741,936,1145,5,10
S2201109,P741,922,1145,28,10
S2201109,P751,923,1145,58,10
S2201109,P751,936,1145,6,10
S2201109,P751,922,1145,13,10
S2201109,P711,911,1154,15,10
S2201109,P731,911,1154,18,10
S2201109,P741,911,1154,13,10
S2201109,P751,911,1154,13,10
E4900333,P001,911,1154,9,10
E4900333,P002,911,1154,0,00
E4900333,P003,911,1154,0,32
E4900333,P103,911,1154,0,32
E4900333,P021,911,1154,6,10
E4900333,P105,911,1154,9,10
E4900333,P001,922,1145,1,10
E4900333,P002,922,1145,0,00
E4900333,P003,922,1145,0,32
E4900333,P103,922,1145,0,32
E4900333,P021,922,1145,0,10
E4900333,P105,922,1145,0,32
E4900333,P001,923,1145,76,10
E4900333,P002,923,1145,0,00
E4900333,P003,923,1145,0,32
E4900333,P103,923,1145,0,32
E4900333,P021,923,1145,29,10
E4900333,P105,923,1145,0,32
E4900333,P001,936,1145,13,10
E4900333,P002,936,1145,0,00
E4900333,P003,936,1145,0,32
E4900333,P103,936,1145,0,32
E4900333,P021,936,1145,8,10
E4900333,P105,936,1145,0,32
E4900333,P001,259,1100,89,10
E4900333,P002,259,1100,0,00
E4900333,P003,259,1100,0,32
E4900333,P103,259,1100,0,32
E4900333,P021,259,1100,126,10
E4900333,P105,259,1100,0,32
E4900333,P001,222,1100,1,10
E4900333,P002,222,1100,0,00
E4900333,P003,222,1100,0,32
E4900333,P103,222,1100,0,32
E4900333,P021,222,1100,0,10
E4900333,P105,222,1100,0,32
E4900333,P001,223,1100,76,10
E4900333,P002,223,1100,0,00
E4900333,P003,223,1100,0,32
E4900333,P103,223,1100,0,32
E4900333,P021,223,1100,28,10
E4900333,P105,223,1100,0,32
E4900333,P001,236,1100,13,10
E4900333,P002,236,1100,0,00
E4900333,P003,236,1100,0,32
E4900333,P103,236,1100,0,32
E4900333,P021,236,1100,7,10
E4900333,P105,236,1100,0,32
E4900333,P001,248,1100,37534,10
E4900333,P002,248,1100,0,00
E4900333,P003,248,1100,0,32
E4900333,P103,248,1100,0,32
E4900333,P021,248,1100,106303,10
E4900333,P105,248,1100,0,32
E5601197,P002,911,1200,3,10
E5601197,P003,911,1200,3,10
S2300438,P001,911,1200,5,10
S1901066,P004,911,1200,6,10
E5600841,P001,248,1100,189504,10
E5600841,P001,923,1145,17,10
E5600841,P001,223,1100,23,10
E5600841,P001,936,1145,4,10
E5600841,P001,236,1100,5,10
E5600841,P001,911,1154,5,10
E5600841,P001,922,1145,25,10
E5600841,P001,222,1100,28,10
E5600841,P001,259,1100,166,10
E5600841,P002,248,1100,214937,10
E5600841,P002,923,1145,30,10
E5600841,P002,223,1100,28,10
E5600841,P002,936,1145,4,10
E5600841,P002,236,1100,4,10
E5600841,P002,911,1154,5,10
E5600841,P002,922,1145,19,10
E5600841,P002,222,1100,19,10
E5600841,P002,259,1100,165,10
E5600841,P003,248,1100,177095,10
E5600841,P003,923,1145,20,10
E5600841,P003,223,1100,23,10
E5600841,P003,936,1145,5,10
E5600841,P003,236,1100,5,10
E5600841,P003,911,1154,9,10
E5600841,P003,922,1145,23,10
E5600841,P003,222,1100,25,10
E5600841,P003,259,1100,164,10
E5600841,P004,248,1100,186650,10
E5600841,P004,923,1145,20,10
E5600841,P004,223,1100,20,10
E5600841,P004,936,1145,4,10
E5600841,P004,236,1100,4,10
E5600841,P004,911,1154,6,10
E5600841,P004,922,1145,20,10
E5600841,P004,222,1100,20,10
E5600841,P004,259,1100,187,10
E5600841,P005,248,1100,194892,10
E5600841,P005,923,1145,14,10
E5600841,P005,223,1100,14,10
E5600841,P005,936,1145,4,10
E5600841,P005,236,1100,4,10
E5600841,P005,911,1154,9,10
E5600841,P005,922,1145,19,10
E5600841,P005,222,1100,19,10
E5600841,P005,259,1100,196,10
E5600841,P006,248,1100,223813,10
E5600841,P006,923,1145,0,31
E5600841,P006,223,1100,63,10
E5600841,P006,936,1145,6,10
E5600841,P006,236,1100,6,10
E5600841,P006,911,1154,0,31
E5600841,P006,922,1145,0,31
E5600841,P006,222,1100,71,10
E5600841,P006,259,1100,126,10
E5600841,P007,248,1100,244788,10
E5600841,P007,923,1145,38,10
E5600841,P007,223,1100,29,10
E5600841,P007,936,1145,6,10
E5600841,P007,236,1100,6,10
E5600841,P007,911,1154,0,31
E5600841,P007,922,1145,70,10
E5600841,P007,222,1100,71,10
E5600841,P007,259,1100,138,10
E5600841,P008,248,1100,174596,10
E5600841,P008,923,1145,64,10
E5600841,P008,223,1100,64,10
E5600841,P008,936,1145,10,10
E5600841,P008,236,1100,10,10
E5600841,P008,911,1154,0,31
E5600841,P008,922,1145,9,10
E5600841,P008,222,1100,9,10
E5600841,P008,259,1100,49,10
E5600841,P009,248,1100,339225,10
E5600841,P009,923,1145,11,10
E5600841,P009,223,1100,10,10
E5600841,P009,936,1145,5,10
E5600841,P009,236,1100,4,10
E5600841,P009,911,1154,9,10
E5600841,P009,922,1145,22,10
E5600841,P009,222,1100,24,10
E5600841,P009,259,1100,127,10
E5600841,P010,248,1100,389248,10
E5600841,P010,923,1145,24,10
E5600841,P010,223,1100,22,10
E5600841,P010,936,1145,5,10
E5600841,P010,236,1100,5,10
E5600841,P010,911,1154,7,10
E5600841,P010,922,1145,22,10
E5600841,P010,222,1100,22,10
E5600841,P010,259,1100,109,10
E5600841,PC23,248,1100,38181,10
E5600841,PC23,923,1145,78,10
E5600841,PC23,223,1100,72,10
E5600841,PC23,936,1145,8,10
E5600841,PC23,236,1100,9,10
E5600841,PC23,911,1154,9,10
E5600841,PC23,922,1145,31,10
E5600841,PC23,222,1100,34,10
E5600841,PC23,259,1100,159,10
E5600841,PC83,248,1100,210668,10
E5600841,PC83,923,1145,51,10
E5600841,PC83,223,1100,50,10
E5600841,PC83,936,1145,6,10
E5600841,PC83,236,1100,6,10
E5600841,PC83,911,1154,14,10
E5600841,PC83,922,1145,24,10
E5600841,PC83,222,1100,25,10
E5600841,PC83,259,1100,170,10
E5600841,PPB1,248,1100,212648,10
E5600841,PPB1,923,1145,17,10
E5600841,PPB1,223,1100,15,10
E5600841,PPB1,936,1145,9,10
E5600841,PPB1,236,1100,8,10
E5600841,PPB1,911,1154,8,10
E5600841,PPB1,922,1145,30,10
E5600841,PPB1,222,1100,30,10
E5600841,PPB1,259,1100,141,10
E5600841,PPC1,248,1100,636560,10
E5600841,PPC1,923,1145,25,10
E5600841,PPC1,223,1100,21,10
E5600841,PPC1,936,1145,3,10
E5600841,PPC1,236,1100,3,10
E5600841,PPC1,911,1154,5,10
E5600841,PPC1,922,1145,23,10
E5600841,PPC1,222,1100,23,10
E5600841,PPC1,259,1100,129,10
E5600841,PR54,248,1100,40170,10
E5600841,PR54,923,1145,69,10
E5600841,PR54,223,1100,65,10
E5600841,PR54,936,1145,6,10
E5600841,PR54,236,1100,6,10
E5600841,PR54,911,1154,3,10
E5600841,PR54,922,1145,38,10
E5600841,PR54,222,1100,39,10
E5600841,PR54,259,1100,217,10
E5600841,PR61,248,1100,152671,10
E5600841,PR61,923,1145,76,10
E5600841,PR61,223,1100,72,10
E5600841,PR61,936,1145,3,10
E5600841,PR61,236,1100,3,10
E5600841,PR61,911,1154,7,10
E5600841,PR61,922,1145,51,10
E5600841,PR61,222,1100,47,10
E5600841,PR61,259,1100,324,10
E5600841,PR62,248,1100,98618,10
E5600841,PR62,923,1145,48,10
E5600841,PR62,223,1100,47,10
E5600841,PR62,936,1145,4,10
E5600841,PR62,236,1100,4,10
E5600841,PR62,911,1154,4,10
E5600841,PR62,922,1145,23,10
E5600841,PR62,222,1100,22,10
E5600841,PR62,259,1100,317,10
E5600841,PS11,248,1100,826613,10
E5600841,PS11,923,1145,36,10
E5600841,PS11,223,1100,36,10
E5600841,PS11,936,1145,11,10
E5600841,PS11,236,1100,11,10
E5600841,PS11,911,1154,10,10
E5600841,PS11,922,1145,64,10
E5600841,PS11,222,1100,64,10
E5600841,PS11,259,1100,167,10
E5600841,PS12,911,1154,9,10
E5600841,PS31,248,1100,796597,10
E5600841,PS31,923,1145,109,10
E5600841,PS31,223,1100,111,10
E5600841,PS31,936,1145,12,10
E5600841,PS31,236,1100,12,10
E5600841,PS31,911,1154,7,10
E5600841,PS31,922,1145,90,10
E5600841,PS31,222,1100,92,10
E5600841,PS31,259,1100,130,10
E5600841,PS32,911,1154,4,10
E5600841,PS51,248,1100,891658,10
E5600841,PS51,923,1145,40,10
E5600841,PS51,223,1100,42,10
E5600841,PS51,936,1145,12,10
E5600841,PS51,236,1100,11,10
E5600841,PS51,911,1154,12,10
E5600841,PS51,922,1145,19,10
E5600841,PS51,222,1100,18,10
E5600841,PS51,259,1100,132,10
E5600841,PS52,911,1154,8,10
E5600841,PS71,248,1100,0,00
E5600841,PS71,923,1145,0,00
E5600841,PS71,223,1100,0,00
E5600841,PS71,936,1145,0,00
E5600841,PS71,236,1100,0,00
E5600841,PS71,911,1154,0,00
E5600841,PS71,922,1145,0,00
E5600841,PS71,222,1100,0,00
E5600841,PS71,259,1100,0,00
E5600841,PS72,911,1154,0,00
E5600896,P004,911,1148,0,00
E5600896,P005,911,1148,0,00
E5600896,P007,911,1148,5,10
E5600896,P008,911,1148,7,10
E5400878,P010,911,1148,2,10
E5600332,P001,911,1200,0,00
E5600332,P002,911,1200,0,00
E5600332,P003,911,1200,0,00
E5600850,PC01,911,1200,0,00
E5600789,P001,911,1200,0,00
E5002890,P001,911,1200,5,10
E5002890,P002,911,1200,6,10
E5002890,P003,911,1200,0,00
E5600869,P001,911,1200,4,10
S1900685,P002,911,1200,12,10
S1900685,P421,911,1200,13,10
S1900685,P411,911,1200,4,10
S2202553,P001,911,1200,1,10
S2202553,P002,911,1200,1,10
S2202553,P003,911,1200,1,10
S2100223,P015,911,1206,0,10
E5600056,P004,911,1206,0,00
E5600056,P006,911,1206,3,10
E5600056,P007,911,1206,0,00
E5600056,P008,911,1206,6,10
E5600056,P009,911,1206,2,10
E5600056,P016,911,1206,5,10
E5600056,P017,911,1206,2,10
E5600056,P018,911,1206,3,10
E5600056,P021,911,1206,3,10
E5600056,P022,911,1206,3,10
E5600056,P023,911,1206,1,10
E5600056,P024,911,1206,3,10
S1900710,P015,911,1206,0,00
S1900710,P050,911,1206,5,10
S1900710,P056,911,1206,4,10
S1900710,P060,911,1206,2,10
S1900710,P070,911,1206,6,10
E4900744,P001,911,1206,0,00
E4900744,P002,911,1206,0,00
E4900744,P023,911,1206,0,00
E5600841,P001,911,1200,5,10
E5600841,P002,911,1200,5,10
E5600841,P003,911,1200,9,10
E5600841,P004,911,1200,6,10
E5600841,P005,911,1200,9,10
E5600841,P006,911,1200,0,31
E5600841,P007,911,1200,0,31
E5600841,P008,911,1200,0,31
E5600841,P009,911,1200,9,10
E5600841,P010,911,1200,7,10
E5600841,PC23,911,1200,9,10
E5600841,PC83,911,1200,14,10
E5600841,PPB1,911,1200,8,10
E5600841,PPC1,911,1200,5,10
E5600841,PR54,911,1200,3,10
E5600841,PR61,911,1200,7,10
E5600841,PR62,911,1200,4,10
E5600841,PS11,911,1200,10,10
E5600841,PS12,911,1200,11,10
E5600841,PS31,911,1200,7,10
E5600841,PS32,911,1200,4,10
E5600841,PS51,911,1200,12,10
E5600841,PS52,911,1200,10,10
E5600841,PS71,911,1200,0,00
E5600841,PS72,911,1200,0,00
S2100223,P015,922,1200,0,10
S2100223,P015,923,1200,0,10
S2100223,P015,924,1200,0,10
S2100223,P015,936,1200,0,10
E4900333,P001,911,1200,9,10
E4900333,P002,911,1200,0,00
E4900333,P003,911,1200,0,32
E4900333,P103,911,1200,0,32
E4900333,P021,911,1200,6,10
E4900333,P105,911,1200,9,10
E5601197,P002,911,1206,3,10
E5601197,P003,911,1206,3,10
S2300438,P001,911,1206,5,10
S1901066,P004,911,1206,6,10
E4900744,P001,923,1200,0,00
E4900744,P023,923,1200,0,00
E4900744,P001,936,1200,0,00
E4900744,P023,936,1200,0,00
E5600896,P004,222,1100,0,00
E5600896,P004,223,1100,0,00
E5600896,P004,236,1100,0,00
E5600896,P004,248,1100,0,00
E5600896,P004,259,1100,0,00
E5600896,P005,222,1100,0,00
E5600896,P005,223,1100,0,00
E5600896,P005,236,1100,0,00
E5600896,P005,248,1100,0,00
E5600896,P005,259,1100,0,00
E5600896,P007,222,1100,0,10
E5600896,P007,223,1100,72,11
E5600896,P007,236,1100,5,10
E5600896,P007,248,1100,1477724,10
E5600896,P007,259,1100,159,10
E5600896,P008,222,1100,0,10
E5600896,P008,223,1100,62,10
E5600896,P008,236,1100,2,10
E5600896,P008,248,1100,1890345,10
E5600896,P008,259,1100,134,10
E5600896,P004,922,1145,0,00
E5600896,P004,923,1145,0,00
E5600896,P004,936,1145,0,00
E5600896,P005,922,1145,0,00
E5600896,P005,923,1145,0,00
E5600896,P005,936,1145,0,00
E5600896,P007,922,1145,0,10
E5600896,P007,923,1145,72,11
E5600896,P007,936,1145,5,10
E5600896,P008,922,1145,0,10
E5600896,P008,923,1145,63,10
E5600896,P008,936,1145,2,10
E5600896,P004,911,1154,0,00
E5600896,P005,911,1154,0,00
E5600896,P007,911,1154,5,10
E5600896,P008,911,1154,7,10
E5400878,P001,223,1100,21,10
E5400878,P001,236,1100,15,10
E5400878,P001,248,1100,1113602,10
E5400878,P001,259,1100,117,10
E5400878,P002,223,1100,19,10
E5400878,P002,236,1100,14,10
E5400878,P002,248,1100,1731661,10
E5400878,P002,259,1100,115,10
E5400878,P003,223,1100,17,10
E5400878,P003,236,1100,15,10
E5400878,P003,248,1100,1490099,10
E5400878,P003,259,1100,114,10
E5400878,P010,223,1100,18,10
E5400878,P010,236,1100,13,10
E5400878,P010,248,1100,1400005,10
E5400878,P010,259,1100,99,10
E5400878,P001,923,1145,20,10
E5400878,P001,936,1145,15,10
E5400878,P002,923,1145,19,10
E5400878,P002,936,1145,14,10
E5400878,P003,923,1145,17,10
E5400878,P003,936,1145,15,10
E5400878,P010,923,1145,18,10
E5400878,P010,936,1145,13,10
E5400878,P010,911,1154,1,10
E5600332,P001,911,1206,0,00
E5600332,P002,911,1206,0,00
E5600332,P003,911,1206,0,00
E5600850,PC01,911,1206,0,00
E5600789,P001,911,1206,0,00
E5002890,P001,911,1206,5,10
E5002890,P002,911,1206,5,10
E5002890,P003,911,1206,0,00
E5600869,P001,911,1206,4,10
S1900685,P002,911,1206,12,10
S1900685,P421,911,1206,15,10
S1900685,P411,911,1206,4,10
S2202553,P001,911,1206,1,10
S2202553,P002,911,1206,1,10
S2202553,P003,911,1206,1,10
S2100223,P015,911,1212,0,10
S2300438,P001,922,1200,1,10
S2300438,P001,923,1200,37,10
S2300438,P001,936,1200,7,10
S2300438,P001,222,1100,0,10
S2300438,P001,223,1100,29,10
S2300438,P001,236,1100,7,10
S2300438,P001,248,1100,43511,10
S2300438,P001,259,1100,122,10
S2201109,P711,911,1206,15,10
S2201109,P731,911,1206,18,10
S2201109,P741,911,1206,13,10
S2201109,P751,911,1206,13,10
S2300429,P701,911,1206,0,00
S2300429,PF01,911,1206,9,10
E5600056,P004,911,1212,0,00
E5600056,P006,911,1212,3,10
E5600056,P007,911,1212,0,00
E5600056,P008,911,1212,6,10
E5600056,P009,911,1212,2,10
E5600056,P016,911,1212,5,10
E5600056,P017,911,1212,2,10
E5600056,P018,911,1212,3,10
E5600056,P021,911,1212,3,10
E5600056,P022,911,1212,3,10
E5600056,P023,911,1212,1,10
E5600056,P024,911,1212,3,10
S1900710,P015,911,1212,0,00
S1900710,P050,911,1212,5,10
S1900710,P056,911,1212,4,10
S1900710,P060,911,1212,2,10
S1900710,P070,911,1212,6,10
E5600850,PC01,923,1200,0,00
E5600850,PC01,924,1200,0,00
E5600850,PC01,936,1200,0,00
E5600850,PC01,926,1200,0,00
E5600850,PC01,223,1100,0,00
E5600850,PC01,224,1100,0,00
E5600850,PC01,236,1100,0,00
E5600850,PC01,226,1100,0,00
E5600850,PC01,248,1100,0,00
E5600850,PC01,259,1100,0,00
E4900744,P001,911,1212,0,00
E4900744,P002,911,1212,0,00
E4900744,P023,911,1212,0,00
E5600841,P001,911,1206,5,10
E5600841,P002,911,1206,5,10
E5600841,P003,911,1206,9,10
E5600841,P004,911,1206,6,10
E5600841,P005,911,1206,9,10
E5600841,P006,911,1206,0,31
E5600841,P007,911,1206,0,31
E5600841,P008,911,1206,0,31
E5600841,P009,911,1206,9,10
E5600841,P010,911,1206,7,10
E5600841,PC23,911,1206,10,10
E5600841,PC83,911,1206,15,10
E5600841,PPB1,911,1206,8,10
E5600841,PPC1,911,1206,5,10
E5600841,PR54,911,1206,3,10
E5600841,PR61,911,1206,7,10
E5600841,PR62,911,1206,4,10
E5600841,PS11,911,1206,11,10
E5600841,PS12,911,1206,11,10
E5600841,PS31,911,1206,7,10
E5600841,PS32,911,1206,5,10
E5600841,PS51,911,1206,12,10
E5600841,PS52,911,1206,10,10
E5600841,PS71,911,1206,0,00
E5600841,PS72,911,1206,0,00
S2300429,P701,911,1200,0,00
S2300429,P701,922,1200,0,00
S2300429,P701,923,1200,0,00
S2300429,P701,936,1200,0,00
S2300429,PF01,911,1200,8,10
S2300429,PF01,922,1200,20,10
S2300429,PF01,923,1200,27,10
S2300429,PF01,936,1200,6,10
S2300429,P701,222,1100,0,00
S2300429,P701,223,1100,0,00
S2300429,P701,236,1100,0,00
S2300429,P701,248,1100,0,00
S2300429,P701,259,1100,0,00
S2300429,PF01,222,1100,21,10
S2300429,PF01,223,1100,30,10
S2300429,PF01,236,1100,6,10
S2300429,PF01,248,1100,273461,10
S2300429,PF01,259,1100,59,10
S1901066,P004,922,1200,233,10
S1901066,P004,923,1200,185,10
S1901066,P004,924,1200,1,10
S1901066,P004,936,1200,4,10
S1901066,P004,937,1200,11,10
S1901066,P004,222,1100,229,10
S1901066,P004,223,1100,183,10
S1901066,P004,224,1100,2,10
S1901066,P004,236,1100,4,10
S1901066,P004,237,1100,11,10
S1901066,P004,248,1100,124684,10
S1901066,P004,259,1100,246,10
E5002890,P001,922,1200,0,10
E5002890,P002,922,1200,0,10
E5002890,P003,922,1200,0,00
E5002890,P001,923,1200,128,10
E5002890,P002,923,1200,118,10
E5002890,P003,923,1200,0,00
E5002890,P001,924,1200,19,10
E5002890,P002,924,1200,69,10
E5002890,P003,924,1200,0,00
E5002890,P001,926,1200,17,10
E5002890,P002,926,1200,9,10
E5002890,P003,926,1200,0,00
E5002890,P001,936,1200,14,10
E5002890,P002,936,1200,14,10
E5002890,P003,936,1200,0,00
E5600869,P001,922,1200,0,20
E5600869,P001,923,1200,0,20
E5600869,P001,936,1200,0,20
S1900710,P070,923,1215,19,10
S1900710,P070,936,1215,8,10
S1900710,P070,922,1215,16,10
S1900710,P015,923,1215,0,00
S1900710,P015,936,1215,0,00
S1900710,P015,922,1215,0,00
S1900710,P050,923,1215,114,10
S1900710,P050,936,1215,6,10
S1900710,P050,922,1215,70,10
S1900710,P056,923,1215,37,10
S1900710,P056,936,1215,4,10
S1900710,P056,922,1215,24,10
S1900710,P060,923,1215,23,10
S1900710,P060,936,1215,5,10
S1900710,P060,922,1215,26,10
S1601990,P001,911,1212,2,10
S1601990,P004,911,1212,3,10
S1601990,P049,911,1212,1,10
E4900333,P001,911,1206,9,10
E4900333,P002,911,1206,0,00
E4900333,P003,911,1206,0,32
E4900333,P103,911,1206,0,32
E4900333,P021,911,1206,6,10
E4900333,P105,911,1206,9,10
E5600332,P001,911,1212,0,00
E5600332,P002,911,1212,0,00
E5600332,P003,911,1212,0,00
S1900685,P421,922,1200,13,10
S1900685,P421,923,1200,73,10
S1900685,P421,936,1200,6,10
S1900685,P411,922,1200,18,10
S1900685,P411,923,1200,67,10
S1900685,P411,936,1200,12,10
S2202553,P001,922,1200,7,10
S2202553,P002,922,1200,12,10
S2202553,P003,922,1200,6,10
S2202553,P001,923,1200,83,10
S2202553,P002,923,1200,88,10
S2202553,P003,923,1200,86,10
S2202553,P001,924,1200,4,10
S2202553,P002,924,1200,1,10
S2202553,P003,924,1200,2,10
S2202553,P001,926,1200,18,10
S2202553,P002,926,1200,23,10
S2202553,P003,926,1200,22,10
S2202553,P001,936,1200,10,10
S2202553,P002,936,1200,10,10
S2202553,P003,936,1200,8,10
E5601197,P002,911,1212,3,10
E5601197,P003,911,1212,3,10
S2300438,P001,911,1212,5,10
E5600841,P001,923,1200,24,10
E5600841,P001,936,1200,4,10
E5600841,P001,922,1200,25,10
E5600841,P002,923,1200,38,10
E5600841,P002,936,1200,4,10
E5600841,P002,922,1200,19,10
E5600841,P003,923,1200,21,10
E5600841,P003,936,1200,5,10
E5600841,P003,922,1200,24,10
E5600841,P004,923,1200,19,10
E5600841,P004,936,1200,4,10
E5600841,P004,922,1200,19,10
E5600841,P005,923,1200,14,10
E5600841,P005,936,1200,3,10
E5600841,P005,922,1200,18,10
E5600841,P006,923,1200,0,31
E5600841,P006,936,1200,0,31
E5600841,P006,922,1200,0,31
E5600841,P007,923,1200,0,31
E5600841,P007,936,1200,0,31
E5600841,P007,922,1200,0,31
E5600841,P008,923,1200,0,31
E5600841,P008,936,1200,0,31
E5600841,P008,922,1200,0,31
E5600841,P009,923,1200,10,10
E5600841,P009,936,1200,5,10
E5600841,P009,922,1200,22,10
E5600841,P010,923,1200,21,10
E5600841,P010,936,1200,5,10
E5600841,P010,922,1200,22,10
E5600841,PC23,923,1200,55,10
E5600841,PC23,936,1200,8,10
E5600841,PC23,922,1200,32,10
E5600841,PC83,923,1200,51,10
E5600841,PC83,936,1200,6,10
E5600841,PC83,922,1200,24,10
E5600841,PPB1,923,1200,15,10
E5600841,PPB1,936,1200,8,10
E5600841,PPB1,922,1200,31,10
E5600841,PPC1,923,1200,23,10
E5600841,PPC1,936,1200,3,10
E5600841,PPC1,922,1200,24,10
E5600841,PR54,923,1200,66,10
E5600841,PR54,936,1200,6,10
E5600841,PR54,922,1200,38,10
E5600841,PR61,923,1200,69,10
E5600841,PR61,936,1200,3,10
E5600841,PR61,922,1200,52,10
E5600841,PR62,923,1200,43,10
E5600841,PR62,936,1200,4,10
E5600841,PR62,922,1200,26,10
E5600841,PS11,923,1200,36,10
E5600841,PS11,936,1200,11,10
E5600841,PS11,922,1200,61,10
E5600841,PS31,923,1200,109,10
E5600841,PS31,936,1200,12,10
E5600841,PS31,922,1200,94,10
E5600841,PS51,923,1200,41,10
E5600841,PS51,936,1200,12,10
E5600841,PS51,922,1200,17,10
E5600841,PS71,923,1200,0,00
E5600841,PS71,936,1200,0,00
E5600841,PS71,922,1200,0,00
E5600896,P004,911,1200,0,00
E5600896,P005,911,1200,0,00
E5600896,P007,911,1200,5,10
E5600896,P008,911,1200,7,10
E5400878,P010,911,1200,1,10
E5600850,PC01,911,1212,0,00
E4900333,P001,922,1200,1,10
E4900333,P002,922,1200,0,00
E4900333,P003,922,1200,0,32
E4900333,P103,922,1200,0,32
E4900333,P021,922,1200,0,10
E4900333,P105,922,1200,47,10
E4900333,P001,923,1200,76,10
E4900333,P002,923,1200,0,00
E4900333,P003,923,1200,0,32
E4900333,P103,923,1200,0,32
E4900333,P021,923,1200,25,10
E4900333,P105,923,1200,69,10
E4900333,P001,936,1200,12,10
E4900333,P002,936,1200,0,00
E4900333,P003,936,1200,0,32
E4900333,P103,936,1200,0,32
E4900333,P021,936,1200,8,10
E4900333,P105,936,1200,10,10
E5600789,P001,911,1212,0,00
E5002890,P001,911,1212,5,10
E5002890,P002,911,1212,5,10
E5002890,P003,911,1212,0,00
E5600869,P001,911,1212,4,10
S1900685,P002,911,1212,12,10
S1900685,P421,911,1212,13,10
S1900685,P411,911,1212,4,10
S2202553,P001,911,1212,1,10
S2202553,P002,911,1212,1,10
S2202553,P003,911,1212,1,10
S2100223,P015,911,1218,0,10
S2201109,P711,911,1100,15,10
S2201109,P731,911,1100,18,10
S2201109,P741,911,1100,12,10
S2201109,P751,911,1100,13,10
S2201109,P711,923,1100,22,10
S2201109,P711,936,1100,6,10
S2201109,P711,922,1100,3,10
S2201109,P731,923,1100,53,10
S2201109,P731,936,1100,7,10
S2201109,P731,922,1100,15,10
S2201109,P741,923,1100,0,30
S2201109,P741,936,1100,0,30
S2201109,P741,922,1100,0,30
S2201109,P751,923,1100,52,10
S2201109,P751,936,1100,6,10
S2201109,P751,922,1100,13,10
S2201109,P711,248,1100,7353,10
S2201109,P711,223,1100,20,10
S2201109,P711,236,1100,6,10
S2201109,P711,222,1100,5,10
S2201109,P711,259,1100,54,10
S2201109,P731,248,1100,4321,10
S2201109,P731,223,1100,56,10
S2201109,P731,236,1100,7,10
S2201109,P731,222,1100,15,10
S2201109,P731,259,1100,54,10
S2201109,P741,248,1100,5494,10
S2201109,P741,223,1100,54,10
S2201109,P741,236,1100,5,10
S2201109,P741,222,1100,27,10
S2201109,P741,259,1100,54,10
S2201109,P751,248,1100,5143,10
S2201109,P751,223,1100,53,10
S2201109,P751,236,1100,6,10
S2201109,P751,222,1100,13,10
S2201109,P751,259,1100,51,10
S2201109,P711,911,1212,15,10
S2201109,P731,911,1212,18,10
S2201109,P741,911,1212,13,10
S2201109,P751,911,1212,14,10
S2300429,P701,911,1212,0,00
S2300429,PF01,911,1212,9,10
E5600056,P004,922,1215,0,00
E5600056,P004,923,1215,0,00
E5600056,P004,924,1215,0,00
E5600056,P004,936,1215,0,00
E5600056,P006,922,1215,22,10
E5600056,P006,923,1215,64,10
E5600056,P006,924,1215,1,10
E5600056,P006,936,1215,4,10
E5600056,P007,922,1215,0,00
E5600056,P007,923,1215,0,00
E5600056,P007,924,1215,0,00
E5600056,P007,936,1215,0,00
E5600056,P008,922,1215,51,10
E5600056,P008,923,1215,64,10
E5600056,P008,924,1215,41,10
E5600056,P008,936,1215,5,10
E5600056,P016,922,1215,0,10
E5600056,P016,923,1215,40,10
E5600056,P016,936,1215,12,10
E5600056,P017,922,1215,2,10
E5600056,P017,923,1215,22,10
E5600056,P017,924,1215,0,10
E5600056,P017,936,1215,3,10
E5600056,P018,922,1215,0,10
E5600056,P018,923,1215,16,10
E5600056,P018,924,1215,0,10
E5600056,P018,936,1215,4,10
E5600056,P021,922,1215,0,10
E5600056,P021,923,1215,48,10
E5600056,P021,924,1215,0,10
E5600056,P021,936,1215,4,10
E5600056,P024,922,1215,3,10
E5600056,P024,923,1215,28,10
E5600056,P024,924,1215,2,10
E5600056,P024,936,1215,6,10
E5600056,P034,922,1215,5,10
E5600056,P034,923,1215,58,10
E5600056,P034,936,1215,1,10
E5600056,P004,911,1218,0,00
E5600056,P006,911,1218,3,10
E5600056,P007,911,1218,0,00
E5600056,P008,911,1218,6,10
E5600056,P009,911,1218,2,10
E5600056,P016,911,1218,5,10
E5600056,P017,911,1218,2,10
E5600056,P018,911,1218,3,10
E5600056,P021,911,1218,3,10
E5600056,P022,911,1218,3,10
E5600056,P023,911,1218,1,10
E5600056,P024,911,1218,3,10
S1900710,P070,911,1218,6,10
S1900710,P015,911,1218,0,00
S1900710,P050,911,1218,5,10
S1900710,P056,911,1218,4,10
S1900710,P060,911,1218,2,10
E4900744,P001,911,1218,0,00
E4900744,P002,911,1218,0,00
E4900744,P023,911,1218,0,00
E5600841,P001,911,1212,5,10
E5600841,P002,911,1212,5,10
E5600841,P003,911,1212,9,10
E5600841,P004,911,1212,6,10
E5600841,P005,911,1212,9,10
E5600841,P006,911,1212,0,31
E5600841,P007,911,1212,0,31
E5600841,P008,911,1212,0,31
E5600841,P009,911,1212,9,10
E5600841,P010,911,1212,7,10
E5600841,PC23,911,1212,9,10
E5600841,PC83,911,1212,14,10
E5600841,PPB1,911,1212,8,10
E5600841,PPC1,911,1212,5,10
E5600841,PR54,911,1212,3,10
E5600841,PR61,911,1212,7,10
E5600841,PR62,911,1212,4,10
E5600841,PS11,911,1212,10,10
E5600841,PS12,911,1212,10,10
E5600841,PS31,911,1212,7,10
E5600841,PS32,911,1212,4,10
E5600841,PS51,911,1212,11,10
E5600841,PS52,911,1212,9,10
E5600841,PS71,911,1212,0,00
E5600841,PS72,911,1212,0,00
S1901066,P004,911,1212,6,10
E4900333,P001,911,1212,9,10
E4900333,P002,911,1212,0,00
E4900333,P003,911,1212,0,32
E4900333,P103,911,1212,0,32
E4900333,P021,911,1212,6,10
E4900333,P105,911,1212,9,10
E5600332,P001,911,1218,0,00
E5600332,P002,911,1218,0,00
E5600332,P003,911,1218,0,00
E5601197,P002,911,1218,3,10
E5601197,P003,911,1218,3,10
S2300438,P001,911,1218,5,10
E5600056,P004,911,1224,0,00
E5600056,P006,911,1224,3,10
E5600056,P007,911,1224,0,00
E5600056,P008,911,1224,6,10
E5600056,P009,911,1224,2,10
E5600056,P016,911,1224,5,10
E5600056,P017,911,1224,2,10
E5600056,P018,911,1224,3,10
E5600056,P021,911,1224,3,10
E5600056,P022,911,1224,3,10
E5600056,P023,911,1224,1,10
E5600056,P024,911,1224,3,10
E5600896,P004,911,1206,0,00
E5600896,P005,911,1206,0,00
E5600896,P007,911,1206,5,10
E5600896,P008,911,1206,7,10
E5400878,P010,911,1206,1,10
E5600850,PC01,911,1218,0,00
S1901066,P004,911,1218,6,10
E5600789,P001,911,1218,0,00
E5002890,P001,911,1218,5,10
E5002890,P002,911,1218,5,10
E5002890,P003,911,1218,0,00
E5600869,P001,911,1218,4,10
S1900685,P002,911,1218,13,10
S1900685,P421,911,1218,12,10
S1900685,P411,911,1218,4,10
S2202553,P001,911,1218,1,10
S2202553,P002,911,1218,1,10
S2202553,P003,911,1218,1,10
S2100223,P015,911,1224,0,10
S2100223,P015,922,1215,0,10
S2100223,P015,923,1215,0,10
S2100223,P015,924,1215,0,10
S2100223,P015,936,1215,0,10
S2201109,P711,911,1218,15,10
S2201109,P731,911,1218,19,10
S2201109,P741,911,1218,13,10
S2201109,P751,911,1218,13,10
S2300429,P701,911,1218,0,00
S2300429,PF01,911,1218,9,10
S1900710,P015,911,1224,0,00
S1900710,P050,911,1224,6,10
S1900710,P056,911,1224,4,10
S1900710,P060,911,1224,2,10
S1900710,P070,911,1224,6,10
E4900744,P001,911,1224,0,00
E4900744,P002,911,1224,0,00
E4900744,P023,911,1224,0,00
E4900744,P001,923,1215,0,00
E4900744,P023,923,1215,0,00
E4900744,P001,936,1215,0,00
E4900744,P023,936,1215,0,00
E5600841,P001,911,1218,5,10
E5600841,P002,911,1218,5,10
E5600841,P003,911,1218,9,10
E5600841,P004,911,1218,6,10
E5600841,P005,911,1218,9,10
E5600841,P006,911,1218,0,31
E5600841,P007,911,1218,0,31
E5600841,P008,911,1218,0,31
E5600841,P009,911,1218,9,10
E5600841,P010,911,1218,7,10
E5600841,PC23,911,1218,9,10
E5600841,PC83,911,1218,14,10
E5600841,PPB1,911,1218,8,10
E5600841,PPC1,911,1218,5,10
E5600841,PR54,911,1218,3,10
E5600841,PR61,911,1218,7,10
E5600841,PR62,911,1218,4,10
E5600841,PS11,911,1218,11,10
E5600841,PS12,911,1218,9,10
E5600841,PS31,911,1218,7,10
E5600841,PS32,911,1218,4,10
E5600841,PS51,911,1218,12,10
E5600841,PS52,911,1218,9,10
E5600841,PS71,911,1218,0,00
E5600841,PS72,911,1218,0,00
E5600896,P004,922,1200,0,00
E5600896,P004,923,1200,0,00
E5600896,P004,936,1200,0,00
E5600896,P005,922,1200,0,00
E5600896,P005,923,1200,0,00
E5600896,P005,936,1200,0,00
E5600896,P007,922,1200,0,10
E5600896,P007,923,1200,73,11
E5600896,P007,936,1200,5,10
E5600896,P008,922,1200,0,10
E5600896,P008,923,1200,63,10
E5600896,P008,936,1200,2,10
E5400878,P001,923,1200,21,10
E5400878,P001,936,1200,15,10
E5400878,P002,923,1200,19,10
E5400878,P002,936,1200,14,10
E5400878,P003,923,1200,17,10
E5400878,P003,936,1200,15,10
E5400878,P010,923,1200,18,10
E5400878,P010,936,1200,13,10
E5600850,PC01,923,1215,0,00
E5600850,PC01,924,1215,0,00
E5600850,PC01,936,1215,0,00
E5600850,PC01,926,1215,0,00
E4900333,P001,911,1218,9,10
E4900333,P002,911,1218,0,00
E4900333,P003,911,1218,0,32
E4900333,P103,911,1218,0,32
E4900333,P021,911,1218,6,10
E4900333,P105,911,1218,9,10
E5600332,P001,911,1224,0,00
E5600332,P002,911,1224,0,00
E5600332,P003,911,1224,0,00
E5601197,P002,911,1224,3,10
E5601197,P003,911,1224,3,10
S2300438,P001,922,1215,1,10
S2300438,P001,923,1215,39,10
S2300438,P001,936,1215,8,10
E5600850,PC01,911,1224,0,00
S2300438,P001,911,1224,5,10
E5600056,P004,911,1230,0,00
E5600056,P006,911,1230,3,10
E5600056,P007,911,1230,0,00
E5600056,P008,911,1230,6,10
E5600056,P009,911,1230,1,10
E5600056,P016,911,1230,5,10
E5600056,P017,911,1230,2,10
E5600056,P018,911,1230,3,10
E5600056,P021,911,1230,3,10
E5600056,P022,911,1230,3,10
E5600056,P023,911,1230,1,10
E5600056,P024,911,1230,3,10
E5600056,P004,922,1230,0,00
E5600056,P004,923,1230,0,00
E5600056,P004,924,1230,0,00
E5600056,P004,936,1230,0,00
E5600056,P006,922,1230,24,10
E5600056,P006,923,1230,57,10
E5600056,P006,924,1230,1,10
E5600056,P006,936,1230,5,10
E5600056,P007,922,1230,0,00
E5600056,P007,923,1230,0,00
E5600056,P007,924,1230,0,00
E5600056,P007,936,1230,0,00
E5600056,P008,922,1230,51,10
E5600056,P008,923,1230,64,10
E5600056,P008,924,1230,36,10
E5600056,P008,936,1230,5,10
E5600056,P016,922,1230,0,10
E5600056,P016,923,1230,39,10
E5600056,P016,936,1230,12,10
E5600056,P017,922,1230,2,10
E5600056,P017,923,1230,22,10
E5600056,P017,924,1230,0,10
E5600056,P017,936,1230,3,10
E5600056,P018,922,1230,0,10
E5600056,P018,923,1230,17,10
E5600056,P018,936,1230,4,10
E5600056,P021,922,1230,0,10
E5600056,P021,923,1230,50,10
E5600056,P021,936,1230,4,10
E5600056,P024,922,1230,4,10
E5600056,P024,923,1230,28,10
E5600056,P024,924,1230,2,10
E5600056,P024,936,1230,6,10
E5600056,P034,923,1230,57,10
E5600056,P034,936,1230,1,10
S1901066,P004,922,1215,231,10
S1901066,P004,923,1215,180,10
S1901066,P004,924,1215,1,10
S1901066,P004,936,1215,4,10
S1901066,P004,937,1215,11,10
E5600896,P004,911,1212,0,00
E5600896,P005,911,1212,0,00
E5600896,P007,911,1212,5,10
E5600896,P008,911,1212,7,10
E5400878,P010,911,1212,1,10
S1901066,P004,911,1224,6,10
E5600789,P001,911,1224,0,00
E5002890,P001,911,1224,5,10
E5002890,P002,911,1224,5,10
E5002890,P003,911,1224,0,00
E5002890,P001,922,1215,1,10
E5002890,P002,922,1215,0,10
E5002890,P003,922,1215,0,00
E5002890,P001,923,1215,129,10
E5002890,P002,923,1215,137,10
E5002890,P003,923,1215,0,00
E5002890,P001,924,1215,56,10
E5002890,P002,924,1215,57,10
E5002890,P003,924,1215,0,00
E5002890,P001,926,1215,15,10
E5002890,P002,926,1215,9,10
E5002890,P003,926,1215,0,00
E5002890,P001,936,1215,14,10
E5002890,P002,936,1215,14,10
E5002890,P003,936,1215,0,00
E5600869,P001,911,1224,4,10
E5600869,P001,922,1215,134,10
E5600869,P001,923,1215,126,10
E5600869,P001,936,1215,7,10
S1900685,P002,911,1224,12,10
S1900685,P421,911,1224,13,10
S1900685,P421,922,1215,12,10
S1900685,P421,923,1215,74,10
S1900685,P421,936,1215,6,10
S1900685,P411,911,1224,4,10
S1900685,P411,922,1215,18,10
S1900685,P411,923,1215,67,10
S1900685,P411,936,1215,12,10
S2202553,P001,911,1224,1,10
S2202553,P002,911,1224,1,10
S2202553,P003,911,1224,1,10
S2202553,P001,922,1215,10,10
S2202553,P002,922,1215,10,10
S2202553,P003,922,1215,8,10
S2202553,P001,923,1215,74,10
S2202553,P002,923,1215,93,10
S2202553,P003,923,1215,93,10
S2202553,P001,924,1215,4,10
S2202553,P002,924,1215,1,10
S2202553,P003,924,1215,2,10
S2202553,P001,926,1215,24,10
S2202553,P002,926,1215,23,10
S2202553,P003,926,1215,25,10
S2202553,P001,936,1215,10,10
S2202553,P002,936,1215,10,10
S2202553,P003,936,1215,8,10
S2100223,P015,911,1230,0,10
S2300429,P701,922,1215,0,00
S2300429,P701,923,1215,0,00
S2300429,P701,936,1215,0,00
S2300429,PF01,922,1215,24,10
S2300429,PF01,923,1215,26,10
S2300429,PF01,936,1215,6,10
S2300429,P701,911,1224,0,00
S2300429,PF01,911,1224,8,10
S1900710,P015,911,1230,0,00
S1900710,P050,911,1230,6,10
S1900710,P056,911,1230,4,10
S1900710,P060,911,1230,2,10
S1900710,P070,911,1230,6,10
S1900710,P015,923,1230,0,00
S1900710,P015,936,1230,0,00
S1900710,P015,922,1230,0,00
S1900710,P050,923,1230,114,10
S1900710,P050,936,1230,6,10
S1900710,P050,922,1230,70,10
S1900710,P056,923,1230,37,10
S1900710,P056,936,1230,4,10
S1900710,P056,922,1230,24,10
S1900710,P060,923,1230,23,10
S1900710,P060,936,1230,5,10
S1900710,P060,922,1230,26,10
S1900710,P070,923,1230,20,10
S1900710,P070,936,1230,8,10
S1900710,P070,922,1230,16,10
S2201109,P711,923,1215,18,10
S2201109,P711,936,1215,5,10
S2201109,P711,922,1215,5,10
S2201109,P731,923,1215,54,10
S2201109,P731,936,1215,7,10
S2201109,P731,922,1215,16,10
S2201109,P741,923,1215,56,10
S2201109,P741,936,1215,5,10
S2201109,P741,922,1215,27,10
S2201109,P751,923,1215,56,10
S2201109,P751,936,1215,6,10
S2201109,P751,922,1215,13,10
S2201109,P711,911,1224,15,10
S2201109,P731,911,1224,18,10
S2201109,P741,911,1224,13,10
S2201109,P751,911,1224,13,10
E4900333,P001,911,1224,9,10
E4900333,P002,911,1224,0,00
E4900333,P003,911,1224,0,32
E4900333,P103,911,1224,0,32
E4900333,P021,911,1224,6,10
E4900333,P105,911,1224,9,10
E4900333,P001,922,1215,1,10
E4900333,P002,922,1215,0,00
E4900333,P003,922,1215,0,32
E4900333,P103,922,1215,0,32
E4900333,P021,922,1215,0,10
E4900333,P105,922,1215,46,10
E4900333,P001,923,1215,75,10
E4900333,P002,923,1215,0,00
E4900333,P003,923,1215,0,32
E4900333,P103,923,1215,0,32
E4900333,P021,923,1215,31,10
E4900333,P105,923,1215,69,10
E4900333,P001,936,1215,12,10
E4900333,P002,936,1215,0,00
E4900333,P003,936,1215,0,32
E4900333,P103,936,1215,0,32
E4900333,P021,936,1215,8,10
E4900333,P105,936,1215,10,10
E4900744,P001,911,1230,0,00
E4900744,P002,911,1230,0,00
E4900744,P023,911,1230,0,00
E5600841,P001,923,1215,15,10
E5600841,P001,936,1215,4,10
E5600841,P001,911,1224,5,10
E5600841,P001,922,1215,23,10
E5600841,P002,923,1215,19,10
E5600841,P002,936,1215,4,10
E5600841,P002,911,1224,5,10
E5600841,P002,922,1215,17,10
E5600841,P003,923,1215,11,10
E5600841,P003,936,1215,5,10
E5600841,P003,911,1224,9,10
E5600841,P003,922,1215,21,10
E5600841,P004,923,1215,19,10
E5600841,P004,936,1215,4,10
E5600841,P004,911,1224,6,10
E5600841,P004,922,1215,19,10
E5600841,P005,923,1215,14,10
E5600841,P005,936,1215,4,10
E5600841,P005,911,1224,9,10
E5600841,P005,922,1215,18,10
E5600841,P006,923,1215,0,31
E5600841,P006,936,1215,0,31
E5600841,P006,911,1224,0,31
E5600841,P006,922,1215,0,31
E5600841,P007,923,1215,0,31
E5600841,P007,936,1215,0,31
E5600841,P007,911,1224,0,31
E5600841,P007,922,1215,0,31
E5600841,P008,923,1215,0,31
E5600841,P008,936,1215,0,31
E5600841,P008,911,1224,0,31
E5600841,P008,922,1215,0,31
E5600841,P009,923,1215,10,10
E5600841,P009,936,1215,5,10
E5600841,P009,911,1224,9,10
E5600841,P009,922,1215,24,10
E5600841,P010,923,1215,17,10
E5600841,P010,936,1215,5,10
E5600841,P010,911,1224,7,10
E5600841,P010,922,1215,21,10
E5600841,PC23,923,1215,67,10
E5600841,PC23,936,1215,8,10
E5600841,PC23,911,1224,9,10
E5600841,PC23,922,1215,31,10
E5600841,PC83,923,1215,49,10
E5600841,PC83,936,1215,6,10
E5600841,PC83,911,1224,15,10
E5600841,PC83,922,1215,25,10
E5600841,PPB1,923,1215,13,10
E5600841,PPB1,936,1215,8,10
E5600841,PPB1,911,1224,8,10
E5600841,PPB1,922,1215,29,10
E5600841,PPC1,923,1215,26,10
E5600841,PPC1,936,1215,3,10
E5600841,PPC1,911,1224,5,10
E5600841,PPC1,922,1215,23,10
E5600841,PR54,923,1215,67,10
E5600841,PR54,936,1215,6,10
E5600841,PR54,911,1224,3,10
E5600841,PR54,922,1215,36,10
E5600841,PR61,923,1215,70,10
E5600841,PR61,936,1215,3,10
E5600841,PR61,911,1224,7,10
E5600841,PR61,922,1215,45,10
E5600841,PR62,923,1215,55,10
E5600841,PR62,936,1215,4,10
E5600841,PR62,911,1224,4,10
E5600841,PR62,922,1215,19,10
E5600841,PS11,923,1215,37,10
E5600841,PS11,936,1215,11,10
E5600841,PS11,911,1224,10,10
E5600841,PS11,922,1215,65,10
E5600841,PS12,911,1224,8,10
E5600841,PS31,923,1215,106,10
E5600841,PS31,936,1215,12,10
E5600841,PS31,911,1224,7,10
E5600841,PS31,922,1215,86,10
E5600841,PS32,911,1224,4,10
E5600841,PS51,923,1215,42,10
E5600841,PS51,936,1215,12,10
E5600841,PS51,911,1224,12,10
E5600841,PS51,922,1215,19,10
E5600841,PS52,911,1224,8,10
E5600841,PS71,923,1215,0,00
E5600841,PS71,936,1215,0,00
E5600841,PS71,911,1224,0,00
E5600841,PS71,922,1215,0,00
E5600841,PS72,911,1224,0,00
S2300438,P001,911,1230,5,10
E5601197,P002,911,1230,3,10
E5601197,P003,911,1230,3,10
E5600332,P001,911,1230,0,00
E5600332,P002,911,1230,0,00
E5600332,P003,911,1230,0,00
E5600850,PC01,911,1230,0,00
E5600056,P004,911,1236,0,00
E5600056,P006,911,1236,3,10
E5600056,P007,911,1236,0,00
E5600056,P008,911,1236,6,10
E5600056,P009,911,1236,2,10
E5600056,P016,911,1236,5,10
E5600056,P017,911,1236,2,10
E5600056,P018,911,1236,3,10
E5600056,P021,911,1236,3,10
E5600056,P022,911,1236,3,10
E5600056,P023,911,1236,1,10
E5600056,P024,911,1236,3,10
E5600896,P004,911,1218,0,00
E5600896,P005,911,1218,0,00
E5600896,P007,911,1218,5,10
E5600896,P008,911,1218,7,10
E5400878,P010,911,1218,1,10
S1901066,P004,911,1230,6,10
E5600789,P001,911,1230,0,00
E5002890,P001,911,1230,5,10
E5002890,P002,911,1230,5,10
E5002890,P003,911,1230,0,00
E5600869,P001,911,1230,4,10
S1900685,P002,911,1230,12,10
S1900685,P421,911,1230,15,10
S1900685,P411,911,1230,4,10
S2202553,P001,911,1230,1,10
S2202553,P002,911,1230,1,10
S2202553,P003,911,1230,1,10
S2100223,P015,911,1236,0,10
S1900710,P015,911,1236,0,00
S1900710,P050,911,1236,6,10
S1900710,P056,911,1236,4,10
S1900710,P060,911,1236,2,10
S1900710,P070,911,1236,6,10
S3200688,P001,911,1212,10,10
S3200688,P002,911,1212,11,10
S3200688,P003,911,1212,7,10
S3200688,P004,911,1212,7,10
E4900333,P001,911,1230,9,10
E4900333,P002,911,1230,0,00
E4900333,P003,911,1230,0,32
E4900333,P103,911,1230,0,32
E4900333,P021,911,1230,6,10
E4900333,P105,911,1230,9,10
E4900744,P001,911,1236,0,00
E4900744,P002,911,1236,0,00
E4900744,P023,911,1236,0,00
E5600841,P001,911,1230,5,10
E5600841,P002,911,1230,5,10
E5600841,P003,911,1230,9,10
E5600841,P004,911,1230,6,10
E5600841,P005,911,1230,8,10
E5600841,P006,911,1230,0,31
E5600841,P007,911,1230,0,31
E5600841,P008,911,1230,0,31
E5600841,P009,911,1230,9,10
E5600841,P010,911,1230,7,10
E5600841,PC23,911,1230,9,10
E5600841,PC83,911,1230,14,10
E5600841,PPB1,911,1230,8,10
E5600841,PPC1,911,1230,5,10
E5600841,PR54,911,1230,3,10
E5600841,PR61,911,1230,7,10
E5600841,PR62,911,1230,4,10
E5600841,PS11,911,1230,10,10
E5600841,PS12,911,1230,9,10
E5600841,PS31,911,1230,7,10
E5600841,PS32,911,1230,4,10
E5600841,PS51,911,1230,12,10
E5600841,PS52,911,1230,9,10
E5600841,PS71,911,1230,0,00
E5600841,PS72,911,1230,0,00
S2300438,P001,911,1236,5,10
S2100223,P015,922,1230,0,10
S2100223,P015,923,1230,0,10
S2100223,P015,924,1230,0,10
S2100223,P015,936,1230,0,10
E5601197,P002,911,1236,3,10
E5601197,P003,911,1236,3,10
E5600332,P001,911,1236,0,00
E5600332,P002,911,1236,0,00
E5600332,P003,911,1236,0,00
E5600850,PC01,911,1236,0,00
E5600869,P001,911,1236,4,10
E4900744,P001,923,1230,0,00
E4900744,P023,923,1230,0,00
E4900744,P001,936,1230,0,00
E4900744,P023,936,1230,0,00
E5600896,P004,922,1215,0,00
E5600896,P004,923,1215,0,00
E5600896,P004,936,1215,0,00
E5600896,P005,922,1215,0,00
E5600896,P005,923,1215,0,00
E5600896,P005,936,1215,0,00
E5600896,P007,922,1215,0,10
E5600896,P007,923,1215,73,11
E5600896,P007,936,1215,5,10
E5600896,P008,922,1215,0,10
E5600896,P008,923,1215,62,10
E5600896,P008,936,1215,2,10
E5600896,P004,911,1224,0,00
E5600896,P005,911,1224,0,00
E5600896,P007,911,1224,5,10
E5600896,P008,911,1224,7,10
E5400878,P001,923,1215,21,10
E5400878,P001,936,1215,15,10
E5400878,P002,923,1215,19,10
E5400878,P002,936,1215,15,10
E5400878,P003,923,1215,17,10
E5400878,P003,936,1215,15,10
E5400878,P010,923,1215,18,10
E5400878,P010,936,1215,13,10
E5400878,P010,911,1224,1,10
S1901066,P004,911,1236,6,10
E5600789,P001,911,1236,0,00
E5600056,P004,911,1242,0,00
E5600056,P006,911,1242,3,10
E5600056,P007,911,1242,0,00
E5600056,P008,911,1242,6,10
E5600056,P009,911,1242,2,10
E5600056,P016,911,1242,5,10
E5600056,P017,911,1242,2,10
E5600056,P018,911,1242,3,10
E5600056,P021,911,1242,3,10
E5600056,P022,911,1242,3,10
E5600056,P023,911,1242,1,10
E5600056,P024,911,1242,3,10
E5002890,P001,911,1236,5,10
E5002890,P002,911,1236,5,10
E5002890,P003,911,1236,0,00
S1900685,P002,911,1236,12,10
S1900685,P421,911,1236,13,10
S1900685,P411,911,1236,4,10
S2100223,P015,911,1242,0,10
S2300438,P001,922,1230,1,10
S2300438,P001,923,1230,36,10
S2300438,P001,936,1230,7,10
S2300429,P701,911,1236,0,00
S2300429,PF01,911,1236,8,10
S1900710,P015,911,1242,0,00
S1900710,P050,911,1242,6,10
S1900710,P056,911,1242,4,10
S1900710,P060,911,1242,2,10
S1900710,P070,911,1242,6,10
S2202553,P001,911,1236,1,10
S2202553,P002,911,1236,1,10
S2202553,P003,911,1236,1,10
S1901066,P004,922,1230,231,10
S1901066,P004,923,1230,180,10
S1901066,P004,924,1230,1,10
S1901066,P004,936,1230,4,10
S1901066,P004,937,1230,11,10
S2201109,P711,911,1236,15,10
S2201109,P731,911,1236,18,10
S2201109,P741,911,1236,13,10
S2201109,P751,911,1236,13,10
E5600869,P001,922,1230,135,10
E5600869,P001,923,1230,126,10
E5600869,P001,936,1230,7,10
S1900685,P421,922,1230,14,10
S1900685,P421,923,1230,76,10
S1900685,P421,936,1230,6,10
S1900685,P411,922,1230,18,10
S1900685,P411,923,1230,67,10
S1900685,P411,936,1230,12,10
E4900744,P001,911,1242,0,00
E4900744,P002,911,1242,0,00
E4900744,P023,911,1242,0,00
E5600841,P001,911,1236,5,10
E5600841,P002,911,1236,5,10
E5600841,P003,911,1236,9,10
E5600841,P004,911,1236,6,10
E5600841,P005,911,1236,8,10
E5600841,P006,911,1236,0,31
E5600841,P007,911,1236,0,31
E5600841,P008,911,1236,0,31
E5600841,P009,911,1236,9,10
E5600841,P010,911,1236,7,10
E5600841,PC23,911,1236,9,10
E5600841,PC83,911,1236,14,10
E5600841,PPB1,911,1236,8,10
E5600841,PPC1,911,1236,5,10
E5600841,PR54,911,1236,3,10
E5600841,PR61,911,1236,7,10
E5600841,PR62,911,1236,4,10
E5600841,PS11,911,1236,11,10
E5600841,PS12,911,1236,10,10
E5600841,PS31,911,1236,7,10
E5600841,PS32,911,1236,4,10
E5600841,PS51,911,1236,12,10
E5600841,PS52,911,1236,9,10
E5600841,PS71,911,1236,0,00
E5600841,PS72,911,1236,0,00
S2300429,P701,911,1230,0,00
S2300429,P701,922,1230,0,00
S2300429,P701,923,1230,0,00
S2300429,P701,936,1230,0,00
S2300429,PF01,911,1230,8,10
S2300429,PF01,922,1230,20,10
S2300429,PF01,923,1230,26,10
S2300429,PF01,936,1230,6,10
E5600850,PC01,923,1230,0,00
E5600850,PC01,924,1230,0,00
E5600850,PC01,936,1230,0,00
E5600850,PC01,926,1230,0,00
E4900333,P001,911,1236,9,10
E4900333,P002,911,1236,0,00
E4900333,P003,911,1236,0,32
E4900333,P103,911,1236,0,32
E4900333,P021,911,1236,6,10
E4900333,P105,911,1236,9,10
E5002890,P001,922,1230,0,10
E5002890,P002,922,1230,0,10
E5002890,P003,922,1230,0,00
E5002890,P001,923,1230,134,10
E5002890,P002,923,1230,138,10
E5002890,P003,923,1230,0,00
E5002890,P001,924,1230,12,10
E5002890,P002,924,1230,37,10
E5002890,P003,924,1230,0,00
E5002890,P001,926,1230,14,10
E5002890,P002,926,1230,8,10
E5002890,P003,926,1230,0,00
E5002890,P001,936,1230,14,10
E5002890,P002,936,1230,14,10
E5002890,P003,936,1230,0,00
S1900710,P070,923,1245,20,10
S1900710,P070,936,1245,8,10
S1900710,P070,922,1245,16,10
S1900710,P015,923,1245,0,00
S1900710,P015,936,1245,0,00
S1900710,P015,922,1245,0,00
S1900710,P050,923,1245,115,10
S1900710,P050,936,1245,6,10
S1900710,P050,922,1245,70,10
S1900710,P056,923,1245,34,10
S1900710,P056,936,1245,4,10
S1900710,P056,922,1245,24,10
S1900710,P060,923,1245,23,10
S1900710,P060,936,1245,5,10
S1900710,P060,922,1245,26,10
S2202553,P001,922,1230,6,10
S2202553,P002,922,1230,10,10
S2202553,P003,922,1230,21,10
S2202553,P001,923,1230,89,10
S2202553,P002,923,1230,84,10
S2202553,P003,923,1230,81,10
S2202553,P001,924,1230,4,10
S2202553,P002,924,1230,1,10
S2202553,P003,924,1230,5,10
S2202553,P001,926,1230,19,10
S2202553,P002,926,1230,15,10
S2202553,P003,926,1230,26,10
S2202553,P001,936,1230,10,10
S2202553,P002,936,1230,9,10
S2202553,P003,936,1230,8,10
S2300438,P001,911,1242,5,10
E5601197,P002,911,1242,3,10
E5601197,P003,911,1242,3,10
S1601990,P001,911,1242,2,10
S1601990,P004,911,1242,3,10
S1601990,P049,911,1242,1,10
E5600332,P001,911,1242,0,00
E5600332,P002,911,1242,0,00
E5600332,P003,911,1242,0,00
E5600850,PC01,911,1242,0,00
E5600869,P001,911,1242,4,10
E5600841,P001,923,1230,15,10
E5600841,P001,936,1230,4,10
E5600841,P001,922,1230,24,10
E5600841,P002,923,1230,18,10
E5600841,P002,936,1230,4,10
E5600841,P002,922,1230,17,10
E5600841,P003,923,1230,10,10
E5600841,P003,936,1230,5,10
E5600841,P003,922,1230,22,10
E5600841,P004,923,1230,20,10
E5600841,P004,936,1230,4,10
E5600841,P004,922,1230,19,10
E5600841,P005,923,1230,14,10
E5600841,P005,936,1230,4,10
E5600841,P005,922,1230,18,10
E5600841,P006,923,1230,0,31
E5600841,P006,936,1230,0,31
E5600841,P006,922,1230,0,31
E5600841,P007,923,1230,0,31
E5600841,P007,936,1230,0,31
E5600841,P007,922,1230,0,31
E5600841,P008,923,1230,0,31
E5600841,P008,936,1230,0,31
E5600841,P008,922,1230,0,31
E5600841,P009,923,1230,11,10
E5600841,P009,936,1230,5,10
E5600841,P009,922,1230,23,10
E5600841,P010,923,1230,11,10
E5600841,P010,936,1230,5,10
E5600841,P010,922,1230,19,10
E5600841,PC23,923,1230,61,10
E5600841,PC23,936,1230,8,10
E5600841,PC23,922,1230,31,10
E5600841,PC83,923,1230,50,10
E5600841,PC83,936,1230,7,10
E5600841,PC83,922,1230,24,10
E5600841,PPB1,923,1230,9,10
E5600841,PPB1,936,1230,8,10
E5600841,PPB1,922,1230,26,10
E5600841,PPC1,923,1230,24,10
E5600841,PPC1,936,1230,3,10
E5600841,PPC1,922,1230,23,10
E5600841,PR54,923,1230,78,10
E5600841,PR54,936,1230,6,10
E5600841,PR54,922,1230,37,10
E5600841,PR61,923,1230,65,10
E5600841,PR61,936,1230,3,10
E5600841,PR61,922,1230,49,10
E5600841,PR62,923,1230,56,10
E5600841,PR62,936,1230,5,10
E5600841,PR62,922,1230,18,10
E5600841,PS11,923,1230,36,10
E5600841,PS11,936,1230,11,10
E5600841,PS11,922,1230,62,10
E5600841,PS31,923,1230,111,10
E5600841,PS31,936,1230,12,10
E5600841,PS31,922,1230,92,10
E5600841,PS51,923,1230,41,10
E5600841,PS51,936,1230,12,10
E5600841,PS51,922,1230,17,10
E5600841,PS71,923,1230,0,00
E5600841,PS71,936,1230,0,00
E5600841,PS71,922,1230,0,00
E5600896,P004,911,1230,0,00
E5600896,P005,911,1230,0,00
E5600896,P007,911,1230,5,10
E5600896,P008,911,1230,7,10
E5400878,P010,911,1230,1,10
E5600056,P004,922,1245,0,00
E5600056,P004,923,1245,0,00
E5600056,P004,924,1245,0,00
E5600056,P004,936,1245,0,00
E5600056,P006,922,1245,27,10
E5600056,P006,923,1245,54,10
E5600056,P006,924,1245,1,10
E5600056,P006,936,1245,4,10
E5600056,P007,922,1245,0,00
E5600056,P007,923,1245,0,00
E5600056,P007,924,1245,0,00
E5600056,P007,936,1245,0,00
E5600056,P008,922,1245,51,10
E5600056,P008,923,1245,65,10
E5600056,P008,924,1245,27,10
E5600056,P008,936,1245,5,10
E5600056,P016,922,1245,0,10
E5600056,P016,923,1245,39,10
E5600056,P016,936,1245,12,10
E5600056,P017,922,1245,2,10
E5600056,P017,923,1245,23,10
E5600056,P017,924,1245,0,10
E5600056,P017,936,1245,3,10
E5600056,P018,922,1245,0,10
E5600056,P018,923,1245,16,10
E5600056,P018,924,1245,0,10
E5600056,P018,936,1245,4,10
E5600056,P021,922,1245,0,10
E5600056,P021,923,1245,50,10
E5600056,P021,924,1245,0,10
E5600056,P021,936,1245,4,10
E5600056,P024,922,1245,3,10
E5600056,P024,923,1245,28,10
E5600056,P024,924,1245,2,10
E5600056,P024,936,1245,6,10
E5600056,P034,922,1245,5,10
E5600056,P034,923,1245,59,10
E5600056,P034,936,1245,1,10
E5600789,P001,911,1242,0,00
E5600056,P004,911,1248,0,00
E5600056,P006,911,1248,3,10
E5600056,P007,911,1248,0,00
E5600056,P008,911,1248,6,10
E5600056,P009,911,1248,2,10
E5600056,P016,911,1248,4,10
E5600056,P017,911,1248,2,10
E5600056,P018,911,1248,3,10
E5600056,P021,911,1248,3,10
E5600056,P022,911,1248,3,10
E5600056,P023,911,1248,1,10
E5600056,P024,911,1248,4,10
E5002890,P001,911,1242,5,10
E5002890,P002,911,1242,5,10
E5002890,P003,911,1242,0,00
S1900685,P002,911,1242,12,10
S1900685,P421,911,1242,12,10
S1900685,P411,911,1242,4,10
S2100223,P015,911,1248,0,10
S2300429,P701,911,1242,0,00
S2300429,PF01,911,1242,9,10
S1901066,P004,911,1242,6,10
E4900333,P001,922,1230,1,10
E4900333,P002,922,1230,0,00
E4900333,P003,922,1230,0,32
E4900333,P103,922,1230,0,32
E4900333,P021,922,1230,0,10
E4900333,P105,922,1230,46,10
E4900333,P001,923,1230,75,10
E4900333,P002,923,1230,0,00
E4900333,P003,923,1230,0,32
E4900333,P103,923,1230,0,32
E4900333,P021,923,1230,31,10
E4900333,P105,923,1230,69,10
E4900333,P001,936,1230,12,10
E4900333,P002,936,1230,0,00
E4900333,P003,936,1230,0,32
E4900333,P103,936,1230,0,32
E4900333,P021,936,1230,8,10
E4900333,P105,936,1230,10,10
S1900710,P070,911,1248,6,10
S1900710,P015,911,1248,0,00
S1900710,P050,911,1248,6,10
S1900710,P056,911,1248,4,10
S1900710,P060,911,1248,2,10
S2202553,P001,911,1242,1,10
S2202553,P002,911,1242,1,10
S2202553,P003,911,1242,1,10
S2201109,P711,911,1230,15,10
S2201109,P731,911,1230,19,10
S2201109,P741,911,1230,13,10
S2201109,P751,911,1230,14,10
S2201109,P711,923,1230,18,10
S2201109,P711,936,1230,6,10
S2201109,P711,922,1230,5,10
S2201109,P731,923,1230,54,10
S2201109,P731,936,1230,7,10
S2201109,P731,922,1230,14,10
S2201109,P741,923,1230,55,10
S2201109,P741,936,1230,5,10
S2201109,P741,922,1230,28,10
S2201109,P751,923,1230,55,10
S2201109,P751,936,1230,6,10
S2201109,P751,922,1230,12,10
S2201109,P711,911,1242,15,10
S2201109,P731,911,1242,18,10
S2201109,P741,911,1242,13,10
S2201109,P751,911,1242,14,10
E4900744,P001,911,1248,0,00
E4900744,P002,911,1248,0,00
E4900744,P023,911,1248,0,00
E5600841,P001,911,1242,5,10
E5600841,P002,911,1242,5,10
E5600841,P003,911,1242,9,10
E5600841,P004,911,1242,6,10
E5600841,P005,911,1242,8,10
E5600841,P006,911,1242,0,31
E5600841,P007,911,1242,0,31
E5600841,P008,911,1242,0,31
E5600841,P009,911,1242,9,10
E5600841,P010,911,1242,7,10
E5600841,PC23,911,1242,9,10
E5600841,PC83,911,1242,14,10
E5600841,PPB1,911,1242,8,10
E5600841,PPC1,911,1242,5,10
E5600841,PR54,911,1242,3,10
E5600841,PR61,911,1242,7,10
E5600841,PR62,911,1242,4,10
E5600841,PS11,911,1242,10,10
E5600841,PS12,911,1242,10,10
E5600841,PS31,911,1242,7,10
E5600841,PS32,911,1242,4,10
E5600841,PS51,911,1242,11,10
E5600841,PS52,911,1242,9,10
E5600841,PS71,911,1242,0,00
E5600841,PS72,911,1242,0,00
E4900333,P001,911,1242,9,10
E4900333,P002,911,1242,0,00
E4900333,P003,911,1242,0,32
E4900333,P103,911,1242,0,32
E4900333,P021,911,1242,6,10
E4900333,P105,911,1242,9,10
S2300438,P001,911,1248,5,10
E5601197,P002,911,1248,3,10
E5601197,P003,911,1248,3,10
E5600332,P001,911,1248,0,00
E5600332,P002,911,1248,0,00
E5600332,P003,911,1248,0,00
E5600850,PC01,911,1248,0,00
E5600869,P001,911,1248,4,10
E5600896,P004,911,1236,0,00
E5600896,P005,911,1236,0,00
E5600896,P007,911,1236,5,10
E5600896,P008,911,1236,7,10
E5400878,P010,911,1236,1,10
E5600789,P001,911,1248,0,00
E5600056,P004,911,1254,0,00
E5600056,P006,911,1254,3,10
E5600056,P007,911,1254,0,00
E5600056,P008,911,1254,6,10
E5600056,P009,911,1254,2,10
E5600056,P016,911,1254,5,10
E5600056,P017,911,1254,2,10
E5600056,P018,911,1254,3,10
E5600056,P021,911,1254,3,10
E5600056,P022,911,1254,3,10
E5600056,P023,911,1254,1,10
E5600056,P024,911,1254,3,10
E5002890,P001,911,1248,5,10
E5002890,P002,911,1248,5,10
E5002890,P003,911,1248,0,00
S1900685,P002,911,1248,12,10
S1900685,P421,911,1248,12,10
S1900685,P411,911,1248,4,10
S2100223,P015,911,1254,0,10
S2100223,P015,922,1245,0,10
S2100223,P015,923,1245,0,10
S2100223,P015,924,1245,0,10
S2100223,P015,936,1245,0,10
S2100223,P015,222,1200,0,
S2100223,P015,223,1200,0,
S2100223,P015,224,1200,0,
S2100223,P015,236,1200,0,
S2100223,P015,248,1200,0,
S2100223,P015,259,1200,0,
S2300429,P701,911,1248,0,00
S2300429,PF01,911,1248,9,10
S1901066,P004,911,1248,6,10
S1900710,P015,911,1254,0,00
S1900710,P050,911,1254,6,10
S1900710,P056,911,1254,4,10
S1900710,P060,911,1254,3,10
S1900710,P070,911,1254,6,10
S2202553,P001,911,1248,1,10
S2202553,P002,911,1248,1,10
S2202553,P003,911,1248,1,10
S2201109,P711,911,1248,15,10
S2201109,P731,911,1248,19,10
S2201109,P741,911,1248,13,10
S2201109,P751,911,1248,13,10
E4900744,P001,911,1254,0,00
E4900744,P002,911,1254,0,00
E4900744,P023,911,1254,0,00
E4900744,P001,923,1245,0,00
E4900744,P023,923,1245,0,00
E4900744,P001,936,1245,0,00
E4900744,P023,936,1245,0,00
E4900744,P001,223,1200,0,00
E4900744,P023,223,1200,0,00
E4900744,P001,236,1200,0,00
E4900744,P023,236,1200,0,00
E4900744,P001,248,1200,0,00
E4900744,P023,248,1200,0,00
E4900744,P001,259,1200,0,00
E4900744,P023,259,1200,0,00
E5600841,P001,911,1248,5,10
E5600841,P002,911,1248,5,10
E5600841,P003,911,1248,9,10
E5600841,P004,911,1248,6,10
E5600841,P005,911,1248,8,10
E5600841,P006,911,1248,0,31
E5600841,P007,911,1248,0,31
E5600841,P008,911,1248,0,31
E5600841,P009,911,1248,9,10
E5600841,P010,911,1248,7,10
E5600841,PC23,911,1248,10,10
E5600841,PC83,911,1248,14,10
E5600841,PPB1,911,1248,8,10
E5600841,PPC1,911,1248,5,10
E5600841,PR54,911,1248,3,10
E5600841,PR61,911,1248,7,10
E5600841,PR62,911,1248,4,10
E5600841,PS11,911,1248,11,10
E5600841,PS12,911,1248,8,10
E5600841,PS31,911,1248,7,10
E5600841,PS32,911,1248,4,10
E5600841,PS51,911,1248,11,10
E5600841,PS52,911,1248,8,10
E5600841,PS71,911,1248,0,00
E5600841,PS72,911,1248,0,00
E5600896,P004,922,1230,0,00
E5600896,P004,923,1230,0,00
E5600896,P004,936,1230,0,00
E5600896,P005,922,1230,0,00
E5600896,P005,923,1230,0,00
E5600896,P005,936,1230,0,00
E5600896,P007,922,1230,0,10
E5600896,P007,923,1230,73,11
E5600896,P007,936,1230,5,10
E5600896,P008,922,1230,0,10
E5600896,P008,923,1230,63,10
E5600896,P008,936,1230,2,10
E4900333,P001,911,1248,9,10
E4900333,P002,911,1248,0,00
E4900333,P003,911,1248,0,32
E4900333,P103,911,1248,0,32
E4900333,P021,911,1248,6,10
E4900333,P105,911,1248,9,10
E5400878,P001,923,1230,21,10
E5400878,P001,936,1230,15,10
E5400878,P002,923,1230,19,10
E5400878,P002,936,1230,15,10
E5400878,P003,923,1230,17,10
E5400878,P003,936,1230,15,10
E5400878,P010,923,1230,18,10
E5400878,P010,936,1230,13,10
S2300438,P001,922,1245,1,10
S2300438,P001,923,1245,38,10
S2300438,P001,936,1245,7,10
S2300438,P001,911,1254,5,10
E5601197,P002,911,1254,3,10
E5601197,P003,911,1254,3,10
E5600850,PC01,923,1245,0,00
E5600850,PC01,924,1245,0,00
E5600850,PC01,936,1245,0,00
E5600850,PC01,926,1245,0,00
E5600332,P001,911,1254,0,00
E5600332,P002,911,1254,0,00
E5600332,P003,911,1254,0,00
E5600850,PC01,911,1254,0,00
E5600869,P001,911,1254,4,10
E5600869,P001,922,1245,138,10
E5600869,P001,923,1245,128,10
E5600869,P001,936,1245,7,10
E5600869,P001,222,1200,136,10
E5600869,P001,223,1200,127,10
E5600869,P001,236,1200,7,10
E5600869,P001,248,1200,56013,10
E5600869,P001,259,1200,109,10
E5600896,P004,911,1242,0,00
E5600896,P005,911,1242,0,00
E5600896,P007,911,1242,5,10
E5600896,P008,911,1242,7,10
E5400878,P010,911,1242,1,10
E5600789,P001,911,1254,0,00
E5600056,P004,911,1300,0,00
E5600056,P006,911,1300,3,10
E5600056,P007,911,1300,0,00
E5600056,P008,911,1300,6,10
E5600056,P009,911,1300,1,10
E5600056,P016,911,1300,5,10
E5600056,P017,911,1300,2,10
E5600056,P018,911,1300,3,10
E5600056,P021,911,1300,3,10
E5600056,P022,911,1300,3,10
E5600056,P023,911,1300,1,10
E5600056,P024,911,1300,4,10
E5600056,P004,922,1300,0,00
E5600056,P004,923,1300,0,00
E5600056,P004,924,1300,0,00
E5600056,P004,936,1300,0,00
E5600056,P006,922,1300,24,10
E5600056,P006,923,1300,59,10
E5600056,P006,924,1300,1,10
E5600056,P006,936,1300,5,10
E5600056,P007,922,1300,0,00
E5600056,P007,923,1300,0,00
E5600056,P007,924,1300,0,00
E5600056,P007,936,1300,0,00
E5600056,P008,922,1300,49,10
E5600056,P008,923,1300,65,10
E5600056,P008,924,1300,22,10
E5600056,P008,936,1300,5,10
E5600056,P016,922,1300,0,10
E5600056,P016,923,1300,39,10
E5600056,P016,936,1300,12,10
E5600056,P017,922,1300,2,10
E5600056,P017,923,1300,22,10
E5600056,P017,924,1300,0,10
E5600056,P017,936,1300,3,10
E5600056,P018,922,1300,0,10
E5600056,P018,923,1300,14,10
E5600056,P018,936,1300,4,10
E5600056,P021,922,1300,0,10
E5600056,P021,923,1300,48,10
E5600056,P021,936,1300,4,10
E5600056,P024,922,1300,3,10
E5600056,P024,923,1300,27,10
E5600056,P024,924,1300,2,10
E5600056,P024,936,1300,6,10
E5600056,P034,923,1300,58,10
E5600056,P034,936,1300,1,10
E5600056,P004,222,1300,0,00
E5600056,P004,223,1300,0,00
E5600056,P004,224,1300,0,00
E5600056,P004,236,1300,0,00
E5600056,P004,248,1300,0,00
E5600056,P004,259,1300,0,00
E5600056,P006,222,1300,24,10
E5600056,P006,223,1300,58,10
E5600056,P006,224,1300,1,10
E5600056,P006,236,1300,5,10
E5002890,P001,911,1254,5,10
E5002890,P002,911,1254,5,10
E5002890,P003,911,1254,0,00
E5002890,P001,922,1245,0,10
E5002890,P002,922,1245,0,10
E5002890,P003,922,1245,0,00
E5002890,P001,923,1245,130,10
E5002890,P002,923,1245,118,10
E5002890,P003,923,1245,0,00
E5002890,P001,924,1245,7,10
E5002890,P002,924,1245,9,10
E5002890,P003,924,1245,0,00
E5002890,P001,926,1245,13,10
E5002890,P002,926,1245,4,10
E5002890,P003,926,1245,0,00
E5002890,P001,936,1245,13,10
E5002890,P002,936,1245,13,10
E5002890,P003,936,1245,0,00
E5002890,P001,222,1200,0,10
E5002890,P002,222,1200,0,10
E5002890,P003,222,1200,0,00
E5002890,P001,223,1200,130,10
E5002890,P002,223,1200,128,10
E5002890,P003,223,1200,0,00
E5002890,P001,224,1200,23,10
E5002890,P002,224,1200,43,10
E5002890,P003,224,1200,0,00
E5002890,P001,226,1200,15,10
E5002890,P002,226,1200,8,10
E5002890,P003,226,1200,0,00
E5002890,P001,236,1200,14,10
E5002890,P002,236,1200,14,10
E5002890,P003,236,1200,0,00
E5002890,P001,248,1200,49281,10
E5002890,P002,248,1200,50105,10
E5002890,P003,248,1200,0,00
E5002890,P001,259,1200,169,10
E5002890,P002,259,1200,159,10
E5002890,P003,259,1200,0,00
S1900685,P002,911,1254,12,10
S1900685,P421,911,1254,14,10
S1900685,P421,922,1245,13,10
S1900685,P421,923,1245,76,10
S1900685,P421,936,1245,6,10
S1900685,P421,222,1200,13,10
S1900685,P421,223,1200,75,10
S1900685,P421,236,1200,6,10
S1900685,P421,248,1200,306694,10
S1900685,P421,259,1200,52,10
S1900685,P411,911,1254,4,10
S1900685,P411,222,1200,18,10
S1900685,P411,922,1245,17,10
S1900685,P411,223,1200,66,10
S1900685,P411,923,1245,66,10
S1900685,P411,236,1200,12,10
S1900685,P411,936,1245,12,10
S1900685,P411,248,1200,20531,10
S1900685,P411,259,1200,132,10
S2100223,P015,911,1300,0,10
S2300429,P701,922,1245,0,00
S2300429,P701,923,1245,0,00
S2300429,P701,936,1245,0,00
S2300429,PF01,922,1245,21,10
S2300429,PF01,923,1245,23,10
S2300429,PF01,936,1245,6,10
S1901066,P004,922,1245,232,10
S1901066,P004,923,1245,181,10
S1901066,P004,924,1245,1,10
S1901066,P004,936,1245,4,10
S1901066,P004,937,1245,11,10
S2300429,P701,911,1254,0,00
S2300429,PF01,911,1254,9,10
S1901066,P004,911,1254,6,10
S1900710,P015,911,1300,0,00
S1900710,P050,911,1300,6,10
S1900710,P056,911,1300,4,10
S1900710,P060,911,1300,3,10
S1900710,P070,911,1300,6,10
S1900710,P015,923,1300,0,00
S1900710,P015,936,1300,0,00
S1900710,P015,922,1300,0,00
S1900710,P050,923,1300,114,10
S1900710,P050,936,1300,6,10
S1900710,P050,922,1300,70,10
S1900710,P056,923,1300,35,10
S1900710,P056,936,1300,4,10
S1900710,P056,922,1300,25,10
S1900710,P060,923,1300,24,10
S1900710,P060,936,1300,5,10
S1900710,P060,922,1300,26,10
S1900710,P070,923,1300,20,10
S1900710,P070,936,1300,8,10
S1900710,P070,922,1300,16,10
S1900710,P015,248,1300,0,00
S1900710,P015,223,1300,0,00
S1900710,P015,236,1300,0,00
S1900710,P015,222,1300,0,00
S1900710,P015,259,1300,0,00
S1900710,P050,248,1300,92304,10
S1900710,P050,223,1300,114,10
S1900710,P050,236,1300,6,10
S1900710,P050,222,1300,70,10
S1900710,P050,259,1300,149,10
S1900710,P056,248,1300,182160,10
S1900710,P056,223,1300,35,10
S1900710,P056,236,1300,4,10
S1900710,P056,222,1300,24,10
S1900710,P056,259,1300,127,10
S1900710,P060,248,1300,181728,10
S1900710,P060,223,1300,23,10
S1900710,P060,236,1300,5,10
S1900710,P060,222,1300,26,10
S1900710,P060,259,1300,123,10
S1900710,P070,248,1300,168192,10
S1900710,P070,223,1300,20,10
S1900710,P070,236,1300,8,10
S1900710,P070,222,1300,16,10
S1900710,P070,259,1300,86,10
S2202553,P001,911,1254,1,10
S2202553,P002,911,1254,1,10
S2202553,P003,911,1254,1,10
S2202553,P001,922,1245,9,10
S2202553,P002,922,1245,13,10
S2202553,P003,922,1245,44,11
S2202553,P001,923,1245,83,10
S2202553,P002,923,1245,87,10
S2202553,P003,923,1245,88,10
S2202553,P001,924,1245,4,10
S2202553,P002,924,1245,1,10
S2202553,P003,924,1245,3,10
S2202553,P001,926,1245,19,10
S2202553,P002,926,1245,23,10
S2202553,P003,926,1245,30,11
S2202553,P001,936,1245,10,10
S2202553,P002,936,1245,10,10
S2202553,P003,936,1245,8,10
S2202553,P001,222,1200,8,10
S2202553,P002,222,1200,11,10
S2202553,P003,222,1200,20,10
S2202553,P001,223,1200,82,10
S2202553,P002,223,1200,88,10
S2202553,P003,223,1200,87,10
S2202553,P001,224,1200,4,10
S2202553,P002,224,1200,1,10
S2202553,P003,224,1200,3,10
S2202553,P001,226,1200,20,10
S2202553,P002,226,1200,21,10
S2202553,P003,226,1200,26,10
S2202553,P001,236,1200,10,10
S2202553,P002,236,1200,10,10
S2202553,P003,236,1200,8,10
S2202553,P001,248,1200,114631,10
S2202553,P002,248,1200,118105,10
S2202553,P003,248,1200,115536,10
S2202553,P001,259,1200,142,10
S2202553,P002,259,1200,137,10
S2202553,P003,259,1200,149,10
S2201109,P711,923,1245,19,10
S2201109,P711,936,1245,6,10
S2201109,P711,922,1245,5,10
S2201109,P731,923,1245,53,10
S2201109,P731,936,1245,7,10
S2201109,P731,922,1245,15,10
S2201109,P741,923,1245,56,10
S2201109,P741,936,1245,5,10
S2201109,P741,922,1245,26,10
S2201109,P751,923,1245,54,10
S2201109,P751,936,1245,6,10
S2201109,P751,922,1245,12,10
S2201109,P711,911,1254,15,10
S2201109,P731,911,1254,18,10
S2201109,P741,911,1254,13,10
S2201109,P751,911,1254,13,10
E4900744,P001,911,1300,0,00
E4900744,P002,911,1300,0,00
E4900744,P023,911,1300,0,00
E4900333,P001,911,1254,9,10
E4900333,P002,911,1254,0,00
E4900333,P003,911,1254,0,32
E4900333,P103,911,1254,0,32
E4900333,P021,911,1254,6,10
E4900333,P105,911,1254,9,10
E4900333,P001,922,1245,1,10
E4900333,P002,922,1245,0,00
E4900333,P003,922,1245,0,32
E4900333,P103,922,1245,0,32
E4900333,P021,922,1245,0,10
E4900333,P105,922,1245,46,10
E4900333,P001,923,1245,78,10
E4900333,P002,923,1245,0,00
E4900333,P003,923,1245,0,32
E4900333,P103,923,1245,0,32
E4900333,P021,923,1245,31,10
E4900333,P105,923,1245,69,10
E4900333,P001,936,1245,13,10
E4900333,P002,936,1245,0,00
E4900333,P003,936,1245,0,32
E4900333,P103,936,1245,0,32
E4900333,P021,936,1245,8,10
E4900333,P105,936,1245,10,10
E4900333,P001,259,1200,90,10
E4900333,P002,259,1200,0,00
E4900333,P003,259,1200,0,32
E4900333,P103,259,1200,0,32
E4900333,P021,259,1200,127,10
E4900333,P105,259,1200,170,10
E4900333,P001,222,1200,1,10
E4900333,P002,222,1200,0,00
E4900333,P003,222,1200,0,32
E4900333,P103,222,1200,0,32
E4900333,P021,222,1200,0,10
E4900333,P105,222,1200,46,10
E4900333,P001,223,1200,76,10
E4900333,P002,223,1200,0,00
E4900333,P003,223,1200,0,32
E4900333,P103,223,1200,0,32
E4900333,P021,223,1200,29,10
E4900333,P105,223,1200,69,10
E4900333,P001,236,1200,13,10
E4900333,P002,236,1200,0,00
E4900333,P003,236,1200,0,32
E4900333,P103,236,1200,0,32
E4900333,P021,236,1200,8,10
E4900333,P105,236,1200,10,10
E4900333,P001,248,1200,39118,10
E4900333,P002,248,1200,0,00
E4900333,P003,248,1200,0,32
E4900333,P103,248,1200,0,32
E4900333,P021,248,1200,98065,10
E4900333,P105,248,1200,171445,10
S2300438,P001,911,1300,5,10
E5601197,P002,911,1300,3,10
E5601197,P003,911,1300,3,10
E5600332,P001,911,1300,0,00
E5600332,P002,911,1300,0,00
E5600332,P003,911,1300,0,00
E5600850,PC01,911,1300,0,00
E5600869,P001,911,1300,4,10
S2202553,P001,911,1300,1,10
S2202553,P002,911,1300,1,10
S2202553,P003,911,1300,1,10
E5600841,P001,248,1200,199755,10
E5600841,P001,923,1245,14,10
E5600841,P001,223,1200,17,10
E5600841,P001,936,1245,4,10
E5600841,P001,236,1200,4,10
E5600841,P001,911,1254,5,10
E5600841,P001,922,1245,24,10
E5600841,P001,222,1200,24,10
E5600841,P001,259,1200,171,10
E5600841,P002,248,1200,221388,10
E5600841,P002,923,1245,18,10
E5600841,P002,223,1200,23,10
E5600841,P002,936,1245,4,10
E5600841,P002,236,1200,4,10
E5600841,P002,911,1254,5,10
E5600841,P002,922,1245,17,10
E5600841,P002,222,1200,18,10
E5600841,P002,259,1200,169,10
E5600841,P003,248,1200,186825,10
E5600841,P003,923,1245,11,10
E5600841,P003,223,1200,13,10
E5600841,P003,936,1245,5,10
E5600841,P003,236,1200,5,10
E5600841,P003,911,1254,9,10
E5600841,P003,922,1245,21,10
E5600841,P003,222,1200,22,10
E5600841,P003,259,1200,168,10
E5600841,P004,248,1200,183817,10
E5600841,P004,923,1245,19,10
E5600841,P004,223,1200,19,10
E5600841,P004,936,1245,4,10
E5600841,P004,236,1200,4,10
E5600841,P004,911,1254,6,10
E5600841,P004,922,1245,19,10
E5600841,P004,222,1200,19,10
E5600841,P004,259,1200,187,10
E5600841,P005,248,1200,194288,10
E5600841,P005,923,1245,14,10
E5600841,P005,223,1200,14,10
E5600841,P005,936,1245,4,10
E5600841,P005,236,1200,4,10
E5600841,P005,911,1254,8,10
E5600841,P005,922,1245,18,10
E5600841,P005,222,1200,18,10
E5600841,P005,259,1200,195,10
E5600841,P006,248,1200,0,31
E5600841,P006,923,1245,0,31
E5600841,P006,223,1200,0,31
E5600841,P006,936,1245,0,31
E5600841,P006,236,1200,0,31
E5600841,P006,911,1254,0,31
E5600841,P006,922,1245,0,31
E5600841,P006,222,1200,0,31
E5600841,P006,259,1200,0,31
E5600841,P007,248,1200,0,31
E5600841,P007,923,1245,0,31
E5600841,P007,223,1200,0,31
E5600841,P007,936,1245,0,31
E5600841,P007,236,1200,0,31
E5600841,P007,911,1254,0,31
E5600841,P007,922,1245,0,31
E5600841,P007,222,1200,0,31
E5600841,P007,259,1200,0,31
E5600841,P008,248,1200,0,31
E5600841,P008,923,1245,0,31
E5600841,P008,223,1200,0,31
E5600841,P008,936,1245,0,31
E5600841,P008,236,1200,0,31
E5600841,P008,911,1254,0,31
E5600841,P008,922,1245,0,31
E5600841,P008,222,1200,0,31
E5600841,P008,259,1200,0,31
E5600841,P009,248,1200,329425,10
E5600841,P009,923,1245,10,10
E5600841,P009,223,1200,11,10
E5600841,P009,936,1245,5,10
E5600841,P009,236,1200,5,10
E5600841,P009,911,1254,9,10
E5600841,P009,922,1245,24,10
E5600841,P009,222,1200,23,10
E5600841,P009,259,1200,127,10
E5600841,P010,248,1200,411519,10
E5600841,P010,923,1245,11,10
E5600841,P010,223,1200,15,10
E5600841,P010,936,1245,4,10
E5600841,P010,236,1200,5,10
E5600841,P010,911,1254,7,10
E5600841,P010,922,1245,20,10
E5600841,P010,222,1200,20,10
E5600841,P010,259,1200,111,10
E5600841,PC23,248,1200,32254,10
E5600841,PC23,923,1245,54,10
E5600841,PC23,223,1200,59,10
E5600841,PC23,936,1245,8,10
E5600841,PC23,236,1200,8,10
E5600841,PC23,911,1254,9,10
E5600841,PC23,922,1245,30,10
E5600841,PC23,222,1200,31,10
E5600841,PC23,259,1200,157,10
E5600841,PC83,248,1200,206794,10
E5600841,PC83,923,1245,49,10
E5600841,PC83,223,1200,50,10
E5600841,PC83,936,1245,6,10
E5600841,PC83,236,1200,6,10
E5600841,PC83,911,1254,14,10
E5600841,PC83,922,1245,24,10
E5600841,PC83,222,1200,24,10
E5600841,PC83,259,1200,170,10
E5600841,PPB1,248,1200,238431,10
E5600841,PPB1,923,1245,9,10
E5600841,PPB1,223,1200,11,10
E5600841,PPB1,936,1245,7,10
E5600841,PPB1,236,1200,8,10
E5600841,PPB1,911,1254,8,10
E5600841,PPB1,922,1245,26,10
E5600841,PPB1,222,1200,28,10
E5600841,PPB1,259,1200,146,10
E5600841,PPC1,248,1200,645626,10
E5600841,PPC1,923,1245,24,10
E5600841,PPC1,223,1200,24,10
E5600841,PPC1,936,1245,3,10
E5600841,PPC1,236,1200,3,10
E5600841,PPC1,911,1254,5,10
E5600841,PPC1,922,1245,22,10
E5600841,PPC1,222,1200,23,10
E5600841,PPC1,259,1200,132,10
E5600841,PR54,248,1200,37515,10
E5600841,PR54,923,1245,87,10
E5600841,PR54,223,1200,74,10
E5600841,PR54,936,1245,7,10
E5600841,PR54,236,1200,6,10
E5600841,PR54,911,1254,3,10
E5600841,PR54,922,1245,34,10
E5600841,PR54,222,1200,36,10
E5600841,PR54,259,1200,214,10
E5600841,PR61,248,1200,145288,10
E5600841,PR61,923,1245,56,10
E5600841,PR61,223,1200,65,10
E5600841,PR61,936,1245,3,10
E5600841,PR61,236,1200,3,10
E5600841,PR61,911,1254,7,10
E5600841,PR61,922,1245,45,10
E5600841,PR61,222,1200,48,10
E5600841,PR61,259,1200,326,10
E5600841,PR62,248,1200,87344,10
E5600841,PR62,923,1245,47,10
E5600841,PR62,223,1200,50,10
E5600841,PR62,936,1245,5,10
E5600841,PR62,236,1200,4,10
E5600841,PR62,911,1254,4,10
E5600841,PR62,922,1245,18,10
E5600841,PR62,222,1200,20,10
E5600841,PR62,259,1200,316,10
E5600841,PS11,248,1200,831987,10
E5600841,PS11,923,1245,36,10
E5600841,PS11,223,1200,36,10
E5600841,PS11,936,1245,11,10
E5600841,PS11,236,1200,11,10
E5600841,PS11,911,1254,10,10
E5600841,PS11,922,1245,64,10
E5600841,PS11,222,1200,63,10
E5600841,PS11,259,1200,170,10
E5600841,PS12,911,1254,8,10
E5600841,PS31,248,1200,761059,10
E5600841,PS31,923,1245,113,10
E5600841,PS31,223,1200,110,10
E5600841,PS31,936,1245,12,10
E5600841,PS31,236,1200,12,10
E5600841,PS31,911,1254,7,10
E5600841,PS31,922,1245,90,10
E5600841,PS31,222,1200,90,10
E5600841,PS31,259,1200,131,10
E5600841,PS32,911,1254,4,10
E5600841,PS51,248,1200,875953,10
E5600841,PS51,923,1245,42,10
E5600841,PS51,223,1200,42,10
E5600841,PS51,936,1245,12,10
E5600841,PS51,236,1200,12,10
E5600841,PS51,911,1254,11,10
E5600841,PS51,922,1245,18,10
E5600841,PS51,222,1200,18,10
E5600841,PS51,259,1200,135,10
E5600841,PS52,911,1254,8,10
E5600841,PS71,248,1200,0,00
E5600841,PS71,923,1245,0,00
E5600841,PS71,223,1200,0,00
E5600841,PS71,936,1245,0,00
E5600841,PS71,236,1200,0,00
E5600841,PS71,911,1254,0,00
E5600841,PS71,922,1245,0,00
E5600841,PS71,222,1200,0,00
E5600841,PS71,259,1200,0,00
E5600841,PS72,911,1254,0,00
E5600896,P004,911,1248,0,00
E5600896,P005,911,1248,0,00
E5600896,P007,911,1248,5,10
E5600896,P008,911,1248,7,10
E5400878,P010,911,1248,1,10
E5600789,P001,911,1300,0,00
E5600056,P004,911,1306,0,00
E5600056,P006,911,1306,3,10
E5600056,P007,911,1306,0,00
E5600056,P008,911,1306,6,10
E5600056,P009,911,1306,2,10
E5600056,P016,911,1306,5,10
E5600056,P017,911,1306,2,10
E5600056,P018,911,1306,3,10
E5600056,P021,911,1306,3,10
E5600056,P022,911,1306,3,10
E5600056,P023,911,1306,1,10
E5600056,P024,911,1306,3,10
E5002890,P001,911,1300,5,10
E5002890,P002,911,1300,5,10
E5002890,P003,911,1300,0,00
S1900685,P002,911,1300,12,10
S1900685,P421,911,1300,12,10
S1900685,P411,911,1300,4,10
S2100223,P015,911,1306,0,10
S1901066,P004,911,1300,6,10
S1900710,P015,911,1306,0,00
S1900710,P050,911,1306,6,10
S1900710,P056,911,1306,4,10
S1900710,P060,911,1306,3,10
S1900710,P070,911,1306,6,10
E4900744,P001,911,1306,0,00
E4900744,P002,911,1306,0,00
E4900744,P023,911,1306,0,00
E5600841,P001,911,1300,5,10
E5600841,P002,911,1300,6,10
E5600841,P003,911,1300,9,10
E5600841,P004,911,1300,6,10
E5600841,P005,911,1300,8,10
E5600841,P006,911,1300,0,31
E5600841,P007,911,1300,0,31
E5600841,P008,911,1300,0,31
E5600841,P009,911,1300,9,10
E5600841,P010,911,1300,7,10
E5600841,PC23,911,1300,9,10
E5600841,PC83,911,1300,14,10
E5600841,PPB1,911,1300,8,10
E5600841,PPC1,911,1300,5,10
E5600841,PR54,911,1300,3,10
E5600841,PR61,911,1300,7,10
E5600841,PR62,911,1300,4,10
E5600841,PS11,911,1300,10,10
E5600841,PS12,911,1300,9,10
E5600841,PS31,911,1300,7,10
E5600841,PS32,911,1300,4,10
E5600841,PS51,911,1300,11,10
E5600841,PS52,911,1300,8,10
E5600841,PS71,911,1300,0,00
E5600841,PS72,911,1300,0,00
E4900333,P001,911,1300,9,10
E4900333,P002,911,1300,0,00
E4900333,P003,911,1300,0,32
E4900333,P103,911,1300,0,32
E4900333,P021,911,1300,6,10
E4900333,P105,911,1300,9,10
S2100223,P015,922,1300,0,10
S2100223,P015,923,1300,0,10
S2100223,P015,924,1300,0,10
S2100223,P015,936,1300,0,10
S2300438,P001,911,1306,5,10
E5601197,P002,911,1306,3,10
E5601197,P003,911,1306,3,10
E5600332,P001,911,1306,0,00
E5600332,P002,911,1306,0,00
E5600332,P003,911,1306,0,00
E5600869,P001,911,1306,4,10
S2202553,P001,911,1306,1,10
S2202553,P002,911,1306,1,10
S2202553,P003,911,1306,1,10
E4900744,P001,923,1300,0,00
E4900744,P023,923,1300,0,00
E4900744,P001,936,1300,0,00
E4900744,P023,936,1300,0,00
E5600896,P004,222,1200,0,00
E5600896,P004,223,1200,0,00
E5600896,P004,236,1200,0,00
E5600896,P004,248,1200,0,00
E5600896,P004,259,1200,0,00
E5600896,P005,222,1200,0,00
E5600896,P005,223,1200,0,00
E5600896,P005,236,1200,0,00
E5600896,P005,248,1200,0,00
E5600896,P005,259,1200,0,00
E5600896,P007,222,1200,0,10
E5600896,P007,223,1200,73,11
E5600896,P007,236,1200,5,10
E5600896,P007,248,1200,1474665,10
E5600896,P007,259,1200,159,10
E5600896,P008,222,1200,0,10
E5600896,P008,223,1200,63,10
E5600896,P008,236,1200,2,10
E5600896,P008,248,1200,1891654,10
E5600896,P008,259,1200,134,10
E5600896,P004,922,1245,0,00
E5600896,P004,923,1245,0,00
E5600896,P004,936,1245,0,00
E5600896,P005,922,1245,0,00
E5600896,P005,923,1245,0,00
E5600896,P005,936,1245,0,00
E5600896,P007,922,1245,0,10
E5600896,P007,923,1245,72,11
E5600896,P007,936,1245,5,10
E5600896,P008,922,1245,0,10
E5600896,P008,923,1245,62,10
E5600896,P008,936,1245,2,10
E5600896,P004,911,1254,0,00
E5600896,P005,911,1254,0,00
E5600896,P007,911,1254,5,10
E5600896,P008,911,1254,7,10
E5400878,P001,223,1200,21,10
E5400878,P001,236,1200,15,10
E5400878,P001,248,1200,1720110,10
E5400878,P001,259,1200,117,10
E5400878,P002,223,1200,19,10
E5400878,P002,236,1200,15,10
E5400878,P002,248,1200,1705177,10
E5400878,P002,259,1200,115,10
E5400878,P003,223,1200,17,10
E5400878,P003,236,1200,15,10
E5400878,P003,248,1200,1491514,10
E5400878,P003,259,1200,114,10
E5400878,P010,223,1200,18,10
E5400878,P010,236,1200,13,10
E5400878,P010,248,1200,1398202,10
E5400878,P010,259,1200,99,10
E5400878,P001,923,1245,21,10
E5400878,P001,936,1245,15,10
E5400878,P002,923,1245,19,10
E5400878,P002,936,1245,14,10
E5400878,P003,923,1245,17,10
E5400878,P003,936,1245,15,10
E5400878,P010,923,1245,18,10
E5400878,P010,936,1245,13,10
E5400878,P010,911,1254,1,10
E5600850,PC01,911,1306,0,00
E5600789,P001,911,1306,0,00
E5600056,P004,911,1312,0,00
E5600056,P006,911,1312,3,10
E5600056,P007,911,1312,0,00
E5600056,P008,911,1312,6,10
E5600056,P009,911,1312,2,10
E5600056,P016,911,1312,5,10
E5600056,P017,911,1312,2,10
E5600056,P018,911,1312,3,10
E5600056,P021,911,1312,3,10
E5600056,P022,911,1312,3,10
E5600056,P023,911,1312,1,10
E5600056,P024,911,1312,3,10
E5002890,P001,911,1306,5,10
E5002890,P002,911,1306,6,10
E5002890,P003,911,1306,0,00
S2100223,P015,911,1312,0,10
S2300429,P701,911,1306,0,00
S2300429,PF01,911,1306,9,10
S1901066,P004,911,1306,6,10
S1900710,P015,911,1312,0,00
S1900710,P050,911,1312,6,10
S1900710,P056,911,1312,4,10
S1900710,P060,911,1312,2,10
S1900710,P070,911,1312,6,10
S1900685,P002,911,1306,13,10
S1900685,P421,911,1306,12,10
S1900685,P411,911,1306,4,10
E5600850,PC01,923,1300,0,00
E5600850,PC01,924,1300,0,00
E5600850,PC01,936,1300,0,00
E5600850,PC01,926,1300,0,00
E5600850,PC01,223,1200,0,00
E5600850,PC01,224,1200,0,00
E5600850,PC01,236,1200,0,00
E5600850,PC01,226,1200,0,00
E5600850,PC01,248,1200,0,00
E5600850,PC01,259,1200,0,00
S2300438,P001,922,1300,1,10
S2300438,P001,923,1300,35,10
S2300438,P001,936,1300,7,10
S2300438,P001,222,1200,1,10
S2300438,P001,223,1200,37,10
S2300438,P001,236,1200,7,10
S2300438,P001,248,1200,43673,10
S2300438,P001,259,1200,121,10
S2201109,P711,911,1306,15,10
S2201109,P731,911,1306,19,10
S2201109,P741,911,1306,12,10
S2201109,P751,911,1306,13,10
E5600869,P001,922,1300,133,10
E5600869,P001,923,1300,127,10
E5600869,P001,936,1300,7,10
E4900744,P001,911,1312,0,00
E4900744,P002,911,1312,0,00
E4900744,P023,911,1312,0,00
E5600841,P001,911,1306,5,10
E5600841,P002,911,1306,5,10
E5600841,P003,911,1306,9,10
E5600841,P004,911,1306,6,10
E5600841,P005,911,1306,8,10
E5600841,P006,911,1306,0,31
E5600841,P007,911,1306,0,31
E5600841,P008,911,1306,0,31
E5600841,P009,911,1306,9,10
E5600841,P010,911,1306,7,10
E5600841,PC23,911,1306,9,10
E5600841,PC83,911,1306,15,10
E5600841,PPB1,911,1306,8,10
E5600841,PPC1,911,1306,5,10
E5600841,PR54,911,1306,3,10
E5600841,PR61,911,1306,7,10
E5600841,PR62,911,1306,4,10
E5600841,PS11,911,1306,11,10
E5600841,PS12,911,1306,11,10
E5600841,PS31,911,1306,7,10
E5600841,PS32,911,1306,4,10
E5600841,PS51,911,1306,11,10
E5600841,PS52,911,1306,9,10
E5600841,PS71,911,1306,0,00
E5600841,PS72,911,1306,0,00
S2300429,P701,911,1300,0,00
S2300429,P701,922,1300,0,00
S2300429,P701,923,1300,0,00
S2300429,P701,936,1300,0,00
S2300429,PF01,911,1300,8,10
S2300429,PF01,922,1300,22,10
S2300429,PF01,923,1300,23,10
S2300429,PF01,936,1300,6,10
S2300429,P701,222,1200,0,00
S2300429,P701,223,1200,0,00
S2300429,P701,236,1200,0,00
S2300429,P701,248,1200,0,00
S2300429,P701,259,1200,0,00
S2300429,PF01,222,1200,21,10
S2300429,PF01,223,1200,25,10
S2300429,PF01,236,1200,6,10
S2300429,PF01,248,1200,271817,10
S2300429,PF01,259,1200,58,10
S1901066,P004,922,1300,231,10
S1901066,P004,923,1300,183,10
S1901066,P004,924,1300,1,10
S1901066,P004,936,1300,4,10
S1901066,P004,937,1300,11,10
S1901066,P004,222,1200,232,10
S1901066,P004,223,1200,181,10
S1901066,P004,224,1200,2,10
S1901066,P004,236,1200,4,10
S1901066,P004,237,1200,11,10
S1901066,P004,248,1200,126921,10
S1901066,P004,259,1200,248,10
E4900333,P001,911,1306,9,10
E4900333,P002,911,1306,0,00
E4900333,P003,911,1306,0,32
E4900333,P103,911,1306,0,32
E4900333,P021,911,1306,6,10
E4900333,P105,911,1306,9,10
E5002890,P001,922,1300,0,10
E5002890,P002,922,1300,0,10
E5002890,P003,922,1300,0,00
E5002890,P001,923,1300,128,10
E5002890,P002,923,1300,115,10
E5002890,P003,923,1300,0,00
E5002890,P001,924,1300,6,10
E5002890,P002,924,1300,6,10
E5002890,P003,924,1300,0,00
E5002890,P001,926,1300,14,10
E5002890,P002,926,1300,2,10
E5002890,P003,926,1300,0,00
E5002890,P001,936,1300,13,10
E5002890,P002,936,1300,12,10
E5002890,P003,936,1300,0,00
S1900710,P070,923,1315,20,10
S1900710,P070,936,1315,8,10
S1900710,P070,922,1315,16,10
S1900710,P015,923,1315,0,00
S1900710,P015,936,1315,0,00
S1900710,P015,922,1315,0,00
S1900710,P050,923,1315,114,10
S1900710,P050,936,1315,6,10
S1900710,P050,922,1315,69,10
S1900710,P056,923,1315,35,10
S1900710,P056,936,1315,4,10
S1900710,P056,922,1315,24,10
S1900710,P060,923,1315,25,10
S1900710,P060,936,1315,5,10
S1900710,P060,922,1315,26,10
S1900685,P421,922,1300,12,10
S1900685,P421,923,1300,75,10
S1900685,P421,936,1300,6,10
S1900685,P411,922,1300,17,10
S1900685,P411,923,1300,66,10
S1900685,P411,936,1300,12,10
S2202553,P001,922,1300,9,10
S2202553,P002,922,1300,15,10
S2202553,P003,922,1300,33,10
S2202553,P001,923,1300,97,10
S2202553,P002,923,1300,90,10
S2202553,P003,923,1300,80,10
S2202553,P001,924,1300,4,10
S2202553,P002,924,1300,1,10
S2202553,P003,924,1300,7,10
S2202553,P001,926,1300,20,10
S2202553,P002,926,1300,26,10
S2202553,P003,926,1300,28,10
S2202553,P001,936,1300,10,10
S2202553,P002,936,1300,10,10
S2202553,P003,936,1300,8,10
S2300438,P001,911,1312,5,10
E5601197,P002,911,1312,3,10
E5601197,P003,911,1312,3,10
S1601990,P001,911,1312,3,10
S1601990,P004,911,1312,3,10
S1601990,P049,911,1312,1,10
E4900333,P001,922,1300,1,10
E4900333,P002,922,1300,0,00
E4900333,P003,922,1300,0,32
E4900333,P103,922,1300,0,32
E4900333,P021,922,1300,0,10
E4900333,P105,922,1300,46,10
E4900333,P001,923,1300,76,10
E4900333,P002,923,1300,0,00
E4900333,P003,923,1300,0,32
E4900333,P103,923,1300,0,32
E4900333,P021,923,1300,33,10
E4900333,P105,923,1300,70,10
E4900333,P001,936,1300,13,10
E4900333,P002,936,1300,0,00
E4900333,P003,936,1300,0,32
E4900333,P103,936,1300,0,32
E4900333,P021,936,1300,8,10
E4900333,P105,936,1300,10,10
E5600789,P001,911,1312,0,00
E5600869,P001,911,1312,4,10
S2202553,P001,911,1312,1,10
S2202553,P002,911,1312,1,10
S2202553,P003,911,1312,1,10
E5600841,P001,923,1300,14,10
E5600841,P001,936,1300,4,10
E5600841,P001,922,1300,24,10
E5600841,P002,923,1300,19,10
E5600841,P002,936,1300,4,10
E5600841,P002,922,1300,17,10
E5600841,P003,923,1300,12,10
E5600841,P003,936,1300,5,10
E5600841,P003,922,1300,22,10
E5600841,P004,923,1300,19,10
E5600841,P004,936,1300,4,10
E5600841,P004,922,1300,19,10
E5600841,P005,923,1300,14,10
E5600841,P005,936,1300,3,10
E5600841,P005,922,1300,19,10
E5600841,P006,923,1300,0,31
E5600841,P006,936,1300,0,31
E5600841,P006,922,1300,0,31
E5600841,P007,923,1300,0,31
E5600841,P007,936,1300,0,31
E5600841,P007,922,1300,0,31
E5600841,P008,923,1300,0,31
E5600841,P008,936,1300,0,31
E5600841,P008,922,1300,0,31
E5600841,P009,923,1300,11,10
E5600841,P009,936,1300,5,10
E5600841,P009,922,1300,23,10
E5600841,P010,923,1300,11,10
E5600841,P010,936,1300,5,10
E5600841,P010,922,1300,19,10
E5600841,PC23,923,1300,81,10
E5600841,PC23,936,1300,8,10
E5600841,PC23,922,1300,30,10
E5600841,PC83,923,1300,49,10
E5600841,PC83,936,1300,6,10
E5600841,PC83,922,1300,25,10
E5600841,PPB1,923,1300,8,10
E5600841,PPB1,936,1300,8,10
E5600841,PPB1,922,1300,25,10
E5600841,PPC1,923,1300,24,10
E5600841,PPC1,936,1300,3,10
E5600841,PPC1,922,1300,23,10
E5600841,PR54,923,1300,90,10
E5600841,PR54,936,1300,6,10
E5600841,PR54,922,1300,36,10
E5600841,PR61,923,1300,57,10
E5600841,PR61,936,1300,4,10
E5600841,PR61,922,1300,42,10
E5600841,PR62,923,1300,42,10
E5600841,PR62,936,1300,5,10
E5600841,PR62,922,1300,19,10
E5600841,PS11,923,1300,36,10
E5600841,PS11,936,1300,11,10
E5600841,PS11,922,1300,65,10
E5600841,PS31,923,1300,116,10
E5600841,PS31,936,1300,12,10
E5600841,PS31,922,1300,85,10
E5600841,PS51,923,1300,41,10
E5600841,PS51,936,1300,12,10
E5600841,PS51,922,1300,17,10
E5600841,PS71,923,1300,0,00
E5600841,PS71,936,1300,0,00
E5600841,PS71,922,1300,0,00
E5600896,P004,911,1300,0,00
E5600896,P005,911,1300,0,00
E5600896,P007,911,1300,5,10
E5600896,P008,911,1300,7,10
E5400878,P010,911,1300,1,10
E5600332,P001,911,1312,0,00
E5600332,P002,911,1312,0,00
E5600332,P003,911,1312,0,00
E5600850,PC01,911,1312,0,00
E5002890,P001,911,1312,5,10
E5002890,P002,911,1312,5,10
E5002890,P003,911,1312,0,00
S2100223,P015,911,1318,0,10
S2300429,P701,911,1312,0,00
S2300429,PF01,911,1312,8,10
S1901066,P004,911,1312,6,10
E5600056,P004,922,1315,0,00
E5600056,P004,923,1315,0,00
E5600056,P004,924,1315,0,00
E5600056,P004,936,1315,0,00
E5600056,P006,922,1315,24,10
E5600056,P006,923,1315,63,10
E5600056,P006,924,1315,1,10
E5600056,P006,936,1315,4,10
E5600056,P007,922,1315,0,00
E5600056,P007,923,1315,0,00
E5600056,P007,924,1315,0,00
E5600056,P007,936,1315,0,00
E5600056,P008,922,1315,50,10
E5600056,P008,923,1315,64,10
E5600056,P008,924,1315,43,10
E5600056,P008,936,1315,5,10
E5600056,P016,922,1315,0,10
E5600056,P016,923,1315,40,10
E5600056,P016,936,1315,12,10
E5600056,P017,922,1315,2,10
E5600056,P017,923,1315,22,10
E5600056,P017,924,1315,0,10
E5600056,P017,936,1315,3,10
E5600056,P018,922,1315,0,10
E5600056,P018,923,1315,14,10
E5600056,P018,924,1315,0,10
E5600056,P018,936,1315,3,10
E5600056,P021,922,1315,0,10
E5600056,P021,923,1315,48,10
E5600056,P021,924,1315,0,10
E5600056,P021,936,1315,4,10
E5600056,P024,922,1315,4,10
E5600056,P024,923,1315,28,10
E5600056,P024,924,1315,2,10
E5600056,P024,936,1315,6,10
E5600056,P034,922,1315,5,10
E5600056,P034,923,1315,59,10
E5600056,P034,936,1315,1,10
E5600056,P004,911,1318,0,00
E5600056,P006,911,1318,3,10
E5600056,P007,911,1318,0,00
E5600056,P008,911,1318,6,10
E5600056,P009,911,1318,2,10
E5600056,P016,911,1318,5,10
E5600056,P017,911,1318,2,10
E5600056,P018,911,1318,3,10
E5600056,P021,911,1318,3,10
E5600056,P022,911,1318,3,10
E5600056,P023,911,1318,1,10
E5600056,P024,911,1318,3,10
S1900710,P070,911,1318,6,10
S1900710,P015,911,1318,0,00
S1900710,P050,911,1318,6,10
S1900710,P056,911,1318,4,10
S1900710,P060,911,1318,2,10
S1900685,P002,911,1312,12,10
S1900685,P421,911,1312,12,10
S1900685,P411,911,1312,4,10
E4900744,P001,911,1318,0,00
E4900744,P002,911,1318,0,00
E4900744,P023,911,1318,0,00
E5600841,P001,911,1312,5,10
E5600841,P002,911,1312,5,10
E5600841,P003,911,1312,9,10
E5600841,P004,911,1312,6,10
E5600841,P005,911,1312,8,10
E5600841,P006,911,1312,0,31
E5600841,P007,911,1312,0,31
E5600841,P008,911,1312,0,31
E5600841,P009,911,1312,9,10
E5600841,P010,911,1312,7,10
E5600841,PC23,911,1312,9,10
E5600841,PC83,911,1312,14,10
E5600841,PPB1,911,1312,8,10
E5600841,PPC1,911,1312,5,10
E5600841,PR54,911,1312,3,10
E5600841,PR61,911,1312,7,10
E5600841,PR62,911,1312,4,10
E5600841,PS11,911,1312,10,10
E5600841,PS12,911,1312,9,10
E5600841,PS31,911,1312,7,10
E5600841,PS32,911,1312,4,10
E5600841,PS51,911,1312,11,10
E5600841,PS52,911,1312,9,10
E5600841,PS71,911,1312,0,00
E5600841,PS72,911,1312,0,00
S2201109,P711,911,1200,15,10
S2201109,P731,911,1200,19,10
S2201109,P741,911,1200,12,10
S2201109,P751,911,1200,13,10
S2201109,P711,923,1200,18,10
S2201109,P711,936,1200,5,10
S2201109,P711,922,1200,5,10
S2201109,P731,923,1200,54,10
S2201109,P731,936,1200,7,10
S2201109,P731,922,1200,15,10
S2201109,P741,923,1200,54,10
S2201109,P741,936,1200,5,10
S2201109,P741,922,1200,28,10
S2201109,P751,923,1200,58,10
S2201109,P751,936,1200,6,10
S2201109,P751,922,1200,13,10
S2201109,P711,248,1200,7269,10
S2201109,P711,223,1200,19,10
S2201109,P711,236,1200,6,10
S2201109,P711,222,1200,5,10
S2201109,P711,259,1200,54,10
S2201109,P731,248,1200,4304,10
S2201109,P731,223,1200,54,10
S2201109,P731,236,1200,7,10
S2201109,P731,222,1200,15,10
S2201109,P731,259,1200,53,10
S2201109,P741,248,1200,5493,10
S2201109,P741,223,1200,55,10
S2201109,P741,236,1200,5,10
S2201109,P741,222,1200,27,10
S2201109,P741,259,1200,54,10
S2201109,P751,248,1200,5147,10
S2201109,P751,223,1200,56,10
S2201109,P751,236,1200,6,10
S2201109,P751,222,1200,13,10
S2201109,P751,259,1200,52,10
S2201109,P711,911,1312,15,10
S2201109,P731,911,1312,18,10
S2201109,P741,911,1312,0,31
S2201109,P751,911,1312,13,10
E4900333,P001,911,1312,9,10
E4900333,P002,911,1312,0,00
E4900333,P003,911,1312,0,32
E4900333,P103,911,1312,0,32
E4900333,P021,911,1312,6,10
E4900333,P105,911,1312,9,10
S2300438,P001,911,1318,5,10
E5601197,P002,911,1318,3,10
E5601197,P003,911,1318,3,10
E5600789,P001,911,1318,0,00
E5600056,P004,911,1324,0,00
E5600056,P006,911,1324,3,10
E5600056,P007,911,1324,0,00
E5600056,P008,911,1324,6,10
E5600056,P009,911,1324,2,10
E5600056,P016,911,1324,5,10
E5600056,P017,911,1324,2,10
E5600056,P018,911,1324,3,10
E5600056,P021,911,1324,3,10
E5600056,P022,911,1324,3,10
E5600056,P023,911,1324,1,10
E5600056,P024,911,1324,3,10
E5600869,P001,911,1318,4,10
S2202553,P001,911,1318,1,10
S2202553,P002,911,1318,1,10
S2202553,P003,911,1318,1,10
E5600896,P004,911,1306,0,00
E5600896,P005,911,1306,0,00
E5600896,P007,911,1306,5,10
E5600896,P008,911,1306,7,10
E5400878,P010,911,1306,1,10
E5600332,P001,911,1318,0,00
E5600332,P002,911,1318,0,00
E5600332,P003,911,1318,0,00
E5600850,PC01,911,1318,0,00
E5002890,P001,911,1318,5,10
E5002890,P002,911,1318,5,10
E5002890,P003,911,1318,0,00
S2100223,P015,911,1324,0,10
S2100223,P015,922,1315,0,10
S2100223,P015,923,1315,0,10
S2100223,P015,924,1315,0,10
S2100223,P015,936,1315,0,10
S2201109,P711,911,1318,15,10
S2201109,P731,911,1318,19,10
S2201109,P741,911,1318,0,31
S2201109,P751,911,1318,13,10
S2300429,P701,911,1318,0,00
S2300429,PF01,911,1318,9,10
S1901066,P004,911,1318,6,10
S1900710,P015,911,1324,0,00
S1900710,P050,911,1324,6,10
S1900710,P056,911,1324,4,10
S1900710,P060,911,1324,3,10
S1900710,P070,911,1324,6,10
S1900685,P002,911,1318,12,10
S1900685,P421,911,1318,14,10
S1900685,P411,911,1318,4,10
E4900744,P001,911,1324,0,00
E4900744,P002,911,1324,0,00
E4900744,P023,911,1324,0,00
E4900744,P001,923,1315,0,00
E4900744,P023,923,1315,0,00
E4900744,P001,936,1315,0,00
E4900744,P023,936,1315,0,00
E5600841,P001,911,1318,5,10
E5600841,P002,911,1318,5,10
E5600841,P003,911,1318,9,10
E5600841,P004,911,1318,6,10
E5600841,P005,911,1318,8,10
E5600841,P006,911,1318,0,31
E5600841,P007,911,1318,0,31
E5600841,P008,911,1318,0,31
E5600841,P009,911,1318,9,10
E5600841,P010,911,1318,7,10
E5600841,PC23,911,1318,9,10
E5600841,PC83,911,1318,14,10
E5600841,PPB1,911,1318,8,10
E5600841,PPC1,911,1318,5,10
E5600841,PR54,911,1318,3,10
E5600841,PR61,911,1318,7,10
E5600841,PR62,911,1318,4,10
E5600841,PS11,911,1318,11,10
E5600841,PS12,911,1318,8,10
E5600841,PS31,911,1318,7,10
E5600841,PS32,911,1318,4,10
E5600841,PS51,911,1318,11,10
E5600841,PS52,911,1318,8,10
E5600841,PS71,911,1318,0,00
E5600841,PS72,911,1318,0,00
E5600896,P004,922,1300,0,00
E5600896,P004,923,1300,0,00
E5600896,P004,936,1300,0,00
E5600896,P005,922,1300,0,00
E5600896,P005,923,1300,0,00
E5600896,P005,936,1300,0,00
E5600896,P007,922,1300,0,10
E5600896,P007,923,1300,72,11
E5600896,P007,936,1300,5,10
E5600896,P008,922,1300,0,10
E5600896,P008,923,1300,62,10
E5600896,P008,936,1300,2,10
E5400878,P001,923,1300,21,10
E5400878,P001,936,1300,15,10
E5400878,P002,923,1300,19,10
E5400878,P002,936,1300,14,10
E5400878,P003,923,1300,17,10
E5400878,P003,936,1300,15,10
E5400878,P010,923,1300,18,10
E5400878,P010,936,1300,13,10
E4900333,P001,911,1318,9,10
E4900333,P002,911,1318,0,32
E4900333,P003,911,1318,0,32
E4900333,P103,911,1318,0,32
E4900333,P021,911,1318,6,10
E4900333,P105,911,1318,9,10
S2300438,P001,922,1315,1,10
S2300438,P001,923,1315,40,10
S2300438,P001,936,1315,8,10
E5600332,P001,911,1324,0,00
E5600332,P002,911,1324,0,00
E5600332,P003,911,1324,0,00
S2300438,P001,911,1324,5,10
E5601197,P002,911,1324,3,10
E5601197,P003,911,1324,3,10
E5600789,P001,911,1324,0,00
E5600056,P004,911,1330,0,00
E5600056,P006,911,1330,3,10
E5600056,P007,911,1330,0,00
E5600056,P008,911,1330,6,10
E5600056,P009,911,1330,2,10
E5600056,P016,911,1330,5,10
E5600056,P017,911,1330,2,10
E5600056,P018,911,1330,3,10
E5600056,P021,911,1330,3,10
E5600056,P022,911,1330,3,10
E5600056,P023,911,1330,1,10
E5600056,P024,911,1330,3,10
E5600056,P004,922,1330,0,00
E5600056,P004,923,1330,0,00
E5600056,P004,924,1330,0,00
E5600056,P004,936,1330,0,00
E5600056,P006,922,1330,25,10
E5600056,P006,923,1330,65,10
E5600056,P006,924,1330,1,10
E5600056,P006,936,1330,4,10
E5600056,P007,922,1330,0,00
E5600056,P007,923,1330,0,00
E5600056,P007,924,1330,0,00
E5600056,P007,936,1330,0,00
E5600056,P008,922,1330,51,10
E5600056,P008,923,1330,64,10
E5600056,P008,924,1330,42,10
E5600056,P008,936,1330,5,10
E5600056,P016,922,1330,0,10
E5600056,P016,923,1330,41,10
E5600056,P016,936,1330,12,10
E5600056,P017,922,1330,2,10
E5600056,P017,923,1330,22,10
E5600056,P017,924,1330,0,10
E5600056,P017,936,1330,3,10
E5600056,P018,922,1330,0,10
E5600056,P018,923,1330,14,10
E5600056,P018,936,1330,3,10
E5600056,P021,922,1330,0,10
E5600056,P021,923,1330,47,10
E5600056,P021,936,1330,4,10
E5600056,P024,922,1330,3,10
E5600056,P024,923,1330,28,10
E5600056,P024,924,1330,2,10
E5600056,P024,936,1330,6,10
E5600056,P034,923,1330,59,10
E5600056,P034,936,1330,1,10
E5600869,P001,911,1324,4,10
E5600869,P001,922,1315,131,10
E5600869,P001,923,1315,124,10
E5600869,P001,936,1315,7,10
E5600850,PC01,923,1315,0,00
E5600850,PC01,924,1315,0,00
E5600850,PC01,936,1315,0,00
E5600850,PC01,926,1315,0,00
E5600896,P004,911,1312,0,00
E5600896,P005,911,1312,0,00
E5600896,P007,911,1312,5,10
E5600896,P008,911,1312,7,10
E5400878,P010,911,1312,1,10
E5600850,PC01,911,1324,0,00
E5002890,P001,911,1324,5,10
E5002890,P002,911,1324,5,10
E5002890,P003,911,1324,0,00
E5002890,P001,922,1315,0,10
E5002890,P002,922,1315,0,10
E5002890,P003,922,1315,0,00
E5002890,P001,923,1315,121,10
E5002890,P002,923,1315,119,10
E5002890,P003,923,1315,0,00
E5002890,P001,924,1315,6,10
E5002890,P002,924,1315,9,10
E5002890,P003,924,1315,0,00
E5002890,P001,926,1315,17,10
E5002890,P002,926,1315,4,10
E5002890,P003,926,1315,0,00
E5002890,P001,936,1315,13,10
E5002890,P002,936,1315,13,10
E5002890,P003,936,1315,0,00
S2202553,P001,911,1324,1,10
S2202553,P002,911,1324,1,10
S2202553,P003,911,1324,1,10
S2202553,P001,922,1315,13,10
S2202553,P002,922,1315,15,10
S2202553,P003,922,1315,18,10
S2202553,P001,923,1315,84,10
S2202553,P002,923,1315,101,10
S2202553,P003,923,1315,80,10
S2202553,P001,924,1315,4,10
S2202553,P002,924,1315,3,10
S2202553,P003,924,1315,12,10
S2202553,P001,926,1315,21,10
S2202553,P002,926,1315,22,10
S2202553,P003,926,1315,19,10
S2202553,P001,936,1315,10,10
S2202553,P002,936,1315,11,10
S2202553,P003,936,1315,8,10
S2100223,P015,911,1330,0,10
S2201109,P711,923,1315,20,10
S2201109,P711,936,1315,6,10
S2201109,P711,922,1315,4,10
S2201109,P731,923,1315,51,10
S2201109,P731,936,1315,7,10
S2201109,P731,922,1315,14,10
S2201109,P741,923,1315,58,10
S2201109,P741,936,1315,5,10
S2201109,P741,922,1315,27,10
S2201109,P751,923,1315,52,10
S2201109,P751,936,1315,6,10
S2201109,P751,922,1315,12,10
S2300429,P701,922,1315,0,00
S2300429,P701,923,1315,0,00
S2300429,P701,936,1315,0,00
S2300429,PF01,922,1315,22,10
S2300429,PF01,923,1315,25,10
S2300429,PF01,936,1315,6,10
S1901066,P004,922,1315,231,10
S1901066,P004,923,1315,182,10
S1901066,P004,924,1315,1,10
S1901066,P004,936,1315,4,10
S1901066,P004,937,1315,11,10
S2201109,P711,911,1324,15,10
S2201109,P731,911,1324,18,10
S2201109,P741,911,1324,0,31
S2201109,P751,911,1324,13,10
S2300429,P701,911,1324,0,00
S2300429,PF01,911,1324,9,10
S1901066,P004,911,1324,6,10
S1900710,P015,911,1330,0,00
S1900710,P050,911,1330,6,10
S1900710,P056,911,1330,5,10
S1900710,P060,911,1330,3,10
S1900710,P070,911,1330,6,10
S1900710,P015,923,1330,0,00
S1900710,P015,936,1330,0,00
S1900710,P015,922,1330,0,00
S1900710,P050,923,1330,113,10
S1900710,P050,936,1330,6,10
S1900710,P050,922,1330,69,10
S1900710,P056,923,1330,36,10
S1900710,P056,936,1330,4,10
S1900710,P056,922,1330,25,10
S1900710,P060,923,1330,23,10
S1900710,P060,936,1330,5,10
S1900710,P060,922,1330,26,10
S1900710,P070,923,1330,19,10
S1900710,P070,936,1330,8,10
S1900710,P070,922,1330,16,10
S1900685,P002,911,1324,12,10
S1900685,P421,911,1324,13,10
S1900685,P421,922,1315,13,10
S1900685,P421,923,1315,76,10
S1900685,P421,936,1315,6,10
S1900685,P411,911,1324,4,10
S1900685,P411,922,1315,17,10
S1900685,P411,923,1315,65,10
S1900685,P411,936,1315,12,10
E4900744,P001,911,1330,0,00
E4900744,P002,911,1330,0,00
E4900744,P023,911,1330,0,00
E5600841,P001,923,1315,15,10
E5600841,P001,936,1315,5,10
E5600841,P001,911,1324,5,10
E5600841,P001,922,1315,24,10
E5600841,P002,923,1315,19,10
E5600841,P002,936,1315,4,10
E5600841,P002,911,1324,5,10
E5600841,P002,922,1315,17,10
E5600841,P003,923,1315,11,10
E5600841,P003,936,1315,5,10
E5600841,P003,911,1324,9,10
E5600841,P003,922,1315,21,10
E5600841,P004,923,1315,19,10
E5600841,P004,936,1315,4,10
E5600841,P004,911,1324,6,10
E5600841,P004,922,1315,19,10
E5600841,P005,923,1315,15,10
E5600841,P005,936,1315,4,10
E5600841,P005,911,1324,8,10
E5600841,P005,922,1315,19,10
E5600841,P006,923,1315,0,31
E5600841,P006,936,1315,0,31
E5600841,P006,911,1324,0,31
E5600841,P006,922,1315,0,31
E5600841,P007,923,1315,0,31
E5600841,P007,936,1315,0,31
E5600841,P007,911,1324,0,31
E5600841,P007,922,1315,0,31
E5600841,P008,923,1315,0,31
E5600841,P008,936,1315,0,31
E5600841,P008,911,1324,0,31
E5600841,P008,922,1315,0,31
E5600841,P009,923,1315,10,10
E5600841,P009,936,1315,4,10
E5600841,P009,911,1324,9,10
E5600841,P009,922,1315,24,10
E5600841,P010,923,1315,11,10
E5600841,P010,936,1315,4,10
E5600841,P010,911,1324,7,10
E5600841,P010,922,1315,19,10
E5600841,PC23,923,1315,50,10
E5600841,PC23,936,1315,8,10
E5600841,PC23,911,1324,10,10
E5600841,PC23,922,1315,29,10
E5600841,PC83,923,1315,49,10
E5600841,PC83,936,1315,6,10
E5600841,PC83,911,1324,15,10
E5600841,PC83,922,1315,24,10
E5600841,PPB1,923,1315,8,10
E5600841,PPB1,936,1315,8,10
E5600841,PPB1,911,1324,8,10
E5600841,PPB1,922,1315,25,10
E5600841,PPC1,923,1315,23,10
E5600841,PPC1,936,1315,3,10
E5600841,PPC1,911,1324,5,10
E5600841,PPC1,922,1315,22,10
E5600841,PR54,923,1315,77,10
E5600841,PR54,936,1315,6,10
E5600841,PR54,911,1324,3,10
E5600841,PR54,922,1315,37,10
E5600841,PR61,923,1315,61,10
E5600841,PR61,936,1315,5,10
E5600841,PR61,911,1324,7,10
E5600841,PR61,922,1315,38,10
E5600841,PR62,923,1315,41,10
E5600841,PR62,936,1315,6,10
E5600841,PR62,911,1324,4,10
E5600841,PR62,922,1315,17,10
E5600841,PS11,923,1315,35,10
E5600841,PS11,936,1315,11,10
E5600841,PS11,911,1324,10,10
E5600841,PS11,922,1315,65,10
E5600841,PS12,911,1324,8,10
E5600841,PS31,923,1315,116,10
E5600841,PS31,936,1315,12,10
E5600841,PS31,911,1324,7,10
E5600841,PS31,922,1315,87,10
E5600841,PS32,911,1324,4,10
E5600841,PS51,923,1315,42,10
E5600841,PS51,936,1315,12,10
E5600841,PS51,911,1324,11,10
E5600841,PS51,922,1315,16,10
E5600841,PS52,911,1324,9,10
E5600841,PS71,923,1315,0,00
E5600841,PS71,936,1315,0,00
E5600841,PS71,911,1324,0,00
E5600841,PS71,922,1315,0,00
E5600841,PS72,911,1324,0,00
E4900333,P001,911,1324,9,10
E4900333,P002,911,1324,0,00
E4900333,P003,911,1324,0,32
E4900333,P103,911,1324,0,32
E4900333,P021,911,1324,6,10
E4900333,P105,911,1324,9,10
E4900333,P001,922,1315,1,10
E4900333,P002,922,1315,0,00
E4900333,P003,922,1315,0,32
E4900333,P103,922,1315,0,32
E4900333,P021,922,1315,0,10
E4900333,P105,922,1315,47,10
E4900333,P001,923,1315,77,10
E4900333,P002,923,1315,0,00
E4900333,P003,923,1315,0,32
E4900333,P103,923,1315,0,32
E4900333,P021,923,1315,33,10
E4900333,P105,923,1315,70,10
E4900333,P001,936,1315,13,10
E4900333,P002,936,1315,0,00
E4900333,P003,936,1315,0,32
E4900333,P103,936,1315,0,32
E4900333,P021,936,1315,8,10
E4900333,P105,936,1315,10,10
E5600850,PC01,911,1330,0,00
S2300438,P001,911,1330,5,10
E5601197,P002,911,1330,3,10
E5601197,P003,911,1330,3,10
E5600789,P001,911,1330,0,00
E5600056,P004,911,1336,0,00
E5600056,P006,911,1336,3,10
E5600056,P007,911,1336,0,00
E5600056,P008,911,1336,6,10
E5600056,P009,911,1336,2,10
E5600056,P016,911,1336,5,10
E5600056,P017,911,1336,2,10
E5600056,P018,911,1336,3,10
E5600056,P021,911,1336,2,10
E5600056,P022,911,1336,3,10
E5600056,P023,911,1336,1,10
E5600056,P024,911,1336,3,10
E5600869,P001,911,1330,4,10
E5600896,P004,911,1318,0,00
E5600896,P005,911,1318,0,00
E5600896,P007,911,1318,5,10
E5600896,P008,911,1318,7,10
E5400878,P010,911,1318,1,10
E5002890,P001,911,1330,5,10
E5002890,P002,911,1330,5,10
E5002890,P003,911,1330,0,00
S2202553,P001,911,1330,1,10
S2202553,P002,911,1330,1,10
S2202553,P003,911,1330,1,10
S2100223,P015,911,1336,0,10
S1901066,P004,911,1330,6,10
S1900710,P015,911,1336,0,00
S1900710,P050,911,1336,6,10
S1900710,P056,911,1336,5,10
S1900710,P060,911,1336,3,10
S1900710,P070,911,1336,6,10
S1900685,P002,911,1330,13,10
S1900685,P421,911,1330,12,10
S1900685,P411,911,1330,4,10
E4900744,P001,911,1336,0,00
E4900744,P002,911,1336,0,00
E4900744,P023,911,1336,0,00
E5600841,P001,911,1330,5,10
E5600841,P002,911,1330,5,10
E5600841,P003,911,1330,9,10
E5600841,P004,911,1330,6,10
E5600841,P005,911,1330,8,10
E5600841,P006,911,1330,0,31
E5600841,P007,911,1330,0,31
E5600841,P008,911,1330,0,31
E5600841,P009,911,1330,9,10
E5600841,P010,911,1330,7,10
E5600841,PC23,911,1330,9,10
E5600841,PC83,911,1330,14,10
E5600841,PPB1,911,1330,8,10
E5600841,PPC1,911,1330,5,10
E5600841,PR54,911,1330,3,10
E5600841,PR61,911,1330,7,10
E5600841,PR62,911,1330,4,10
E5600841,PS11,911,1330,10,10
E5600841,PS12,911,1330,9,10
E5600841,PS31,911,1330,7,10
E5600841,PS32,911,1330,4,10
E5600841,PS51,911,1330,11,10
E5600841,PS52,911,1330,9,10
E5600841,PS71,911,1330,0,00
E5600841,PS72,911,1330,0,00
S2100223,P015,922,1330,0,10
S2100223,P015,923,1330,0,10
S2100223,P015,924,1330,0,10
S2100223,P015,936,1330,0,10
E4900333,P001,911,1330,9,10
E4900333,P002,911,1330,0,00
E4900333,P003,911,1330,0,32
E4900333,P103,911,1330,0,32
E4900333,P021,911,1330,6,10
E4900333,P105,911,1330,9,10
E5600850,PC01,911,1336,0,00
S2300438,P001,911,1336,5,10
E5601197,P002,911,1336,3,10
E5601197,P003,911,1336,3,10
S2300429,P701,911,1336,0,00
S2300429,PF01,911,1336,8,10
E5600789,P001,911,1336,0,00
E5600056,P004,911,1342,0,00
E5600056,P006,911,1342,3,10
E5600056,P007,911,1342,0,00
E5600056,P008,911,1342,6,10
E5600056,P009,911,1342,2,10
E5600056,P016,911,1342,5,10
E5600056,P017,911,1342,2,10
E5600056,P018,911,1342,3,10
E5600056,P021,911,1342,2,10
E5600056,P022,911,1342,3,10
E5600056,P023,911,1342,1,10
E5600056,P024,911,1342,3,10
E5600869,P001,911,1336,4,10
S1900685,P002,911,1336,12,10
S1900685,P421,911,1336,12,10
S1900685,P411,911,1336,4,10
E4900744,P001,923,1330,0,00
E4900744,P023,923,1330,0,00
E4900744,P001,936,1330,0,00
E4900744,P023,936,1330,0,00
E5600896,P004,922,1315,0,00
E5600896,P004,923,1315,0,00
E5600896,P004,936,1315,0,00
E5600896,P005,922,1315,0,00
E5600896,P005,923,1315,0,00
E5600896,P005,936,1315,0,00
E5600896,P007,922,1315,0,10
E5600896,P007,923,1315,72,11
E5600896,P007,936,1315,5,10
E5600896,P008,922,1315,0,10
E5600896,P008,923,1315,62,10
E5600896,P008,936,1315,2,10
E5600896,P004,911,1324,0,00
E5600896,P005,911,1324,0,00
E5600896,P007,911,1324,5,10
E5600896,P008,911,1324,7,10
E5400878,P001,923,1315,21,10
E5400878,P001,936,1315,15,10
E5400878,P002,923,1315,19,10
E5400878,P002,936,1315,14,10
E5400878,P003,923,1315,16,10
E5400878,P003,936,1315,15,10
E5400878,P010,923,1315,18,10
E5400878,P010,936,1315,13,10
E5400878,P010,911,1324,1,10
S2300438,P001,922,1330,1,10
S2300438,P001,923,1330,37,10
S2300438,P001,936,1330,8,10
E5002890,P001,911,1336,5,10
E5002890,P002,911,1336,5,10
E5002890,P003,911,1336,0,00
S2202553,P001,911,1336,1,10
S2202553,P002,911,1336,1,10
S2202553,P003,911,1336,1,10
S2100223,P015,911,1342,0,10
S2201109,P711,911,1336,15,10
S2201109,P731,911,1336,19,10
S2201109,P741,911,1336,0,31
S2201109,P751,911,1336,13,10
S1901066,P004,911,1336,6,10
S1900710,P015,911,1342,0,00
S1900710,P050,911,1342,6,10
S1900710,P056,911,1342,4,10
S1900710,P060,911,1342,3,10
S1900710,P070,911,1342,6,10
E5600869,P001,922,1330,125,10
E5600869,P001,923,1330,125,10
E5600869,P001,936,1330,7,10
E4900744,P001,911,1342,0,00
E4900744,P002,911,1342,0,00
E4900744,P023,911,1342,0,00
E5600841,P001,911,1336,5,10
E5600841,P002,911,1336,5,10
E5600841,P003,911,1336,9,10
E5600841,P004,911,1336,6,10
E5600841,P005,911,1336,8,10
E5600841,P006,911,1336,0,31
E5600841,P007,911,1336,0,31
E5600841,P008,911,1336,0,31
E5600841,P009,911,1336,9,10
E5600841,P010,911,1336,7,10
E5600841,PC23,911,1336,9,10
E5600841,PC83,911,1336,14,10
E5600841,PPB1,911,1336,8,10
E5600841,PPC1,911,1336,5,10
E5600841,PR54,911,1336,3,10
E5600841,PR61,911,1336,7,10
E5600841,PR62,911,1336,4,10
E5600841,PS11,911,1336,11,10
E5600841,PS12,911,1336,11,10
E5600841,PS31,911,1336,7,10
E5600841,PS32,911,1336,4,10
E5600841,PS51,911,1336,11,10
E5600841,PS52,911,1336,9,10
E5600841,PS71,911,1336,0,00
E5600841,PS72,911,1336,0,00
S2300429,P701,911,1330,0,00
S2300429,P701,922,1330,0,00
S2300429,P701,923,1330,0,00
S2300429,P701,936,1330,0,00
S2300429,PF01,911,1330,8,10
S2300429,PF01,922,1330,21,10
S2300429,PF01,923,1330,25,10
S2300429,PF01,936,1330,6,10
E5600850,PC01,923,1330,0,00
E5600850,PC01,924,1330,0,00
E5600850,PC01,936,1330,0,00
E5600850,PC01,926,1330,0,00
S1901066,P004,922,1330,231,10
S1901066,P004,923,1330,182,10
S1901066,P004,924,1330,1,10
S1901066,P004,936,1330,4,10
S1901066,P004,937,1330,11,10
E5002890,P001,922,1330,0,10
E5002890,P002,922,1330,0,10
E5002890,P003,922,1330,0,00
E5002890,P001,923,1330,128,10
E5002890,P002,923,1330,124,10
E5002890,P003,923,1330,0,00
E5002890,P001,924,1330,4,10
E5002890,P002,924,1330,6,10
E5002890,P003,924,1330,0,00
E5002890,P001,926,1330,17,10
E5002890,P002,926,1330,4,10
E5002890,P003,926,1330,0,00
E5002890,P001,936,1330,12,10
E5002890,P002,936,1330,12,10
E5002890,P003,936,1330,0,00
S1900710,P070,923,1345,21,10
S1900710,P070,936,1345,8,10
S1900710,P070,922,1345,16,10
S1900710,P015,923,1345,0,00
S1900710,P015,936,1345,0,00
S1900710,P015,922,1345,0,00
S1900710,P050,923,1345,113,10
S1900710,P050,936,1345,6,10
S1900710,P050,922,1345,69,10
S1900710,P056,923,1345,35,10
S1900710,P056,936,1345,4,10
S1900710,P056,922,1345,24,10
S1900710,P060,923,1345,23,10
S1900710,P060,936,1345,5,10
S1900710,P060,922,1345,26,10
S1900685,P421,922,1330,12,10
S1900685,P421,923,1330,72,10
S1900685,P421,936,1330,6,10
S1900685,P411,922,1330,17,10
S1900685,P411,923,1330,64,10
S1900685,P411,936,1330,12,10
E4900333,P001,911,1336,9,10
E4900333,P002,911,1336,0,00
E4900333,P003,911,1336,0,32
E4900333,P103,911,1336,0,32
E4900333,P021,911,1336,6,10
E4900333,P105,911,1336,12,10
S2300438,P001,911,1342,5,10
S2202553,P001,922,1330,21,10
S2202553,P002,922,1330,11,10
S2202553,P003,922,1330,8,10
S2202553,P001,923,1330,79,10
S2202553,P002,923,1330,97,10
S2202553,P003,923,1330,97,10
S2202553,P001,924,1330,9,10
S2202553,P002,924,1330,1,10
S2202553,P003,924,1330,5,10
S2202553,P001,926,1330,27,10
S2202553,P002,926,1330,20,10
S2202553,P003,926,1330,14,10
S2202553,P001,936,1330,10,10
S2202553,P002,936,1330,11,10
S2202553,P003,936,1330,9,10
E5601197,P002,911,1342,3,10
E5601197,P003,911,1342,3,10
S2300429,P701,911,1342,0,00
S2300429,PF01,911,1342,9,10
E5600850,PC01,911,1342,0,00
S1901066,P004,911,1342,6,10
E5600789,P001,911,1342,0,00
E5600869,P001,911,1342,4,10
S1900710,P070,911,1348,6,10
S1900710,P015,911,1348,0,00
S1900710,P050,911,1348,6,10
S1900710,P056,911,1348,4,10
S1900710,P060,911,1348,2,10
S1900685,P002,911,1342,12,10
S1900685,P421,911,1342,15,10
S1900685,P411,911,1342,4,10
E5600841,P001,923,1330,33,10
E5600841,P001,936,1330,5,10
E5600841,P001,922,1330,31,10
E5600841,P002,923,1330,49,10
E5600841,P002,936,1330,4,10
E5600841,P002,922,1330,22,10
E5600841,P003,923,1330,34,10
E5600841,P003,936,1330,5,10
E5600841,P003,922,1330,27,10
E5600841,P004,923,1330,20,10
E5600841,P004,936,1330,4,10
E5600841,P004,922,1330,21,10
E5600841,P005,923,1330,17,10
E5600841,P005,936,1330,4,10
E5600841,P005,922,1330,20,10
E5600841,P006,923,1330,23,10
E5600841,P006,936,1330,5,10
E5600841,P006,922,1330,51,10
E5600841,P007,923,1330,38,10
E5600841,P007,936,1330,6,10
E5600841,P007,922,1330,48,10
E5600841,P008,923,1330,33,10
E5600841,P008,936,1330,9,10
E5600841,P008,922,1330,7,10
E5600841,P009,923,1330,10,10
E5600841,P009,936,1330,5,10
E5600841,P009,922,1330,23,10
E5600841,P010,923,1330,10,10
E5600841,P010,936,1330,5,10
E5600841,P010,922,1330,20,10
E5600841,PC23,923,1330,58,10
E5600841,PC23,936,1330,8,10
E5600841,PC23,922,1330,30,10
E5600841,PC83,923,1330,49,10
E5600841,PC83,936,1330,7,10
E5600841,PC83,922,1330,25,10
E5600841,PPB1,923,1330,8,10
E5600841,PPB1,936,1330,7,10
E5600841,PPB1,922,1330,25,10
E5600841,PPC1,923,1330,22,10
E5600841,PPC1,936,1330,3,10
E5600841,PPC1,922,1330,23,10
E5600841,PR54,923,1330,68,10
E5600841,PR54,936,1330,6,10
E5600841,PR54,922,1330,37,10
E5600841,PR61,923,1330,69,10
E5600841,PR61,936,1330,5,10
E5600841,PR61,922,1330,33,10
E5600841,PR62,923,1330,57,10
E5600841,PR62,936,1330,7,10
E5600841,PR62,922,1330,17,10
E5600841,PS11,923,1330,34,10
E5600841,PS11,936,1330,11,10
E5600841,PS11,922,1330,63,10
E5600841,PS31,923,1330,116,10
E5600841,PS31,936,1330,12,10
E5600841,PS31,922,1330,72,10
E5600841,PS51,923,1330,43,10
E5600841,PS51,936,1330,12,10
E5600841,PS51,922,1330,17,10
E5600841,PS71,923,1330,0,00
E5600841,PS71,936,1330,0,00
E5600841,PS71,922,1330,0,00
E5600332,P001,911,1330,0,00
E5600332,P002,911,1330,0,00
E5600332,P003,911,1330,0,00
E5600896,P004,911,1330,0,00
E5600896,P005,911,1330,0,00
E5600896,P007,911,1330,5,10
E5600896,P008,911,1330,7,10
E5400878,P010,911,1330,2,10
E4900333,P001,922,1330,1,10
E4900333,P002,922,1330,0,00
E4900333,P003,922,1330,0,32
E4900333,P103,922,1330,0,32
E4900333,P021,922,1330,0,10
E4900333,P105,922,1330,61,10
E4900333,P001,923,1330,76,10
E4900333,P002,923,1330,0,00
E4900333,P003,923,1330,0,32
E4900333,P103,923,1330,0,32
E4900333,P021,923,1330,32,10
E4900333,P105,923,1330,67,10
E4900333,P001,936,1330,13,10
E4900333,P002,936,1330,0,00
E4900333,P003,936,1330,0,32
E4900333,P103,936,1330,0,32
E4900333,P021,936,1330,8,10
E4900333,P105,936,1330,9,10
E5600056,P004,922,1345,0,00
E5600056,P004,923,1345,0,00
E5600056,P004,924,1345,0,00
E5600056,P004,936,1345,0,00
E5600056,P006,922,1345,27,10
E5600056,P006,923,1345,62,10
E5600056,P006,924,1345,1,10
E5600056,P006,936,1345,4,10
E5600056,P007,922,1345,0,00
E5600056,P007,923,1345,0,00
E5600056,P007,924,1345,0,00
E5600056,P007,936,1345,0,00
E5600056,P008,922,1345,51,10
E5600056,P008,923,1345,63,10
E5600056,P008,924,1345,46,10
E5600056,P008,936,1345,5,10
E5600056,P016,922,1345,0,10
E5600056,P016,923,1345,39,10
E5600056,P016,936,1345,12,10
E5600056,P017,922,1345,2,10
E5600056,P017,923,1345,22,10
E5600056,P017,924,1345,0,10
E5600056,P017,936,1345,3,10
E5600056,P018,922,1345,0,10
E5600056,P018,923,1345,14,10
E5600056,P018,924,1345,0,10
E5600056,P018,936,1345,3,10
E5600056,P021,922,1345,0,10
E5600056,P021,923,1345,47,10
E5600056,P021,924,1345,0,10
E5600056,P021,936,1345,4,10
E5600056,P024,922,1345,3,10
E5600056,P024,923,1345,27,10
E5600056,P024,924,1345,2,10
E5600056,P024,936,1345,6,10
E5600056,P034,922,1345,5,10
E5600056,P034,923,1345,59,10
E5600056,P034,936,1345,1,10
E5600056,P004,911,1348,0,00
E5600056,P006,911,1348,3,10
E5600056,P007,911,1348,0,00
E5600056,P008,911,1348,6,10
E5600056,P009,911,1348,1,10
E5600056,P016,911,1348,4,10
E5600056,P017,911,1348,2,10
E5600056,P018,911,1348,3,10
E5600056,P021,911,1348,2,10
E5600056,P022,911,1348,3,10
E5600056,P023,911,1348,1,10
E5600056,P024,911,1348,3,10
E5002890,P001,911,1342,5,10
E5002890,P002,911,1342,5,10
E5002890,P003,911,1342,0,00
S2202553,P001,911,1342,1,10
S2202553,P002,911,1342,1,10
S2202553,P003,911,1342,1,10
S2100223,P015,911,1348,0,10
S2201109,P711,911,1330,15,10
S2201109,P731,911,1330,18,10
S2201109,P741,911,1330,0,31
S2201109,P751,911,1330,13,10
S2201109,P711,923,1330,21,10
S2201109,P711,936,1330,6,10
S2201109,P711,922,1330,4,10
S2201109,P731,923,1330,52,10
S2201109,P731,936,1330,7,10
S2201109,P731,922,1330,14,10
S2201109,P741,923,1330,57,10
S2201109,P741,936,1330,5,10
S2201109,P741,922,1330,27,10
S2201109,P751,923,1330,51,10
S2201109,P751,936,1330,6,10
S2201109,P751,922,1330,11,10
S2201109,P711,911,1342,15,10
S2201109,P731,911,1342,18,10
S2201109,P741,911,1342,0,31
S2201109,P751,911,1342,13,10
E4900333,P001,911,1342,9,10
E4900333,P002,911,1342,0,00
E4900333,P003,911,1342,0,32
E4900333,P103,911,1342,0,32
E4900333,P021,911,1342,6,10
E4900333,P105,911,1342,10,10
E4900744,P001,911,1348,0,00
E4900744,P002,911,1348,0,00
E4900744,P023,911,1348,0,00
E5600841,P001,911,1342,5,10
E5600841,P002,911,1342,5,10
E5600841,P003,911,1342,9,10
E5600841,P004,911,1342,6,10
E5600841,P005,911,1342,8,10
E5600841,P006,911,1342,12,10
E5600841,P007,911,1342,0,31
E5600841,P008,911,1342,0,31
E5600841,P009,911,1342,9,10
E5600841,P010,911,1342,7,10
E5600841,PC23,911,1342,9,10
E5600841,PC83,911,1342,14,10
E5600841,PPB1,911,1342,8,10
E5600841,PPC1,911,1342,5,10
E5600841,PR54,911,1342,3,10
E5600841,PR61,911,1342,7,10
E5600841,PR62,911,1342,4,10
E5600841,PS11,911,1342,10,10
E5600841,PS12,911,1342,9,10
E5600841,PS31,911,1342,7,10
E5600841,PS32,911,1342,4,10
E5600841,PS51,911,1342,11,10
E5600841,PS52,911,1342,9,10
E5600841,PS71,911,1342,0,00
E5600841,PS72,911,1342,0,00
S2300438,P001,911,1348,5,10
E5601197,P002,911,1348,3,10
E5601197,P003,911,1348,3,10
S2300429,P701,911,1348,0,00
S2300429,PF01,911,1348,8,10
E5600850,PC01,911,1348,0,00
S1901066,P004,911,1348,6,10
E5600789,P001,911,1348,0,00
E5600869,P001,911,1348,4,10
S1900710,P015,911,1354,0,00
S1900710,P050,911,1354,6,10
S1900710,P056,911,1354,5,10
S1900710,P060,911,1354,2,10
S1900710,P070,911,1354,6,10
S1900685,P002,911,1348,12,10
S1900685,P421,911,1348,13,10
S1900685,P411,911,1348,4,10
E5600896,P004,911,1336,0,00
E5600896,P005,911,1336,0,00
E5600896,P007,911,1336,5,10
E5600896,P008,911,1336,7,10
E5400878,P010,911,1336,1,10
E5600056,P004,911,1354,0,00
E5600056,P006,911,1354,3,10
E5600056,P007,911,1354,0,00
E5600056,P008,911,1354,6,10
E5600056,P009,911,1354,1,10
E5600056,P016,911,1354,5,10
E5600056,P017,911,1354,2,10
E5600056,P018,911,1354,3,10
E5600056,P021,911,1354,3,10
E5600056,P022,911,1354,3,10
E5600056,P023,911,1354,1,10
E5600056,P024,911,1354,3,10
E5002890,P001,911,1348,5,10
E5002890,P002,911,1348,5,10
E5002890,P003,911,1348,0,00
S2202553,P001,911,1348,1,10
S2202553,P002,911,1348,1,10
S2202553,P003,911,1348,1,10
S2100223,P015,911,1354,0,10
S2100223,P015,922,1345,0,10
S2100223,P015,923,1345,0,10
S2100223,P015,924,1345,0,10
S2100223,P015,936,1345,0,10
S2100223,P015,222,1300,0,
S2100223,P015,223,1300,0,
S2100223,P015,224,1300,0,
S2100223,P015,236,1300,0,
S2100223,P015,248,1300,0,
S2100223,P015,259,1300,0,
S2201109,P711,911,1348,15,10
S2201109,P731,911,1348,19,10
S2201109,P741,911,1348,0,31
S2201109,P751,911,1348,13,10
E4900333,P001,911,1348,9,10
E4900333,P002,911,1348,0,00
E4900333,P003,911,1348,0,32
E4900333,P103,911,1348,0,32
E4900333,P021,911,1348,6,10
E4900333,P105,911,1348,9,10
E4900744,P001,911,1354,0,00
E4900744,P002,911,1354,0,00
E4900744,P023,911,1354,0,00
E4900744,P001,923,1345,0,00
E4900744,P023,923,1345,0,00
E4900744,P001,936,1345,0,00
E4900744,P023,936,1345,0,00
E4900744,P001,223,1300,0,00
E4900744,P023,223,1300,0,00
E4900744,P001,236,1300,0,00
E4900744,P023,236,1300,0,00
E4900744,P001,248,1300,0,00
E4900744,P023,248,1300,0,00
E4900744,P001,259,1300,0,00
E4900744,P023,259,1300,0,00
E5600841,P001,911,1348,5,10
E5600841,P002,911,1348,5,10
E5600841,P003,911,1348,9,10
E5600841,P004,911,1348,6,10
E5600841,P005,911,1348,8,10
E5600841,P006,911,1348,12,10
E5600841,P007,911,1348,13,10
E5600841,P008,911,1348,6,10
E5600841,P009,911,1348,9,10
E5600841,P010,911,1348,7,10
E5600841,PC23,911,1348,9,10
E5600841,PC83,911,1348,15,10
E5600841,PPB1,911,1348,8,10
E5600841,PPC1,911,1348,5,10
E5600841,PR54,911,1348,3,10
E5600841,PR61,911,1348,7,10
E5600841,PR62,911,1348,4,10
E5600841,PS11,911,1348,11,10
E5600841,PS12,911,1348,8,10
E5600841,PS31,911,1348,7,10
E5600841,PS32,911,1348,4,10
E5600841,PS51,911,1348,11,10
E5600841,PS52,911,1348,9,10
E5600841,PS71,911,1348,0,00
E5600841,PS72,911,1348,0,00
E5600896,P004,922,1330,0,00
E5600896,P004,923,1330,0,00
E5600896,P004,936,1330,0,00
E5600896,P005,922,1330,0,00
E5600896,P005,923,1330,0,00
E5600896,P005,936,1330,0,00
E5600896,P007,922,1330,0,10
E5600896,P007,923,1330,72,11
E5600896,P007,936,1330,5,10
E5600896,P008,922,1330,0,10
E5600896,P008,923,1330,62,10
E5600896,P008,936,1330,2,10
E5400878,P001,923,1330,21,10
E5400878,P001,936,1330,15,10
E5400878,P002,923,1330,19,10
E5400878,P002,936,1330,14,10
E5400878,P003,923,1330,16,10
E5400878,P003,936,1330,15,10
E5400878,P010,923,1330,18,10
E5400878,P010,936,1330,13,10
S2300438,P001,922,1345,1,10
S2300438,P001,923,1345,34,10
S2300438,P001,936,1345,7,10
S2300438,P001,911,1354,5,10
E5601197,P002,911,1354,3,10
E5601197,P003,911,1354,3,10
S2300429,P701,922,1345,0,00
S2300429,P701,923,1345,0,00
S2300429,P701,936,1345,0,00
S2300429,PF01,922,1345,23,10
S2300429,PF01,923,1345,24,10
S2300429,PF01,936,1345,6,10
E5600850,PC01,923,1345,0,00
E5600850,PC01,924,1345,0,00
E5600850,PC01,936,1345,0,00
E5600850,PC01,926,1345,0,00
S1901066,P004,922,1345,231,10
S1901066,P004,923,1345,182,10
S1901066,P004,924,1345,1,10
S1901066,P004,936,1345,4,10
S1901066,P004,937,1345,11,10
S2300429,P701,911,1354,0,00
S2300429,PF01,911,1354,9,10
E5600850,PC01,911,1354,0,00
S1901066,P004,911,1354,6,10
E5600789,P001,911,1354,0,00
E5600869,P001,911,1354,4,10
E5600869,P001,922,1345,123,10
E5600869,P001,923,1345,125,10
E5600869,P001,936,1345,7,10
E5600869,P001,222,1300,128,10
E5600869,P001,223,1300,125,10
E5600869,P001,236,1300,7,10
E5600869,P001,248,1300,52578,10
E5600869,P001,259,1300,109,10
S1900710,P015,911,1400,0,00
S1900710,P050,911,1400,6,10
S1900710,P056,911,1400,4,10
S1900710,P060,911,1400,4,10
S1900710,P070,911,1400,6,10
S1900710,P015,923,1400,0,00
S1900710,P015,936,1400,0,00
S1900710,P015,922,1400,0,00
S1900710,P050,923,1400,113,10
S1900710,P050,936,1400,5,10
S1900710,P050,922,1400,69,10
S1900710,P056,923,1400,35,10
S1900710,P056,936,1400,4,10
S1900710,P056,922,1400,25,10
S1900710,P060,923,1400,23,10
S1900710,P060,936,1400,5,10
S1900710,P060,922,1400,26,10
S1900710,P070,923,1400,22,10
S1900710,P070,936,1400,8,10
S1900710,P070,922,1400,16,10
S1900710,P015,248,1400,0,00
S1900710,P015,223,1400,0,00
S1900710,P015,236,1400,0,00
S1900710,P015,222,1400,0,00
S1900710,P015,259,1400,0,00
S1900710,P050,248,1400,94104,10
S1900710,P050,223,1400,113,10
S1900710,P050,236,1400,6,10
S1900710,P050,222,1400,69,10
S1900710,P050,259,1400,149,10
S1900710,P056,248,1400,181836,10
S1900710,P056,223,1400,35,10
S1900710,P056,236,1400,4,10
S1900710,P056,222,1400,24,10
S1900710,P056,259,1400,127,10
S1900710,P060,248,1400,183924,10
S1900710,P060,223,1400,24,10
S1900710,P060,236,1400,5,10
S1900710,P060,222,1400,26,10
S1900710,P060,259,1400,123,10
S1900710,P070,248,1400,174600,10
S1900710,P070,223,1400,21,10
S1900710,P070,236,1400,8,10
S1900710,P070,222,1400,16,10
S1900710,P070,259,1400,85,10
S1900685,P002,911,1354,12,10
S1900685,P421,911,1354,12,10
S1900685,P421,922,1345,12,10
S1900685,P421,923,1345,72,10
S1900685,P421,936,1345,6,10
S1900685,P421,222,1300,12,10
S1900685,P421,223,1300,74,10
S1900685,P421,236,1300,6,10
S1900685,P421,248,1300,308111,10
S1900685,P421,259,1300,52,10
S1900685,P411,911,1354,4,10
S1900685,P411,222,1300,17,10
S1900685,P411,922,1345,17,10
S1900685,P411,223,1300,65,10
S1900685,P411,923,1345,64,10
S1900685,P411,236,1300,12,10
S1900685,P411,936,1345,12,10
S1900685,P411,248,1300,21425,10
S1900685,P411,259,1300,134,10
E5600896,P004,911,1342,0,00
E5600896,P005,911,1342,0,00
E5600896,P007,911,1342,13,10
E5600896,P008,911,1342,7,10
E5400878,P010,911,1342,1,10
E5600056,P004,911,1400,0,00
E5600056,P006,911,1400,3,10
E5600056,P007,911,1400,0,00
E5600056,P008,911,1400,6,10
E5600056,P009,911,1400,1,10
E5600056,P016,911,1400,4,10
E5600056,P017,911,1400,2,10
E5600056,P018,911,1400,3,10
E5600056,P021,911,1400,3,10
E5600056,P022,911,1400,3,10
E5600056,P023,911,1400,1,10
E5600056,P024,911,1400,3,10
E5600056,P004,922,1400,0,00
E5600056,P004,923,1400,0,00
E5600056,P004,924,1400,0,00
E5600056,P004,936,1400,0,00
E5600056,P006,922,1400,24,10
E5600056,P006,923,1400,63,10
E5600056,P006,924,1400,1,10
E5600056,P006,936,1400,4,10
E5600056,P007,922,1400,0,00
E5600056,P007,923,1400,0,00
E5600056,P007,924,1400,0,00
E5600056,P007,936,1400,0,00
E5600056,P008,922,1400,53,10
E5600056,P008,923,1400,65,10
E5600056,P008,924,1400,21,10
E5600056,P008,936,1400,5,10
E5600056,P016,922,1400,0,10
E5600056,P016,923,1400,39,10
E5600056,P016,936,1400,12,10
E5600056,P017,922,1400,2,10
E5600056,P017,923,1400,22,10
E5600056,P017,924,1400,0,10
E5600056,P017,936,1400,3,10
E5600056,P018,922,1400,0,10
E5600056,P018,923,1400,14,10
E5600056,P018,936,1400,3,10
E5600056,P021,922,1400,0,10
E5600056,P021,923,1400,46,10
E5600056,P021,936,1400,4,10
E5600056,P024,922,1400,4,10
E5600056,P024,923,1400,27,10
E5600056,P024,924,1400,2,10
E5600056,P024,936,1400,6,10
E5600056,P034,923,1400,60,10
E5600056,P034,936,1400,1,10
E5600056,P004,222,1400,0,00
E5600056,P004,223,1400,0,00
E5600056,P004,224,1400,0,00
E5600056,P004,236,1400,0,00
E5600056,P004,248,1400,0,00
E5600056,P004,259,1400,0,00
E5600056,P006,222,1400,25,10
E5600056,P006,223,1400,63,10
E5600056,P006,224,1400,1,10
E5600056,P006,236,1400,4,10
E5002890,P001,911,1354,5,10
E5002890,P002,911,1354,5,10
E5002890,P003,911,1354,0,00
E5002890,P001,922,1345,0,10
E5002890,P002,922,1345,0,10
E5002890,P003,922,1345,0,00
E5002890,P001,923,1345,120,10
E5002890,P002,923,1345,128,10
E5002890,P003,923,1345,0,00
E5002890,P001,924,1345,6,10
E5002890,P002,924,1345,6,10
E5002890,P003,924,1345,0,00
E5002890,P001,926,1345,16,10
E5002890,P002,926,1345,5,10
E5002890,P003,926,1345,0,00
E5002890,P001,936,1345,13,10
E5002890,P002,936,1345,12,10
E5002890,P003,936,1345,0,00
E5002890,P001,222,1300,0,10
E5002890,P002,222,1300,0,10
E5002890,P003,222,1300,0,00
E5002890,P001,223,1300,124,10
E5002890,P002,223,1300,121,10
E5002890,P003,223,1300,0,00
E5002890,P001,224,1300,5,10
E5002890,P002,224,1300,6,10
E5002890,P003,224,1300,0,00
E5002890,P001,226,1300,16,10
E5002890,P002,226,1300,4,10
E5002890,P003,226,1300,0,00
E5002890,P001,236,1300,13,10
E5002890,P002,236,1300,12,10
E5002890,P003,236,1300,0,00
E5002890,P001,248,1300,53499,10
E5002890,P002,248,1300,62244,10
E5002890,P003,248,1300,0,00
E5002890,P001,259,1300,165,10
E5002890,P002,259,1300,159,10
E5002890,P003,259,1300,0,00
S2202553,P001,911,1354,1,10
S2202553,P002,911,1354,1,10
S2202553,P003,911,1354,1,10
S2202553,P001,922,1345,25,10
S2202553,P002,922,1345,16,10
S2202553,P003,922,1345,6,10
S2202553,P001,923,1345,90,10
S2202553,P002,923,1345,83,10
S2202553,P003,923,1345,82,10
S2202553,P001,924,1345,4,10
S2202553,P002,924,1345,1,10
S2202553,P003,924,1345,8,10
S2202553,P001,926,1345,31,11
S2202553,P002,926,1345,23,10
S2202553,P003,926,1345,10,10
S2202553,P001,936,1345,10,10
S2202553,P002,936,1345,10,10
S2202553,P003,936,1345,8,10
S2202553,P001,222,1300,17,10
S2202553,P002,222,1300,14,10
S2202553,P003,222,1300,16,10
S2202553,P001,223,1300,88,10
S2202553,P002,223,1300,93,10
S2202553,P003,223,1300,85,10
S2202553,P001,224,1300,5,10
S2202553,P002,224,1300,1,10
S2202553,P003,224,1300,8,10
S2202553,P001,226,1300,25,10
S2202553,P002,226,1300,23,10
S2202553,P003,226,1300,18,10
S2202553,P001,236,1300,10,10
S2202553,P002,236,1300,11,10
S2202553,P003,236,1300,8,10
S2202553,P001,248,1300,112698,10
S2202553,P002,248,1300,107523,10
S2202553,P003,248,1300,117063,10
S2202553,P001,259,1300,142,10
S2202553,P002,259,1300,136,10
S2202553,P003,259,1300,149,10
S2100223,P015,911,1400,0,10
S2201109,P711,923,1345,23,10
S2201109,P711,936,1345,6,10
S2201109,P711,922,1345,5,10
S2201109,P731,923,1345,51,10
S2201109,P731,936,1345,7,10
S2201109,P731,922,1345,13,10
S2201109,P741,923,1345,57,10
S2201109,P741,936,1345,5,10
S2201109,P741,922,1345,26,10
S2201109,P751,923,1345,51,10
S2201109,P751,936,1345,6,10
S2201109,P751,922,1345,12,10
S2201109,P711,911,1354,15,10
S2201109,P731,911,1354,18,10
S2201109,P741,911,1354,0,31
S2201109,P751,911,1354,13,10
E4900333,P001,911,1354,9,10
E4900333,P002,911,1354,0,00
E4900333,P003,911,1354,0,32
E4900333,P103,911,1354,0,32
E4900333,P021,911,1354,6,10
E4900333,P105,911,1354,9,10
E4900333,P001,922,1345,1,10
E4900333,P002,922,1345,0,00
E4900333,P003,922,1345,0,32
E4900333,P103,922,1345,0,32
E4900333,P021,922,1345,0,10
E4900333,P105,922,1345,58,10
E4900333,P001,923,1345,79,10
E4900333,P002,923,1345,0,00
E4900333,P003,923,1345,0,32
E4900333,P103,923,1345,0,32
E4900333,P021,923,1345,32,10
E4900333,P105,923,1345,75,10
E4900333,P001,936,1345,13,10
E4900333,P002,936,1345,0,00
E4900333,P003,936,1345,0,32
E4900333,P103,936,1345,0,32
E4900333,P021,936,1345,8,10
E4900333,P105,936,1345,10,10
E4900333,P001,259,1300,90,10
E4900333,P002,259,1300,0,00
E4900333,P003,259,1300,0,32
E4900333,P103,259,1300,0,32
E4900333,P021,259,1300,126,10
E4900333,P105,259,1300,169,10
E4900333,P001,222,1300,1,10
E4900333,P002,222,1300,0,00
E4900333,P003,222,1300,0,32
E4900333,P103,222,1300,0,32
E4900333,P021,222,1300,0,10
E4900333,P105,222,1300,53,10
E4900333,P001,223,1300,77,10
E4900333,P002,223,1300,0,00
E4900333,P003,223,1300,0,32
E4900333,P103,223,1300,0,32
E4900333,P021,223,1300,33,10
E4900333,P105,223,1300,71,10
E4900333,P001,236,1300,13,10
E4900333,P002,236,1300,0,00
E4900333,P003,236,1300,0,32
E4900333,P103,236,1300,0,32
E4900333,P021,236,1300,8,10
E4900333,P105,236,1300,10,10
E4900333,P001,248,1300,38838,10
E4900333,P002,248,1300,0,00
E4900333,P003,248,1300,0,32
E4900333,P103,248,1300,0,32
E4900333,P021,248,1300,100326,10
E4900333,P105,248,1300,180382,10
E4900744,P001,911,1400,0,00
E4900744,P002,911,1400,0,00
E4900744,P023,911,1400,0,00
S2300438,P001,911,1400,5,10
E5601197,P002,911,1400,3,10
E5601197,P003,911,1400,3,10
E5600896,P004,911,1348,0,00
E5600896,P005,911,1348,0,00
E5600896,P007,911,1348,5,10
E5600896,P008,911,1348,8,10
E5600850,PC01,911,1400,0,00
S1901066,P004,911,1400,6,10
E5600789,P001,911,1400,0,00
E5002890,P001,911,1400,5,10
E5002890,P002,911,1400,5,10
E5002890,P003,911,1400,0,00
E5600869,P001,911,1400,4,10
S1900710,P015,911,1406,0,00
S1900710,P050,911,1406,6,10
S1900710,P056,911,1406,4,10
S1900710,P060,911,1406,2,10
S1900710,P070,911,1406,6,10
S1900685,P002,911,1400,12,10
S1900685,P421,911,1400,12,10
S1900685,P411,911,1400,4,10
E5600841,P001,248,1300,196347,10
E5600841,P001,923,1345,25,10
E5600841,P001,223,1300,22,10
E5600841,P001,936,1345,4,10
E5600841,P001,236,1300,4,10
E5600841,P001,911,1354,5,10
E5600841,P001,922,1345,26,10
E5600841,P001,222,1300,26,10
E5600841,P001,259,1300,169,10
E5600841,P002,248,1300,218452,10
E5600841,P002,923,1345,33,10
E5600841,P002,223,1300,30,10
E5600841,P002,936,1345,4,10
E5600841,P002,236,1300,4,10
E5600841,P002,911,1354,5,10
E5600841,P002,922,1345,19,10
E5600841,P002,222,1300,19,10
E5600841,P002,259,1300,168,10
E5600841,P003,248,1300,195626,10
E5600841,P003,923,1345,24,10
E5600841,P003,223,1300,20,10
E5600841,P003,936,1345,5,10
E5600841,P003,236,1300,5,10
E5600841,P003,911,1354,9,10
E5600841,P003,922,1345,24,10
E5600841,P003,222,1300,24,10
E5600841,P003,259,1300,167,10
E5600841,P004,248,1300,185978,10
E5600841,P004,923,1345,21,10
E5600841,P004,223,1300,20,10
E5600841,P004,936,1345,4,10
E5600841,P004,236,1300,4,10
E5600841,P004,911,1354,6,10
E5600841,P004,922,1345,19,10
E5600841,P004,222,1300,19,10
E5600841,P004,259,1300,187,10
E5600841,P005,248,1300,194701,10
E5600841,P005,923,1345,16,10
E5600841,P005,223,1300,15,10
E5600841,P005,936,1345,3,10
E5600841,P005,236,1300,4,10
E5600841,P005,911,1354,8,10
E5600841,P005,922,1345,18,10
E5600841,P005,222,1300,19,10
E5600841,P005,259,1300,196,10
E5600841,P006,248,1300,234426,10
E5600841,P006,923,1345,24,10
E5600841,P006,223,1300,24,10
E5600841,P006,936,1345,5,10
E5600841,P006,236,1300,5,10
E5600841,P006,911,1354,12,10
E5600841,P006,922,1345,51,10
E5600841,P006,222,1300,51,10
E5600841,P006,259,1300,127,10
E5600841,P007,248,1300,239385,10
E5600841,P007,923,1345,37,10
E5600841,P007,223,1300,38,10
E5600841,P007,936,1345,6,10
E5600841,P007,236,1300,6,10
E5600841,P007,911,1354,13,10
E5600841,P007,922,1345,48,10
E5600841,P007,222,1300,48,10
E5600841,P007,259,1300,139,10
E5600841,P008,248,1300,188244,10
E5600841,P008,923,1345,34,10
E5600841,P008,223,1300,33,10
E5600841,P008,936,1345,9,10
E5600841,P008,236,1300,9,10
E5600841,P008,911,1354,6,10
E5600841,P008,922,1345,6,10
E5600841,P008,222,1300,6,10
E5600841,P008,259,1300,52,10
E5600841,P009,248,1300,337325,10
E5600841,P009,923,1345,10,10
E5600841,P009,223,1300,10,10
E5600841,P009,936,1345,5,10
E5600841,P009,236,1300,5,10
E5600841,P009,911,1354,9,10
E5600841,P009,922,1345,23,10
E5600841,P009,222,1300,23,10
E5600841,P009,259,1300,127,10
E5600841,P010,248,1300,438662,10
E5600841,P010,923,1345,10,10
E5600841,P010,223,1300,10,10
E5600841,P010,936,1345,4,10
E5600841,P010,236,1300,4,10
E5600841,P010,911,1354,7,10
E5600841,P010,922,1345,21,10
E5600841,P010,222,1300,19,10
E5600841,P010,259,1300,113,10
E5600841,PC23,248,1300,32478,10
E5600841,PC23,923,1345,70,10
E5600841,PC23,223,1300,65,10
E5600841,PC23,936,1345,8,10
E5600841,PC23,236,1300,8,10
E5600841,PC23,911,1354,9,10
E5600841,PC23,922,1345,31,10
E5600841,PC23,222,1300,30,10
E5600841,PC23,259,1300,158,10
E5600841,PC83,248,1300,208223,10
E5600841,PC83,923,1345,47,10
E5600841,PC83,223,1300,49,10
E5600841,PC83,936,1345,6,10
E5600841,PC83,236,1300,6,10
E5600841,PC83,911,1354,14,10
E5600841,PC83,922,1345,25,10
E5600841,PC83,222,1300,25,10
E5600841,PC83,259,1300,170,10
E5600841,PPB1,248,1300,241286,10
E5600841,PPB1,923,1345,9,10
E5600841,PPB1,223,1300,8,10
E5600841,PPB1,936,1345,8,10
E5600841,PPB1,236,1300,8,10
E5600841,PPB1,911,1354,8,10
E5600841,PPB1,922,1345,28,10
E5600841,PPB1,222,1300,26,10
E5600841,PPB1,259,1300,147,10
E5600841,PPC1,248,1300,679526,10
E5600841,PPC1,923,1345,24,10
E5600841,PPC1,223,1300,23,10
E5600841,PPC1,936,1345,3,10
E5600841,PPC1,236,1300,3,10
E5600841,PPC1,911,1354,5,10
E5600841,PPC1,922,1345,23,10
E5600841,PPC1,222,1300,23,10
E5600841,PPC1,259,1300,133,10
E5600841,PR54,248,1300,38973,10
E5600841,PR54,923,1345,62,10
E5600841,PR54,223,1300,74,10
E5600841,PR54,936,1345,5,10
E5600841,PR54,236,1300,6,10
E5600841,PR54,911,1354,3,10
E5600841,PR54,922,1345,42,10
E5600841,PR54,222,1300,38,10
E5600841,PR54,259,1300,216,10
E5600841,PR61,248,1300,90027,10
E5600841,PR61,923,1345,62,10
E5600841,PR61,223,1300,62,10
E5600841,PR61,936,1345,4,10
E5600841,PR61,236,1300,4,10
E5600841,PR61,911,1354,7,10
E5600841,PR61,922,1345,39,10
E5600841,PR61,222,1300,38,10
E5600841,PR61,259,1300,296,10
E5600841,PR62,248,1300,67836,10
E5600841,PR62,923,1345,43,10
E5600841,PR62,223,1300,46,10
E5600841,PR62,936,1345,4,10
E5600841,PR62,236,1300,5,10
E5600841,PR62,911,1354,5,10
E5600841,PR62,922,1345,21,10
E5600841,PR62,222,1300,19,10
E5600841,PR62,259,1300,286,10
E5600841,PS11,248,1300,831952,10
E5600841,PS11,923,1345,33,10
E5600841,PS11,223,1300,35,10
E5600841,PS11,936,1345,11,10
E5600841,PS11,236,1300,11,10
E5600841,PS11,911,1354,10,10
E5600841,PS11,922,1345,62,10
E5600841,PS11,222,1300,64,10
E5600841,PS11,259,1300,172,10
E5600841,PS12,911,1354,7,10
E5600841,PS31,248,1300,779811,10
E5600841,PS31,923,1345,119,10
E5600841,PS31,223,1300,117,10
E5600841,PS31,936,1345,11,10
E5600841,PS31,236,1300,12,10
E5600841,PS31,911,1354,7,10
E5600841,PS31,922,1345,71,10
E5600841,PS31,222,1300,79,10
E5600841,PS31,259,1300,125,10
E5600841,PS32,911,1354,4,10
E5600841,PS51,248,1300,877921,10
E5600841,PS51,923,1345,42,10
E5600841,PS51,223,1300,42,10
E5600841,PS51,936,1345,12,10
E5600841,PS51,236,1300,12,10
E5600841,PS51,911,1354,11,10
E5600841,PS51,922,1345,16,10
E5600841,PS51,222,1300,16,10
E5600841,PS51,259,1300,136,10
E5600841,PS52,911,1354,8,10
E5600841,PS71,248,1300,0,00
E5600841,PS71,923,1345,0,00
E5600841,PS71,223,1300,0,00
E5600841,PS71,936,1345,0,00
E5600841,PS71,236,1300,0,00
E5600841,PS71,911,1354,0,00
E5600841,PS71,922,1345,0,00
E5600841,PS71,222,1300,0,00
E5600841,PS71,259,1300,0,00
E5600841,PS72,911,1354,0,00
E5400878,P010,911,1348,1,10
E5600056,P004,911,1406,0,00
E5600056,P006,911,1406,3,10
E5600056,P007,911,1406,0,00
E5600056,P008,911,1406,6,10
E5600056,P009,911,1406,1,10
E5600056,P016,911,1406,4,10
E5600056,P017,911,1406,2,10
E5600056,P018,911,1406,3,10
E5600056,P021,911,1406,3,10
E5600056,P022,911,1406,3,10
E5600056,P023,911,1406,1,10
E5600056,P024,911,1406,3,10
S2202553,P001,911,1400,1,10
S2202553,P002,911,1400,1,10
S2202553,P003,911,1400,1,10
S2100223,P015,911,1406,0,10
E5600841,P001,911,1400,5,10
E5600841,P002,911,1400,5,10
E5600841,P003,911,1400,9,10
E5600841,P004,911,1400,6,10
E5600841,P005,911,1400,8,10
E5600841,P006,911,1400,12,10
E5600841,P007,911,1400,13,10
E5600841,P008,911,1400,6,10
E5600841,P009,911,1400,9,10
E5600841,P010,911,1400,7,10
E5600841,PC23,911,1400,9,10
E5600841,PC83,911,1400,14,10
E5600841,PPB1,911,1400,8,10
E5600841,PPC1,911,1400,5,10
E5600841,PR54,911,1400,3,10
E5600841,PR61,911,1400,7,10
E5600841,PR62,911,1400,4,10
E5600841,PS11,911,1400,10,10
E5600841,PS12,911,1400,9,10
E5600841,PS31,911,1400,7,10
E5600841,PS32,911,1400,4,10
E5600841,PS51,911,1400,11,10
E5600841,PS52,911,1400,9,10
E5600841,PS71,911,1400,0,00
E5600841,PS72,911,1400,0,00
S3200688,P001,911,1342,10,10
S3200688,P002,911,1342,11,10
S3200688,P003,911,1342,7,10
S3200688,P004,911,1342,7,10
E4900333,P001,911,1400,9,10
E4900333,P002,911,1400,0,00
E4900333,P003,911,1400,0,32
E4900333,P103,911,1400,0,32
E4900333,P021,911,1400,6,10
E4900333,P105,911,1400,9,10
E4900744,P001,911,1406,0,00
E4900744,P002,911,1406,0,00
E4900744,P023,911,1406,0,00
S2100223,P015,922,1400,0,10
S2100223,P015,923,1400,0,10
S2100223,P015,924,1400,0,10
S2100223,P015,936,1400,0,10
S2300438,P001,911,1406,5,10
E5601197,P002,911,1406,3,10
E5601197,P003,911,1406,2,10
E5600896,P004,222,1300,0,00
E5600896,P004,223,1300,0,00
E5600896,P004,236,1300,0,00
E5600896,P004,248,1300,0,00
E5600896,P004,259,1300,0,00
E5600896,P005,222,1300,0,00
E5600896,P005,223,1300,0,00
E5600896,P005,236,1300,0,00
E5600896,P005,248,1300,0,00
E5600896,P005,259,1300,0,00
E5600896,P007,222,1300,0,10
E5600896,P007,223,1300,72,11
E5600896,P007,236,1300,5,10
E5600896,P007,248,1300,1477730,10
E5600896,P007,259,1300,159,10
E5600896,P008,222,1300,0,10
E5600896,P008,223,1300,62,10
E5600896,P008,236,1300,2,10
E5600896,P008,248,1300,1879655,10
E5600896,P008,259,1300,134,10
E5600896,P004,922,1345,0,00
E5600896,P004,923,1345,0,00
E5600896,P004,936,1345,0,00
E5600896,P005,922,1345,0,00
E5600896,P005,923,1345,0,00
E5600896,P005,936,1345,0,00
E5600896,P007,922,1345,0,10
E5600896,P007,923,1345,71,11
E5600896,P007,936,1345,5,10
E5600896,P008,922,1345,0,10
E5600896,P008,923,1345,62,10
E5600896,P008,936,1345,2,10
E5600896,P004,911,1354,0,00
E5600896,P005,911,1354,0,00
E5600896,P007,911,1354,5,10
E5600896,P008,911,1354,8,10
S2300429,P701,911,1406,0,00
S2300429,PF01,911,1406,8,10
E5600850,PC01,911,1406,0,00
S1901066,P004,911,1406,5,10
E5600789,P001,911,1406,0,00
E5002890,P001,911,1406,5,10
E5002890,P002,911,1406,6,10
E5002890,P003,911,1406,0,00
E5600869,P001,911,1406,4,10
S1900710,P015,911,1412,0,00
S1900710,P050,911,1412,6,10
S1900710,P056,911,1412,4,10
S1900710,P060,911,1412,2,10
S1900710,P070,911,1412,6,10
S1900685,P002,911,1406,12,10
S1900685,P421,911,1406,15,10
S1900685,P411,911,1406,4,10
E4900744,P001,923,1400,0,00
E4900744,P023,923,1400,0,00
E4900744,P001,936,1400,0,00
E4900744,P023,936,1400,0,00
S2100223,P015,911,1412,0,10
E5400878,P001,223,1300,21,10
E5400878,P001,236,1300,15,10
E5400878,P001,248,1300,1725986,10
E5400878,P001,259,1300,117,10
E5400878,P002,223,1300,19,10
E5400878,P002,236,1300,14,10
E5400878,P002,248,1300,1843648,10
E5400878,P002,259,1300,116,10
E5400878,P003,223,1300,16,10
E5400878,P003,236,1300,15,10
E5400878,P003,248,1300,1651047,10
E5400878,P003,259,1300,115,10
E5400878,P010,223,1300,18,10
E5400878,P010,236,1300,13,10
E5400878,P010,248,1300,1401663,10
E5400878,P010,259,1300,99,10
E5400878,P001,923,1345,20,10
E5400878,P001,936,1345,15,10
E5400878,P002,923,1345,18,10
E5400878,P002,936,1345,14,10
E5400878,P003,923,1345,16,10
E5400878,P003,936,1345,15,10
E5400878,P010,923,1345,18,10
E5400878,P010,936,1345,13,10
E5400878,P010,911,1354,1,10
S2300438,P001,922,1400,0,10
S2300438,P001,923,1400,30,10
S2300438,P001,936,1400,6,10
S2300438,P001,222,1300,1,10
S2300438,P001,223,1300,37,10
S2300438,P001,236,1300,7,10
S2300438,P001,248,1300,43619,10
S2300438,P001,259,1300,121,10
E5600056,P004,911,1412,0,00
E5600056,P006,911,1412,3,10
E5600056,P007,911,1412,0,00
E5600056,P008,911,1412,6,10
E5600056,P009,911,1412,1,10
E5600056,P016,911,1412,4,10
E5600056,P017,911,1412,2,10
E5600056,P018,911,1412,3,10
E5600056,P021,911,1412,3,10
E5600056,P022,911,1412,3,10
E5600056,P023,911,1412,1,10
E5600056,P024,911,1412,3,10
S2202553,P001,911,1406,1,10
S2202553,P002,911,1406,1,10
S2202553,P003,911,1406,1,10
E5600850,PC01,923,1400,0,00
E5600850,PC01,924,1400,0,00
E5600850,PC01,936,1400,0,00
E5600850,PC01,926,1400,0,00
E5600850,PC01,223,1300,0,00
E5600850,PC01,224,1300,0,00
E5600850,PC01,236,1300,0,00
E5600850,PC01,226,1300,0,00
E5600850,PC01,248,1300,0,00
E5600850,PC01,259,1300,0,00
E5600841,P001,911,1406,5,10
E5600841,P002,911,1406,5,10
E5600841,P003,911,1406,9,10
E5600841,P004,911,1406,6,10
E5600841,P005,911,1406,8,10
E5600841,P006,911,1406,12,10
E5600841,P007,911,1406,13,10
E5600841,P008,911,1406,7,10
E5600841,P009,911,1406,9,10
E5600841,P010,911,1406,7,10
E5600841,PC23,911,1406,10,10
E5600841,PC83,911,1406,15,10
E5600841,PPB1,911,1406,8,10
E5600841,PPC1,911,1406,5,10
E5600841,PR54,911,1406,3,10
E5600841,PR61,911,1406,7,10
E5600841,PR62,911,1406,4,10
E5600841,PS11,911,1406,11,10
E5600841,PS12,911,1406,10,10
E5600841,PS31,911,1406,7,10
E5600841,PS32,911,1406,4,10
E5600841,PS51,911,1406,11,10
E5600841,PS52,911,1406,9,10
E5600841,PS71,911,1406,0,00
E5600841,PS72,911,1406,0,00
S2201109,P711,911,1406,15,10
S2201109,P731,911,1406,19,10
S2201109,P741,911,1406,0,31
S2201109,P751,911,1406,14,10
E4900333,P001,911,1406,9,10
E4900333,P002,911,1406,0,00
E4900333,P003,911,1406,0,32
E4900333,P103,911,1406,0,32
E4900333,P021,911,1406,6,10
E4900333,P105,911,1406,9,10
E5600869,P001,922,1400,127,10
E5600869,P001,923,1400,125,10
E5600869,P001,936,1400,7,10
S2202553,P001,922,1400,18,10
S2202553,P002,922,1400,17,10
S2202553,P003,922,1400,11,10
S2202553,P001,923,1400,76,10
S2202553,P002,923,1400,87,10
S2202553,P003,923,1400,95,10
S2202553,P001,924,1400,6,10
S2202553,P002,924,1400,11,10
S2202553,P003,924,1400,3,10
S2202553,P001,926,1400,23,10
S2202553,P002,926,1400,25,10
S2202553,P003,926,1400,12,10
S2202553,P001,936,1400,10,10
S2202553,P002,936,1400,11,10
S2202553,P003,936,1400,8,10
E4900744,P001,911,1412,0,00
E4900744,P002,911,1412,0,00
E4900744,P023,911,1412,0,00
S2300429,P701,911,1400,0,00
S2300429,P701,922,1400,0,00
S2300429,P701,923,1400,0,00
S2300429,P701,936,1400,0,00
S2300429,PF01,911,1400,9,10
S2300429,PF01,922,1400,24,10
S2300429,PF01,923,1400,24,10
S2300429,PF01,936,1400,6,10
S2300429,P701,222,1300,0,00
S2300429,P701,223,1300,0,00
S2300429,P701,236,1300,0,00
S2300429,P701,248,1300,0,00
S2300429,P701,259,1300,0,00
S2300429,PF01,222,1300,22,10
S2300429,PF01,223,1300,24,10
S2300429,PF01,236,1300,6,10
S2300429,PF01,248,1300,268364,10
S2300429,PF01,259,1300,58,10
S1901066,P004,922,1400,235,10
S1901066,P004,923,1400,184,10
S1901066,P004,924,1400,1,10
S1901066,P004,936,1400,4,10
S1901066,P004,937,1400,11,10
S1901066,P004,222,1300,231,10
S1901066,P004,223,1300,182,10
S1901066,P004,224,1300,2,10
S1901066,P004,236,1300,4,10
S1901066,P004,237,1300,11,10
S1901066,P004,248,1300,127502,10
S1901066,P004,259,1300,248,10
S1900710,P070,923,1415,20,10
S1900710,P070,936,1415,8,10
S1900710,P070,922,1415,16,10
S1900710,P015,923,1415,0,00
S1900710,P015,936,1415,0,00
S1900710,P015,922,1415,0,00
S1900710,P050,923,1415,113,10
S1900710,P050,936,1415,5,10
S1900710,P050,922,1415,69,10
S1900710,P056,923,1415,36,10
S1900710,P056,936,1415,4,10
S1900710,P056,922,1415,24,10
S1900710,P060,923,1415,23,10
S1900710,P060,936,1415,5,10
S1900710,P060,922,1415,26,10
S1900685,P421,922,1400,12,10
S1900685,P421,923,1400,71,10
S1900685,P421,936,1400,6,10
S1900685,P411,922,1400,16,10
S1900685,P411,923,1400,64,10
S1900685,P411,936,1400,12,10
S1601990,P001,911,1412,3,10
S1601990,P004,911,1412,3,10
S1601990,P049,911,1412,1,10
S2300438,P001,911,1412,5,10
E5601197,P002,911,1412,3,10
E5601197,P003,911,1412,2,10
E5600841,P001,923,1400,31,10
E5600841,P001,936,1400,5,10
E5600841,P001,922,1400,31,10
E5600841,P002,923,1400,51,10
E5600841,P002,936,1400,5,10
E5600841,P002,922,1400,23,10
E5600841,P003,923,1400,29,10
E5600841,P003,936,1400,6,10
E5600841,P003,922,1400,26,10
E5600841,P004,923,1400,24,10
E5600841,P004,936,1400,4,10
E5600841,P004,922,1400,20,10
E5600841,P005,923,1400,17,10
E5600841,P005,936,1400,4,10
E5600841,P005,922,1400,19,10
E5600841,P006,923,1400,29,10
E5600841,P006,936,1400,6,10
E5600841,P006,922,1400,53,10
E5600841,P007,923,1400,40,10
E5600841,P007,936,1400,6,10
E5600841,P007,922,1400,46,10
E5600841,P008,923,1400,38,10
E5600841,P008,936,1400,9,10
E5600841,P008,922,1400,6,10
E5600841,P009,923,1400,10,10
E5600841,P009,936,1400,4,10
E5600841,P009,922,1400,22,10
E5600841,P010,923,1400,10,10
E5600841,P010,936,1400,4,10
E5600841,P010,922,1400,19,10
E5600841,PC23,923,1400,56,10
E5600841,PC23,936,1400,8,10
E5600841,PC23,922,1400,30,10
E5600841,PC83,923,1400,49,10
E5600841,PC83,936,1400,6,10
E5600841,PC83,922,1400,25,10
E5600841,PPB1,923,1400,9,10
E5600841,PPB1,936,1400,9,10
E5600841,PPB1,922,1400,29,10
E5600841,PPC1,923,1400,23,10
E5600841,PPC1,936,1400,3,10
E5600841,PPC1,922,1400,21,10
E5600841,PR54,923,1400,55,10
E5600841,PR54,936,1400,5,10
E5600841,PR54,922,1400,48,10
E5600841,PR61,923,1400,63,10
E5600841,PR61,936,1400,3,10
E5600841,PR61,922,1400,44,10
E5600841,PR62,923,1400,53,10
E5600841,PR62,936,1400,4,10
E5600841,PR62,922,1400,21,10
E5600841,PS11,923,1400,33,10
E5600841,PS11,936,1400,11,10
E5600841,PS11,922,1400,62,10
E5600841,PS31,923,1400,122,10
E5600841,PS31,936,1400,12,10
E5600841,PS31,922,1400,100,10
E5600841,PS51,923,1400,44,10
E5600841,PS51,936,1400,12,10
E5600841,PS51,922,1400,14,10
E5600841,PS71,923,1400,0,00
E5600841,PS71,936,1400,0,00
E5600841,PS71,922,1400,0,00
E5600896,P004,911,1400,0,00
E5600896,P005,911,1400,0,00
E5600896,P007,911,1400,5,10
E5600896,P008,911,1400,8,10
S2300429,P701,911,1412,0,00
S2300429,PF01,911,1412,8,10
E5600850,PC01,911,1412,0,00
S1901066,P004,911,1412,5,10
E5600056,P004,922,1415,0,00
E5600056,P004,923,1415,0,00
E5600056,P004,924,1415,0,00
E5600056,P004,936,1415,0,00
E5600056,P006,922,1415,23,10
E5600056,P006,923,1415,64,10
E5600056,P006,924,1415,1,10
E5600056,P006,936,1415,5,10
E5600056,P007,922,1415,0,00
E5600056,P007,923,1415,0,00
E5600056,P007,924,1415,0,00
E5600056,P007,936,1415,0,00
E5600056,P008,922,1415,59,10
E5600056,P008,923,1415,65,10
E5600056,P008,924,1415,17,10
E5600056,P008,936,1415,5,10
E5600056,P016,922,1415,0,10
E5600056,P016,923,1415,38,10
E5600056,P016,936,1415,12,10
E5600056,P017,922,1415,2,10
E5600056,P017,923,1415,22,10
E5600056,P017,924,1415,1,10
E5600056,P017,936,1415,3,10
E5600056,P018,922,1415,0,10
E5600056,P018,923,1415,14,10
E5600056,P018,924,1415,0,10
E5600056,P018,936,1415,3,10
E5600056,P021,922,1415,0,10
E5600056,P021,923,1415,47,10
E5600056,P021,924,1415,0,10
E5600056,P021,936,1415,4,10
E5600056,P024,922,1415,4,10
E5600056,P024,923,1415,27,10
E5600056,P024,924,1415,2,10
E5600056,P024,936,1415,6,10
E5600056,P034,922,1415,5,10
E5600056,P034,923,1415,60,10
E5600056,P034,936,1415,1,10
E5600789,P001,911,1412,0,00
E5600056,P004,911,1418,0,00
E5600056,P006,911,1418,3,10
E5600056,P007,911,1418,0,00
E5600056,P008,911,1418,6,10
E5600056,P009,911,1418,2,10
E5600056,P016,911,1418,5,10
E5600056,P017,911,1418,2,10
E5600056,P018,911,1418,3,10
E5600056,P021,911,1418,3,10
E5600056,P022,911,1418,3,10
E5600056,P023,911,1418,1,10
E5600056,P024,911,1418,3,10
E5600869,P001,911,1412,4,10
S1900710,P070,911,1418,6,10
S1900710,P015,911,1418,0,00
S1900710,P050,911,1418,6,10
S1900710,P056,911,1418,4,10
S1900710,P060,911,1418,2,10
S1900685,P002,911,1412,12,10
S1900685,P421,911,1412,13,10
S1900685,P411,911,1412,4,10
S2100223,P015,911,1418,0,10
E5400878,P010,911,1400,2,10
S2202553,P001,911,1412,1,10
S2202553,P002,911,1412,1,10
S2202553,P003,911,1412,1,10
E4900333,P001,922,1400,1,10
E4900333,P002,922,1400,0,32
E4900333,P003,922,1400,0,32
E4900333,P103,922,1400,0,32
E4900333,P021,922,1400,0,10
E4900333,P105,922,1400,60,10
E4900333,P001,923,1400,0,32
E4900333,P002,923,1400,0,32
E4900333,P003,923,1400,0,32
E4900333,P103,923,1400,0,32
E4900333,P021,923,1400,33,10
E4900333,P105,923,1400,78,10
E4900333,P001,936,1400,0,32
E4900333,P002,936,1400,0,32
E4900333,P003,936,1400,0,32
E4900333,P103,936,1400,0,32
E4900333,P021,936,1400,8,10
E4900333,P105,936,1400,10,10
E5600841,P001,911,1412,5,10
E5600841,P002,911,1412,5,10
E5600841,P003,911,1412,9,10
E5600841,P004,911,1412,6,10
E5600841,P005,911,1412,8,10
E5600841,P006,911,1412,12,10
E5600841,P007,911,1412,13,10
E5600841,P008,911,1412,9,10
E5600841,P009,911,1412,9,10
E5600841,P010,911,1412,7,10
E5600841,PC23,911,1412,9,10
E5600841,PC83,911,1412,14,10
E5600841,PPB1,911,1412,8,10
E5600841,PPC1,911,1412,5,10
E5600841,PR54,911,1412,3,10
E5600841,PR61,911,1412,7,10
E5600841,PR62,911,1412,4,10
E5600841,PS11,911,1412,10,10
E5600841,PS12,911,1412,9,10
E5600841,PS31,911,1412,7,10
E5600841,PS32,911,1412,4,10
E5600841,PS51,911,1412,11,10
E5600841,PS52,911,1412,9,10
E5600841,PS71,911,1412,0,00
E5600841,PS72,911,1412,0,00
S2201109,P711,911,1300,15,10
S2201109,P731,911,1300,19,10
S2201109,P741,911,1300,12,10
S2201109,P751,911,1300,13,10
S2201109,P711,923,1300,20,10
S2201109,P711,936,1300,6,10
S2201109,P711,922,1300,4,10
S2201109,P731,923,1300,51,10
S2201109,P731,936,1300,7,10
S2201109,P731,922,1300,13,10
S2201109,P741,923,1300,55,10
S2201109,P741,936,1300,5,10
S2201109,P741,922,1300,27,10
S2201109,P751,923,1300,53,10
S2201109,P751,936,1300,6,10
S2201109,P751,922,1300,12,10
S2201109,P711,248,1300,7265,10
S2201109,P711,223,1300,21,10
S2201109,P711,236,1300,6,10
S2201109,P711,222,1300,4,10
S2201109,P711,259,1300,54,10
S2201109,P731,248,1300,4310,10
S2201109,P731,223,1300,51,10
S2201109,P731,236,1300,7,10
S2201109,P731,222,1300,14,10
S2201109,P731,259,1300,53,10
S2201109,P741,248,1300,5496,10
S2201109,P741,223,1300,57,10
S2201109,P741,236,1300,5,10
S2201109,P741,222,1300,27,10
S2201109,P741,259,1300,54,10
S2201109,P751,248,1300,5149,10
S2201109,P751,223,1300,52,10
S2201109,P751,236,1300,6,10
S2201109,P751,222,1300,12,10
S2201109,P751,259,1300,51,10
S2201109,P711,911,1412,15,10
S2201109,P731,911,1412,18,10
S2201109,P741,911,1412,0,31
S2201109,P751,911,1412,14,10
E4900333,P001,911,1412,9,10
E4900333,P002,911,1412,0,00
E4900333,P003,911,1412,0,32
E4900333,P103,911,1412,0,32
E4900333,P021,911,1412,6,10
E4900333,P105,911,1412,9,10
E4900744,P001,911,1418,0,00
E4900744,P002,911,1418,0,00
E4900744,P023,911,1418,0,00
E5601197,P002,911,1418,3,10
E5601197,P003,911,1418,2,10
S2300438,P001,911,1418,5,10
E5600056,P004,911,1424,0,00
E5600056,P006,911,1424,3,10
E5600056,P007,911,1424,0,00
E5600056,P008,911,1424,5,10
E5600056,P009,911,1424,2,10
E5600056,P016,911,1424,5,10
E5600056,P017,911,1424,2,10
E5600056,P018,911,1424,3,10
E5600056,P021,911,1424,3,10
E5600056,P022,911,1424,3,10
E5600056,P023,911,1424,1,10
E5600056,P024,911,1424,4,10
E2000554,P003,911,0000,12,10
E2000554,P003,923,0000,35,10
E2000554,P003,922,0000,13,10
E2000554,P003,936,0000,5,10
E2000554,P003,911,0006,11,10
S1601990,P001,911,0000,4,10
S1601990,P004,911,0000,5,10
S1601990,P049,911,0000,2,10
S2001314,P004,911,0006,0,00
E2000554,P003,911,0012,11,10
S1601990,P001,911,0006,4,10
S1601990,P004,911,0006,4,10
S1601990,P049,911,0006,2,10
S2001314,P004,911,0012,0,00
E2000554,P003,923,0015,36,10
E2000554,P003,922,0015,13,10
E2000554,P003,936,0015,5,10
E2000554,P003,911,0018,10,10
S1601990,P001,911,0012,4,10
S1601990,P004,911,0012,5,10
S1601990,P049,911,0012,2,10
S2001314,P004,911,0018,0,00
E2000554,P003,911,0024,17,10
S1601990,P001,911,0018,4,10
S1601990,P004,911,0018,4,10
S1601990,P049,911,0018,1,10
S2001314,P004,911,0024,0,00
E2000554,P003,911,0030,12,10
E2000554,P003,923,0030,37,10
E2000554,P003,922,0030,13,10
E2000554,P003,936,0030,5,10
S1601990,P001,911,0024,4,10
S1601990,P004,911,0024,4,10
S1601990,P049,911,0024,1,10
S2001314,P004,911,0030,0,00
S2001314,P004,923,0030,0,00
S2001314,P004,922,0030,0,00
S2001314,P004,936,0030,0,00
E2000554,P003,911,0036,11,10
S1601990,P001,911,0030,4,10
S1601990,P004,911,0030,4,10
S1601990,P049,911,0030,1,10
S2001314,P004,911,0036,0,00
E2000554,P003,911,0042,11,10
S1601990,P001,911,0036,4,10
S1601990,P004,911,0036,4,10
S1601990,P049,911,0036,1,10
S2001314,P004,911,0042,0,00
E2000554,P003,923,0045,33,10
E2000554,P003,922,0045,14,10
E2000554,P003,936,0045,5,10
S2001314,P004,923,0045,0,00
S2001314,P004,922,0045,0,00
S2001314,P004,936,0045,0,00
E2000554,P003,911,0048,12,10
S2001314,P004,911,0048,0,00
E2000554,P003,911,0054,11,10
S1601990,P001,911,0048,3,10
S1601990,P004,911,0048,4,10
S1601990,P049,911,0048,1,10
S2001314,P004,911,0054,0,00
E2000554,P003,911,0100,11,10
E2000554,P003,923,0100,32,10
E2000554,P003,922,0100,14,10
E2000554,P003,936,0100,5,10
E2000554,P003,248,0000,299540,10
E2000554,P003,259,0000,54,10
E2000554,P003,223,0000,35,10
E2000554,P003,222,0000,13,10
E2000554,P003,236,0000,5,10
S1601990,P001,911,0054,3,10
S1601990,P004,911,0054,4,10
S1601990,P049,911,0054,1,10
S2001314,P004,911,0100,0,00
S2001314,P004,923,0100,0,00
S2001314,P004,922,0100,0,00
S2001314,P004,936,0100,0,00
S2001314,P004,248,0000,0,00
S2001314,P004,259,0000,0,00
S2001314,P004,223,0000,0,00
S2001314,P004,222,0000,0,00
S2001314,P004,236,0000,0,00
E2000554,P003,911,0106,11,10
S1601990,P001,911,0100,3,10
S1601990,P004,911,0100,5,10
S1601990,P049,911,0100,1,10
S2001314,P004,911,0106,0,00
E2000554,P003,911,0112,17,10
S1601990,P001,911,0106,3,10
S1601990,P004,911,0106,5,10
S1601990,P049,911,0106,1,10
S2001314,P004,911,0112,0,00
E2000554,P003,923,0115,32,10
E2000554,P003,922,0115,13,10
E2000554,P003,936,0115,5,10
S2001314,P004,923,0115,0,00
S2001314,P004,922,0115,0,00
S2001314,P004,936,0115,0,00
E2000554,P003,911,0118,11,10
S2001314,P004,911,0118,0,00
E2000554,P003,911,0124,11,10
S2001314,P004,911,0124,0,00
E2000554,P003,911,0130,11,10
E2000554,P003,923,0130,30,10
E2000554,P003,922,0130,13,10
E2000554,P003,936,0130,5,10
S1601990,P001,911,0124,3,10
S1601990,P004,911,0124,5,10
S1601990,P049,911,0124,1,10
S2001314,P004,911,0130,0,00
S2001314,P004,923,0130,0,00
S2001314,P004,922,0130,0,00
S2001314,P004,936,0130,0,00
E2000554,P003,911,0136,13,10
S1601990,P001,911,0130,3,10
S1601990,P004,911,0130,5,10
S1601990,P049,911,0130,1,10
S2001314,P004,911,0136,0,00
E2000554,P003,911,0142,11,10
S1601990,P001,911,0136,3,10
S1601990,P004,911,0136,5,10
S1601990,P049,911,0136,1,10
S2001314,P004,911,0142,0,00
E2000554,P003,923,0145,26,10
E2000554,P003,922,0145,13,10
E2000554,P003,936,0145,5,10
S2001314,P004,923,0145,0,00
S2001314,P004,922,0145,0,00
S2001314,P004,936,0145,0,00
S2001314,P004,911,0148,0,00
E2000554,P003,911,0154,12,10
S1601990,P001,911,0148,3,10
S1601990,P004,911,0148,4,10
S1601990,P049,911,0148,1,10
S2001314,P004,911,0154,0,00
E2000554,P003,911,0200,17,10
E2000554,P003,923,0200,30,10
E2000554,P003,922,0200,13,10
E2000554,P003,936,0200,5,10
E2000554,P003,248,0100,299002,10
E2000554,P003,259,0100,54,10
E2000554,P003,223,0100,30,10
E2000554,P003,222,0100,13,10
E2000554,P003,236,0100,5,10
E2000554,P003,911,0206,12,10
S1601990,P001,911,0200,3,10
S1601990,P004,911,0200,5,10
S1601990,P049,911,0200,1,10
S2001314,P004,911,0206,0,00
E2000554,P003,911,0212,12,10
S1601990,P001,911,0206,4,10
S1601990,P004,911,0206,5,10
S1601990,P049,911,0206,1,10
S2001314,P004,911,0212,0,00
S2001314,P004,923,0215,0,00
S2001314,P004,922,0215,0,00
S2001314,P004,936,0215,0,00
E2000554,P003,911,0218,13,10
S1601990,P001,911,0212,4,10
S1601990,P004,911,0212,4,10
S1601990,P049,911,0212,1,10
S2001314,P004,911,0218,0,00
E2000554,P003,911,0224,13,10
S1601990,P001,911,0218,4,10
S1601990,P004,911,0218,4,10
S1601990,P049,911,0218,1,10
S2001314,P004,911,0224,0,00
E2000554,P003,911,0230,12,10
E2000554,P003,923,0230,33,10
E2000554,P003,922,0230,14,10
E2000554,P003,936,0230,5,10
S1601990,P001,911,0224,4,10
S1601990,P004,911,0224,4,10
S1601990,P049,911,0224,1,10
S2001314,P004,911,0230,0,00
S2001314,P004,923,0230,0,00
S2001314,P004,922,0230,0,00
S2001314,P004,936,0230,0,00
E2000554,P003,911,0236,12,10
S1601990,P001,911,0230,4,10
S1601990,P004,911,0230,4,10
S1601990,P049,911,0230,1,10
S2001314,P004,911,0236,0,00
E2000554,P003,911,0242,12,10
S1601990,P001,911,0236,4,10
S1601990,P004,911,0236,4,10
S1601990,P049,911,0236,1,10
S2001314,P004,911,0242,0,00
S2001314,P004,923,0245,0,00
S2001314,P004,922,0245,0,00
S2001314,P004,936,0245,0,00
E2000554,P003,911,0248,19,10
E2000554,P003,911,0254,15,10
S1601990,P001,911,0248,4,10
S1601990,P004,911,0248,4,10
S1601990,P049,911,0248,1,10
S2001314,P004,911,0254,0,00
E2000554,P003,911,0300,13,10
E2000554,P003,923,0300,34,10
E2000554,P003,922,0300,13,10
E2000554,P003,936,0300,5,10
E2000554,P003,248,0200,298359,10
E2000554,P003,259,0200,54,10
E2000554,P003,223,0200,32,10
E2000554,P003,222,0200,13,10
E2000554,P003,236,0200,5,10
S2001314,P004,911,0300,0,00
S2001314,P004,923,0300,0,00
S2001314,P004,922,0300,0,00
S2001314,P004,936,0300,0,00
S2001314,P004,248,0200,0,00
S2001314,P004,259,0200,0,00
S2001314,P004,223,0200,0,00
S2001314,P004,222,0200,0,00
S2001314,P004,236,0200,0,00
E2000554,P003,911,0306,12,10
S1601990,P001,911,0300,5,10
S1601990,P004,911,0300,5,10
S1601990,P049,911,0300,1,10
S2001314,P004,911,0306,0,00
E2000554,P003,911,0312,13,10
S1601990,P001,911,0306,5,10
S1601990,P004,911,0306,5,10
S1601990,P049,911,0306,2,10
S2001314,P004,911,0312,0,00
E2000554,P003,911,0324,12,10
S2001314,P004,911,0324,0,00
E2000554,P003,911,0330,12,10
E2000554,P003,923,0330,32,10
E2000554,P003,922,0330,13,10
E2000554,P003,936,0330,5,10
S1601990,P001,911,0324,4,10
S1601990,P004,911,0324,5,10
S1601990,P049,911,0324,2,10
S2001314,P004,911,0330,0,00
S2001314,P004,923,0330,0,00
S2001314,P004,922,0330,0,00
S2001314,P004,936,0330,0,00
E2000554,P003,911,0336,19,10
S1601990,P001,911,0330,4,10
S1601990,P004,911,0330,5,10
S1601990,P049,911,0330,2,10
S2001314,P004,911,0336,0,00
E2000554,P003,911,0342,13,10
S1601990,P001,911,0336,4,10
S1601990,P004,911,0336,5,10
S1601990,P049,911,0336,2,10
S2001314,P004,911,0342,0,00
E2000554,P003,923,0345,29,10
E2000554,P003,922,0345,14,10
E2000554,P003,936,0345,5,10
S2001314,P004,923,0345,0,00
S2001314,P004,922,0345,0,00
S2001314,P004,936,0345,0,00
E2000554,P003,911,0354,13,10
S1601990,P001,911,0348,4,10
S1601990,P004,911,0348,5,10
S1601990,P049,911,0348,2,10
E2000554,P003,911,0400,14,10
E2000554,P003,923,0400,33,10
E2000554,P003,922,0400,14,10
E2000554,P003,936,0400,5,10
E2000554,P003,248,0300,296155,10
E2000554,P003,259,0300,54,10
E2000554,P003,223,0300,31,10
E2000554,P003,222,0300,13,10
E2000554,P003,236,0300,5,10
S1601990,P001,911,0354,4,10
S1601990,P004,911,0354,5,10
S1601990,P049,911,0354,2,10
S2001314,P004,911,0400,0,00
S2001314,P004,923,0400,0,00
S2001314,P004,922,0400,0,00
S2001314,P004,936,0400,0,00
S2001314,P004,248,0300,0,00
S2001314,P004,259,0300,0,00
S2001314,P004,223,0300,0,00
S2001314,P004,222,0300,0,00
S2001314,P004,236,0300,0,00
E2000554,P003,911,0406,11,10
S1601990,P001,911,0400,4,10
S1601990,P004,911,0400,5,10
S1601990,P049,911,0400,1,10
S2001314,P004,911,0406,0,00
E2000554,P003,911,0412,13,10
S1601990,P001,911,0406,3,10
S1601990,P004,911,0406,5,10
S1601990,P049,911,0406,2,10
S2001314,P004,911,0412,0,00
E2000554,P003,911,0418,11,10
S1601990,P001,911,0412,3,10
S1601990,P004,911,0412,5,10
S1601990,P049,911,0412,2,10
S2001314,P004,911,0418,0,00
E2000554,P003,911,0424,19,10
S1601990,P001,911,0418,3,10
S1601990,P004,911,0418,5,10
S1601990,P049,911,0418,2,10
S2001314,P004,911,0424,0,00
E2000554,P003,911,0430,13,10
E2000554,P003,923,0430,31,10
E2000554,P003,922,0430,13,10
E2000554,P003,936,0430,5,10
S1601990,P001,911,0424,3,10
S1601990,P004,911,0424,5,10
S1601990,P049,911,0424,2,10
S2001314,P004,911,0430,0,00
S2001314,P004,923,0430,0,00
S2001314,P004,922,0430,0,00
S2001314,P004,936,0430,0,00
E2000554,P003,911,0436,13,10
S1601990,P001,911,0430,3,10
S1601990,P004,911,0430,5,10
S1601990,P049,911,0430,2,10
S2001314,P004,911,0436,0,00
E2000554,P003,911,0442,13,10
S1601990,P001,911,0436,3,10
S1601990,P004,911,0436,5,10
S1601990,P049,911,0436,1,10
S2001314,P004,911,0442,0,00
S2001314,P004,923,0445,0,00
S2001314,P004,922,0445,0,00
S2001314,P004,936,0445,0,00
E2000554,P003,911,0448,13,10
S2001314,P004,911,0448,0,00
E2000554,P003,911,0454,12,10
S1601990,P001,911,0448,3,10
S1601990,P004,911,0448,5,10
S1601990,P049,911,0448,2,10
S2001314,P004,911,0454,0,00
E2000554,P003,911,0500,12,10
E2000554,P003,923,0500,32,10
E2000554,P003,922,0500,13,10
E2000554,P003,936,0500,5,10
E2000554,P003,248,0400,297666,10
E2000554,P003,259,0400,54,10
E2000554,P003,223,0400,31,10
E2000554,P003,222,0400,13,10
E2000554,P003,236,0400,5,10
S1601990,P001,911,0454,3,10
S1601990,P004,911,0454,5,10
S1601990,P049,911,0454,2,10
S2001314,P004,911,0500,0,00
S2001314,P004,923,0500,0,00
S2001314,P004,922,0500,0,00
S2001314,P004,936,0500,0,00
S2001314,P004,248,0400,0,00
S2001314,P004,259,0400,0,00
S2001314,P004,223,0400,0,00
S2001314,P004,222,0400,0,00
S2001314,P004,236,0400,0,00
E2000554,P003,911,0506,11,10
S1601990,P001,911,0500,3,10
S1601990,P004,911,0500,5,10
S1601990,P049,911,0500,1,10
S2001314,P004,911,0506,0,00
E2000554,P003,911,0512,17,10
S1601990,P001,911,0506,3,10
S1601990,P004,911,0506,4,10
S1601990,P049,911,0506,1,10
S2001314,P004,911,0512,0,00
S2001314,P004,923,0515,0,00
S2001314,P004,922,0515,0,00
S2001314,P004,936,0515,0,00
E2000554,P003,911,0518,12,10
S2001314,P004,911,0518,0,00
E2000554,P003,911,0524,11,10
S1601990,P001,911,0518,3,10
S1601990,P004,911,0518,5,10
S1601990,P049,911,0518,1,10
S2001314,P004,911,0524,0,00
E2000554,P003,911,0530,11,10
E2000554,P003,923,0530,30,10
E2000554,P003,922,0530,14,10
E2000554,P003,936,0530,5,10
S1601990,P001,911,0524,3,10
S1601990,P004,911,0524,5,10
S1601990,P049,911,0524,1,10
S2001314,P004,911,0530,0,00
S2001314,P004,923,0530,0,00
S2001314,P004,922,0530,0,00
S2001314,P004,936,0530,0,00
E2000554,P003,911,0536,12,10
S1601990,P001,911,0530,3,10
S1601990,P004,911,0530,4,10
S1601990,P049,911,0530,1,10
S2001314,P004,911,0536,0,00
E2000554,P003,911,0542,11,10
S1601990,P001,911,0536,3,10
S1601990,P004,911,0536,4,10
S1601990,P049,911,0536,1,10
S2001314,P004,911,0542,0,00
E2000554,P003,923,0545,30,10
E2000554,P003,922,0545,13,10
E2000554,P003,936,0545,5,10
S2001314,P004,923,0545,0,00
S2001314,P004,922,0545,0,00
S2001314,P004,936,0545,0,00
E2000554,P003,911,0548,11,10
S2001314,P004,911,0548,0,00
E2000554,P003,911,0554,11,10
S1601990,P001,911,0548,3,10
S1601990,P004,911,0548,4,10
S1601990,P049,911,0548,1,10
S2001314,P004,911,0554,0,00
S1601990,P001,911,0554,3,10
S1601990,P004,911,0554,4,10
S1601990,P049,911,0554,1,10
S2001314,P004,911,0600,0,00
S2001314,P004,923,0600,0,00
S2001314,P004,922,0600,0,00
S2001314,P004,936,0600,0,00
S2001314,P004,248,0500,0,00
S2001314,P004,259,0500,0,00
S2001314,P004,223,0500,0,00
S2001314,P004,222,0500,0,00
S2001314,P004,236,0500,0,00
E2000554,P003,911,0606,13,10
S1601990,P001,911,0600,3,10
S1601990,P004,911,0600,4,10
S1601990,P049,911,0600,1,10
S2001314,P004,911,0606,0,00
E2000554,P003,911,0612,12,10
S1601990,P001,911,0606,3,10
S1601990,P004,911,0606,5,10
S1601990,P049,911,0606,1,10
S2001314,P004,911,0612,0,00
E2000554,P003,923,0615,33,10
E2000554,P003,922,0615,13,10
E2000554,P003,936,0615,5,10
S2001314,P004,923,0615,0,00
S2001314,P004,922,0615,0,00
S2001314,P004,936,0615,0,00
E2000554,P003,911,0618,10,10
S2001314,P004,911,0618,0,00
E2000554,P003,911,0624,12,10
S1601990,P001,911,0618,3,10
S1601990,P004,911,0618,5,10
S1601990,P049,911,0618,1,10
S2001314,P004,911,0624,0,00
E2000554,P003,911,0630,12,10
E2000554,P003,923,0630,36,10
E2000554,P003,922,0630,13,10
E2000554,P003,936,0630,5,10
S1601990,P001,911,0624,3,10
S1601990,P004,911,0624,5,10
S1601990,P049,911,0624,1,10
S2001314,P004,911,0630,0,00
S2001314,P004,923,0630,0,00
S2001314,P004,922,0630,0,00
S2001314,P004,936,0630,0,00
E2000554,P003,911,0636,11,10
S1601990,P001,911,0630,3,10
S1601990,P004,911,0630,5,10
S1601990,P049,911,0630,1,10
S2001314,P004,911,0636,0,00
E2000554,P003,911,0642,11,10
S1601990,P001,911,0636,3,10
S1601990,P004,911,0636,5,10
S1601990,P049,911,0636,1,10
S2001314,P004,911,0642,0,00
E2000554,P003,923,0645,38,10
E2000554,P003,922,0645,13,10
E2000554,P003,936,0645,5,10
E2000554,P003,911,0648,18,10
S1601990,P001,911,0642,3,10
S1601990,P004,911,0642,5,10
S1601990,P049,911,0642,1,10
S2001314,P004,911,0648,0,00
E2000554,P003,911,0654,12,10
S1601990,P001,911,0648,3,10
S1601990,P004,911,0648,5,10
S1601990,P049,911,0648,2,10
S2001314,P004,911,0654,0,00
E2000554,P003,911,0700,12,10
E2000554,P003,923,0700,40,10
E2000554,P003,922,0700,13,10
E2000554,P003,936,0700,5,10
E2000554,P003,248,0600,302317,10
E2000554,P003,259,0600,54,10
E2000554,P003,223,0600,37,10
E2000554,P003,222,0600,13,10
E2000554,P003,236,0600,5,10
S1601990,P001,911,0654,3,10
S1601990,P004,911,0654,5,10
S1601990,P049,911,0654,1,10
S2001314,P004,911,0700,0,00
S2001314,P004,923,0700,0,00
S2001314,P004,922,0700,0,00
S2001314,P004,936,0700,0,00
S2001314,P004,248,0600,0,00
S2001314,P004,259,0600,0,00
S2001314,P004,223,0600,0,00
S2001314,P004,222,0600,0,00
S2001314,P004,236,0600,0,00
E2000554,P003,911,0706,12,10
S1601990,P001,911,0700,3,10
S1601990,P004,911,0700,5,10
S1601990,P049,911,0700,2,10
S2001314,P004,911,0706,0,00
E2000554,P003,911,0712,13,10
S1601990,P001,911,0706,3,10
S1601990,P004,911,0706,5,10
S1601990,P049,911,0706,2,10
S2001314,P004,911,0712,0,00
E2000554,P003,923,0715,39,10
E2000554,P003,922,0715,13,10
E2000554,P003,936,0715,5,10
S2001314,P004,923,0715,0,00
S2001314,P004,922,0715,0,00
S2001314,P004,936,0715,0,00
E2000554,P003,911,0718,11,10
S2001314,P004,911,0718,0,00
E2000554,P003,911,0724,11,10
S1601990,P001,911,0718,3,10
S1601990,P004,911,0718,5,10
S1601990,P049,911,0718,2,10
S2001314,P004,911,0724,0,00
E2000554,P003,911,0730,11,10
E2000554,P003,923,0730,39,10
E2000554,P003,922,0730,12,10
E2000554,P003,936,0730,5,10
S1601990,P001,911,0724,3,10
S1601990,P004,911,0724,5,10
S1601990,P049,911,0724,2,10
S2001314,P004,911,0730,0,00
S2001314,P004,923,0730,0,00
S2001314,P004,922,0730,0,00
S2001314,P004,936,0730,0,00
E2000554,P003,911,0736,17,10
S1601990,P001,911,0730,4,10
S1601990,P004,911,0730,5,10
S1601990,P049,911,0730,2,10
S2001314,P004,911,0736,0,00
E2000554,P003,911,0742,13,10
S1601990,P001,911,0736,5,10
S1601990,P004,911,0736,4,10
S1601990,P049,911,0736,2,10
S2001314,P004,911,0742,0,00
E2000554,P003,923,0745,37,10
E2000554,P003,922,0745,12,10
E2000554,P003,936,0745,5,10
S2001314,P004,923,0745,0,00
S2001314,P004,922,0745,0,00
S2001314,P004,936,0745,0,00
E2000554,P003,911,0748,12,10
S2001314,P004,911,0748,0,00
E2000554,P003,911,0754,13,10
S1601990,P001,911,0748,4,10
S1601990,P004,911,0748,4,10
S1601990,P049,911,0748,2,10
S2001314,P004,911,0754,0,00
S1601990,P001,911,0754,4,10
S1601990,P004,911,0754,4,10
S1601990,P049,911,0754,2,10
E2000554,P003,911,0806,12,10
S1601990,P001,911,0800,4,10
S1601990,P004,911,0800,4,10
S1601990,P049,911,0800,2,10
S2001314,P004,911,0806,0,00
E5600798,P003,911,0806,4,10
E2000554,P003,911,0812,13,10
S3200688,P001,911,0806,10,10
S3200688,P002,911,0806,11,10
S3200688,P003,911,0806,11,10
S3200688,P004,911,0806,11,10
S1601990,P001,911,0806,5,10
S1601990,P004,911,0806,4,10
S1601990,P049,911,0806,2,10
S2001314,P004,911,0812,0,00
E2000554,P003,923,0815,36,10
E2000554,P003,922,0815,13,10
E2000554,P003,936,0815,5,10
S3200688,P001,922,0800,49,10
S3200688,P001,923,0800,58,10
S3200688,P001,936,0800,4,10
S3200688,P002,922,0800,46,10
S3200688,P002,923,0800,56,10
S3200688,P002,936,0800,6,10
S3200688,P003,922,0800,53,10
S3200688,P003,923,0800,62,10
S3200688,P003,936,0800,5,10
S3200688,P004,922,0800,50,10
S3200688,P004,923,0800,52,10
S3200688,P004,936,0800,5,10
S3200688,P504,923,0800,18,10
S3200688,P504,936,0800,15,10
S3200688,P604,923,0800,17,10
S3200688,P604,936,0800,15,10
S3200688,P704,923,0800,21,10
S3200688,P704,936,0800,16,10
S3200688,P804,923,0800,20,10
S3200688,P804,936,0800,15,10
S3200688,P904,923,0800,20,10
S3200688,P904,936,0800,15,10
E5600798,P003,911,0812,3,10
E2000554,P003,911,0818,11,10
S3200688,P001,911,0812,10,10
S3200688,P002,911,0812,11,10
S3200688,P003,911,0812,8,10
S3200688,P004,911,0812,10,10
E5600798,P003,911,0818,6,10
E2000554,P003,911,0824,17,10
S3200688,P001,911,0818,10,10
S3200688,P002,911,0818,11,10
S3200688,P003,911,0818,8,10
S3200688,P004,911,0818,10,10
S1601990,P001,911,0818,5,10
S1601990,P004,911,0818,4,10
S1601990,P049,911,0818,2,10
S2005081,P401,911,0824,10,10
S2001314,P004,911,0824,0,00
E5600798,P003,911,0824,5,10
E2000554,P003,911,0830,12,10
E2000554,P003,923,0830,39,10
E2000554,P003,922,0830,12,10
E2000554,P003,936,0830,5,10
S3200688,P001,922,0815,49,10
S3200688,P001,923,0815,58,10
S3200688,P001,936,0815,4,10
S3200688,P002,922,0815,47,10
S3200688,P002,923,0815,56,10
S3200688,P002,936,0815,5,10
S3200688,P003,922,0815,54,10
S3200688,P003,923,0815,63,10
S3200688,P003,936,0815,5,10
S3200688,P004,922,0815,49,10
S3200688,P004,923,0815,58,10
S3200688,P004,936,0815,5,10
S3200688,P504,923,0815,17,10
S3200688,P504,936,0815,15,10
S3200688,P604,923,0815,18,10
S3200688,P604,936,0815,16,10
S3200688,P704,923,0815,21,10
S3200688,P704,936,0815,16,10
S3200688,P804,923,0815,20,10
S3200688,P804,936,0815,15,10
S3200688,P904,923,0815,20,10
S3200688,P904,936,0815,15,10
S3200688,P001,911,0824,10,10
S3200688,P002,911,0824,11,10
S3200688,P003,911,0824,7,10
S3200688,P004,911,0824,13,10
S1601990,P001,911,0824,5,10
S1601990,P004,911,0824,4,10
S1601990,P049,911,0824,1,10
S2005081,P401,911,0830,11,10
S2005081,P401,923,0830,58,10
S2005081,P401,922,0830,11,10
S2005081,P401,936,0830,6,10
S2001314,P004,911,0830,0,00
S2001314,P004,923,0830,0,00
S2001314,P004,922,0830,0,00
S2001314,P004,936,0830,0,00
E5600798,P003,911,0830,4,10
E2000554,P003,911,0836,11,10
S3200688,P001,911,0830,10,10
S3200688,P002,911,0830,11,10
S3200688,P003,911,0830,7,10
S3200688,P004,911,0830,11,10
S1601990,P001,911,0830,3,10
S1601990,P004,911,0830,4,10
S1601990,P049,911,0830,1,10
S2005081,P401,911,0836,10,10
S2001314,P004,911,0836,0,00
E5600798,P003,911,0836,5,10
E2000554,P003,911,0842,10,10
S3200688,P001,911,0836,10,10
S3200688,P002,911,0836,11,10
S3200688,P003,911,0836,7,10
S3200688,P004,911,0836,11,10
S2005081,P401,911,0842,12,10
S2001314,P004,911,0842,0,00
E2000554,P003,923,0845,0,20
E2000554,P003,922,0845,0,20
E2000554,P003,936,0845,0,20
S3200688,P001,922,0830,49,10
S3200688,P001,923,0830,58,10
S3200688,P001,936,0830,4,10
S3200688,P002,922,0830,50,10
S3200688,P002,923,0830,58,10
S3200688,P002,936,0830,5,10
S3200688,P003,922,0830,50,10
S3200688,P003,923,0830,62,10
S3200688,P003,936,0830,5,10
S3200688,P004,922,0830,48,10
S3200688,P004,923,0830,57,10
S3200688,P004,936,0830,5,10
S3200688,P504,923,0830,17,10
S3200688,P504,936,0830,15,10
S3200688,P604,923,0830,17,10
S3200688,P604,936,0830,16,10
S3200688,P704,923,0830,21,10
S3200688,P704,936,0830,16,10
S3200688,P804,923,0830,19,10
S3200688,P804,936,0830,15,10
S3200688,P904,923,0830,20,10
S3200688,P904,936,0830,15,10
S2001314,P004,923,0845,0,20
S2001314,P004,922,0845,0,20
S2001314,P004,936,0845,0,20
E2000554,P003,911,0848,13,10
S3200688,P001,911,0842,10,10
S3200688,P002,911,0842,11,10
S3200688,P003,911,0842,7,10
S3200688,P004,911,0842,10,10
S2001314,P004,911,0848,0,00
E2000554,P003,911,0854,10,10
S3200688,P001,911,0848,10,10
S3200688,P002,911,0848,11,10
S3200688,P003,911,0848,8,10
S3200688,P004,911,0848,10,10
S1601990,P001,911,0848,4,10
S1601990,P004,911,0848,4,10
S1601990,P049,911,0848,2,10
S2001314,P004,911,0854,0,00
E2000554,P003,911,0900,10,10
E2000554,P003,923,0900,0,20
E2000554,P003,922,0900,0,20
E2000554,P003,936,0900,0,20
E2000554,P003,248,0800,301712,10
E2000554,P003,259,0800,55,10
E2000554,P003,223,0800,38,10
E2000554,P003,222,0800,12,10
E2000554,P003,236,0800,5,10
S3200688,P001,222,0800,49,10
S3200688,P001,223,0800,59,10
S3200688,P001,236,0800,4,10
S3200688,P001,248,0800,1626104,10
S3200688,P001,259,0800,98,10
S3200688,P002,222,0800,49,10
S3200688,P002,223,0800,57,10
S3200688,P002,236,0800,5,10
S3200688,P002,248,0800,1490298,10
S3200688,P002,259,0800,91,10
S3200688,P003,222,0800,52,10
S3200688,P003,223,0800,61,10
S3200688,P003,236,0800,5,10
S3200688,P003,248,0800,2064418,10
S3200688,P003,259,0800,100,10
S3200688,P004,222,0800,49,10
S3200688,P004,223,0800,56,10
S3200688,P004,236,0800,5,10
S3200688,P004,248,0800,2028134,10
S3200688,P004,259,0800,99,10
S3200688,P504,223,0800,17,10
S3200688,P504,236,0800,15,10
S3200688,P504,248,0800,1831616,10
S3200688,P504,259,0800,102,10
S3200688,P604,223,0800,17,10
S3200688,P604,236,0800,16,10
S3200688,P604,248,0800,2049024,10
S3200688,P604,259,0800,108,10
S3200688,P704,223,0800,21,10
S3200688,P704,236,0800,16,10
S3200688,P704,248,0800,2075152,10
S3200688,P704,259,0800,106,10
S3200688,P804,223,0800,19,10
S3200688,P804,236,0800,15,10
S3200688,P804,248,0800,2367051,10
S3200688,P804,259,0800,108,10
S3200688,P904,223,0800,20,10
S3200688,P904,236,0800,15,10
S3200688,P904,248,0800,1114014,10
S3200688,P904,259,0800,121,10
S3200688,P001,922,0845,49,10
S3200688,P001,923,0845,59,10
S3200688,P001,936,0845,4,10
S3200688,P002,922,0845,52,10
S3200688,P002,923,0845,57,10
S3200688,P002,936,0845,5,10
S3200688,P003,922,0845,50,10
S3200688,P003,923,0845,59,10
S3200688,P003,936,0845,5,10
S3200688,P004,922,0845,48,10
S3200688,P004,923,0845,56,10
S3200688,P004,936,0845,5,10
S3200688,P504,923,0845,17,10
S3200688,P504,936,0845,15,10
S3200688,P604,923,0845,17,10
S3200688,P604,936,0845,16,10
S3200688,P704,923,0845,20,10
S3200688,P704,936,0845,16,10
S3200688,P804,923,0845,19,10
S3200688,P804,936,0845,15,10
S3200688,P904,923,0845,19,10
S3200688,P904,936,0845,15,10
S3200688,P001,911,0854,10,10
S3200688,P002,911,0854,11,10
S3200688,P003,911,0854,7,10
S3200688,P004,911,0854,10,10
S1601990,P001,911,0854,4,10
S1601990,P004,911,0854,4,10
S1601990,P049,911,0854,1,10
S2001314,P004,911,0900,0,00
S2001314,P004,923,0900,0,20
S2001314,P004,922,0900,0,20
S2001314,P004,936,0900,0,20
S2001314,P004,248,0800,0,00
S2001314,P004,259,0800,0,00
S2001314,P004,223,0800,0,00
S2001314,P004,222,0800,0,00
S2001314,P004,236,0800,0,00
E2000554,P003,911,0906,10,10
S3200688,P001,911,0900,10,10
S3200688,P002,911,0900,11,10
S3200688,P003,911,0900,8,10
S3200688,P004,911,0900,10,10
S1601990,P001,911,0900,4,10
S1601990,P004,911,0900,4,10
S1601990,P049,911,0900,1,10
S2001314,P004,911,0906,0,20
E2000554,P003,911,0912,17,10
S3200688,P001,911,0906,10,10
S3200688,P002,911,0906,11,10
S3200688,P003,911,0906,11,10
S3200688,P004,911,0906,10,10
S1601990,P001,911,0906,4,10
S1601990,P004,911,0906,4,10
S1601990,P049,911,0906,1,10
S2001314,P004,911,0912,0,00
E2000554,P003,923,0915,0,20
E2000554,P003,922,0915,0,20
E2000554,P003,936,0915,0,20
S2001314,P004,923,0915,0,00
S2001314,P004,922,0915,0,00
S2001314,P004,936,0915,0,00
S3200688,P001,911,0912,10,10
S3200688,P002,911,0912,11,10
S3200688,P003,911,0912,8,10
S3200688,P004,911,0912,9,10
S1601990,P001,911,0912,4,10
S1601990,P004,911,0912,4,10
S1601990,P049,911,0912,1,10
S2001314,P004,911,0918,0,00
E2000554,P003,911,0924,11,10
S3200688,P001,911,0918,10,10
S3200688,P002,911,0918,11,10
S3200688,P003,911,0918,7,10
S3200688,P004,911,0918,11,10
S1601990,P001,911,0918,4,10
S1601990,P004,911,0918,4,10
S1601990,P049,911,0918,1,10
S2001314,P004,911,0924,0,00
E2000554,P003,911,0930,11,10
E2000554,P003,923,0930,0,20
E2000554,P003,922,0930,0,20
E2000554,P003,936,0930,0,20
S3200688,P001,922,0915,49,10
S3200688,P001,923,0915,58,10
S3200688,P001,936,0915,4,10
S3200688,P002,922,0915,54,10
S3200688,P002,923,0915,56,10
S3200688,P002,936,0915,5,10
S3200688,P003,922,0915,51,10
S3200688,P003,923,0915,57,10
S3200688,P003,936,0915,5,10
S3200688,P004,922,0915,47,10
S3200688,P004,923,0915,57,10
S3200688,P004,936,0915,5,10
S3200688,P504,923,0915,18,10
S3200688,P504,936,0915,15,10
S3200688,P604,923,0915,16,10
S3200688,P604,936,0915,15,10
S3200688,P704,923,0915,20,10
S3200688,P704,936,0915,15,10
S3200688,P804,923,0915,19,10
S3200688,P804,936,0915,15,10
S3200688,P904,923,0915,19,10
S3200688,P904,936,0915,15,10
S3200688,P001,911,0924,10,10
S3200688,P002,911,0924,11,10
S3200688,P003,911,0924,7,10
S3200688,P004,911,0924,13,10
S1601990,P001,911,0924,4,10
S1601990,P004,911,0924,4,10
S1601990,P049,911,0924,2,10
S2001314,P004,911,0930,0,00
S2001314,P004,923,0930,0,00
S2001314,P004,922,0930,0,00
S2001314,P004,936,0930,0,00
E2000554,P003,911,0936,0,20
S1601990,P001,911,0930,4,10
S1601990,P004,911,0930,3,10
S1601990,P049,911,0930,2,10
S2001314,P004,911,0936,0,00
E2000554,P003,911,0942,14,10
S3200688,P001,911,0936,10,10
S3200688,P002,911,0936,11,10
S3200688,P003,911,0936,7,10
S3200688,P004,911,0936,9,10
S1601990,P001,911,0936,4,10
S1601990,P004,911,0936,3,10
S1601990,P049,911,0936,2,10
S2001314,P004,911,0942,0,00
E2000554,P003,923,0945,41,10
E2000554,P003,922,0945,19,10
E2000554,P003,936,0945,5,10
S3200688,P001,922,0930,49,10
S3200688,P001,923,0930,59,10
S3200688,P001,936,0930,4,10
S3200688,P002,922,0930,54,10
S3200688,P002,923,0930,57,10
S3200688,P002,936,0930,5,10
S3200688,P003,922,0930,53,10
S3200688,P003,923,0930,58,10
S3200688,P003,936,0930,5,10
S3200688,P004,922,0930,48,10
S3200688,P004,923,0930,56,10
S3200688,P004,936,0930,5,10
S3200688,P504,923,0930,18,10
S3200688,P504,936,0930,15,10
S3200688,P604,923,0930,17,10
S3200688,P604,936,0930,16,10
S3200688,P704,923,0930,20,10
S3200688,P704,936,0930,16,10
S3200688,P804,923,0930,19,10
S3200688,P804,936,0930,15,10
S3200688,P904,923,0930,19,10
S3200688,P904,936,0930,15,10
S2001314,P004,923,0945,0,00
S2001314,P004,922,0945,0,00
S2001314,P004,936,0945,0,00
S3200688,P001,911,0942,10,10
S3200688,P002,911,0942,11,10
S3200688,P003,911,0942,7,10
S3200688,P004,911,0942,9,10
S1601990,P001,911,0942,3,10
S1601990,P004,911,0942,3,10
S1601990,P049,911,0942,2,10
E2000554,P003,911,0954,10,10
S3200688,P001,911,0948,10,10
S3200688,P002,911,0948,11,10
S3200688,P003,911,0948,7,10
S3200688,P004,911,0948,10,10
S1601990,P001,911,0948,3,10
S1601990,P004,911,0948,3,10
S1601990,P049,911,0948,2,10
S2001314,P004,911,0954,0,00
E2000554,P003,911,1000,18,10
E2000554,P003,923,1000,41,10
E2000554,P003,922,1000,15,10
E2000554,P003,936,1000,5,10
E2000554,P003,248,0900,305700,10
E2000554,P003,259,0900,56,10
E2000554,P003,223,0900,41,10
E2000554,P003,222,0900,17,10
E2000554,P003,236,0900,5,10
S3200688,P001,222,0900,49,10
S3200688,P001,223,0900,59,10
S3200688,P001,236,0900,4,10
S3200688,P001,248,0900,1633540,10
S3200688,P001,259,0900,99,10
S3200688,P002,222,0900,54,10
S3200688,P002,223,0900,58,10
S3200688,P002,236,0900,5,10
S3200688,P002,248,0900,1502197,10
S3200688,P002,259,0900,92,10
S3200688,P003,222,0900,52,10
S3200688,P003,223,0900,58,10
S3200688,P003,236,0900,5,10
S3200688,P003,248,0900,2074782,10
S3200688,P003,259,0900,100,10
S3200688,P004,222,0900,47,10
S3200688,P004,223,0900,56,10
S3200688,P004,236,0900,5,10
S3200688,P004,248,0900,2037539,10
S3200688,P004,259,0900,99,10
S3200688,P504,223,0900,18,10
S3200688,P504,236,0900,15,10
S3200688,P504,248,0900,1831036,10
S3200688,P504,259,0900,103,10
S3200688,P604,223,0900,17,10
S3200688,P604,236,0900,15,10
S3200688,P604,248,0900,2096287,10
S3200688,P604,259,0900,108,10
S3200688,P704,223,0900,20,10
S3200688,P704,236,0900,16,10
S3200688,P704,248,0900,2124157,10
S3200688,P704,259,0900,106,10
S3200688,P804,223,0900,19,10
S3200688,P804,236,0900,15,10
S3200688,P804,248,0900,2373964,10
S3200688,P804,259,0900,108,10
S3200688,P904,223,0900,19,10
S3200688,P904,236,0900,15,10
S3200688,P904,248,0900,1118523,10
S3200688,P904,259,0900,118,10
S3200688,P001,922,0945,49,10
S3200688,P001,923,0945,58,10
S3200688,P001,936,0945,4,10
S3200688,P002,922,0945,55,10
S3200688,P002,923,0945,61,10
S3200688,P002,936,0945,6,10
S3200688,P003,922,0945,53,10
S3200688,P003,923,0945,57,10
S3200688,P003,936,0945,5,10
S3200688,P004,922,0945,47,10
S3200688,P004,923,0945,55,10
S3200688,P004,936,0945,5,10
S3200688,P504,923,0945,18,10
S3200688,P504,936,0945,15,10
S3200688,P604,923,0945,16,10
S3200688,P604,936,0945,15,10
S3200688,P704,923,0945,20,10
S3200688,P704,936,0945,15,10
S3200688,P804,923,0945,19,10
S3200688,P804,936,0945,15,10
S3200688,P904,923,0945,19,10
S3200688,P904,936,0945,15,10
S3200688,P001,911,0954,10,10
S3200688,P002,911,0954,11,10
S3200688,P003,911,0954,7,10
S3200688,P004,911,0954,9,10
S1601990,P001,911,0954,3,10
S1601990,P004,911,0954,3,10
S1601990,P049,911,0954,2,10
S2001314,P004,911,1000,0,00
S2001314,P004,923,1000,0,00
S2001314,P004,922,1000,0,00
S2001314,P004,936,1000,0,00
S2001314,P004,248,0900,0,00
S2001314,P004,259,0900,0,00
S2001314,P004,223,0900,0,00
S2001314,P004,222,0900,0,00
S2001314,P004,236,0900,0,00
E2000554,P003,911,1006,12,10
S3200688,P001,911,1000,10,10
S3200688,P002,911,1000,11,10
S3200688,P003,911,1000,7,10
S3200688,P004,911,1000,9,10
S1601990,P001,911,1000,3,10
S1601990,P004,911,1000,3,10
S1601990,P049,911,1000,2,10
S2001314,P004,911,1006,0,00
E2000554,P003,911,1012,10,10
S3200688,P001,911,1006,10,10
S3200688,P002,911,1006,11,10
S3200688,P003,911,1006,11,10
S3200688,P004,911,1006,9,10
S1601990,P001,911,1006,3,10
S1601990,P004,911,1006,3,10
S1601990,P049,911,1006,2,10
S2001314,P004,911,1012,0,00
S3200688,P001,922,1000,49,10
S3200688,P001,923,1000,58,10
S3200688,P001,936,1000,4,10
S3200688,P002,922,1000,54,10
S3200688,P002,923,1000,58,10
S3200688,P002,936,1000,6,10
S3200688,P003,922,1000,51,10
S3200688,P003,923,1000,57,10
S3200688,P003,936,1000,5,10
S3200688,P004,922,1000,47,10
S3200688,P004,923,1000,54,10
S3200688,P004,936,1000,5,10
S3200688,P504,923,1000,18,10
S3200688,P504,936,1000,15,10
S3200688,P604,923,1000,17,10
S3200688,P604,936,1000,16,10
S3200688,P704,923,1000,20,10
S3200688,P704,936,1000,16,10
S3200688,P804,923,1000,19,10
S3200688,P804,936,1000,15,10
S3200688,P904,923,1000,19,10
S3200688,P904,936,1000,15,10
S2001314,P004,923,1015,0,00
S2001314,P004,922,1015,0,00
S2001314,P004,936,1015,0,00
E2000554,P003,911,1018,11,10
S3200688,P001,911,1012,10,10
S3200688,P002,911,1012,11,10
S3200688,P003,911,1012,7,10
S3200688,P004,911,1012,9,10
S1601990,P001,911,1012,3,10
S1601990,P004,911,1012,3,10
S1601990,P049,911,1012,1,10
S2001314,P004,911,1018,0,00
E2000554,P003,911,1024,12,10
S3200688,P001,911,1018,10,10
S3200688,P002,911,1018,11,10
S3200688,P003,911,1018,7,10
S3200688,P004,911,1018,9,10
S1601990,P001,911,1018,2,10
S1601990,P004,911,1018,3,10
S1601990,P049,911,1018,1,10
S2001314,P004,911,1024,0,00
E2000554,P003,911,1030,11,10
E2000554,P003,923,1030,43,10
E2000554,P003,922,1030,14,10
E2000554,P003,936,1030,5,10
S3200688,P001,922,1015,49,10
S3200688,P001,923,1015,58,10
S3200688,P001,936,1015,4,10
S3200688,P002,922,1015,55,10
S3200688,P002,923,1015,61,10
S3200688,P002,936,1015,6,10
S3200688,P003,922,1015,52,10
S3200688,P003,923,1015,58,10
S3200688,P003,936,1015,5,10
S3200688,P004,922,1015,47,10
S3200688,P004,923,1015,53,10
S3200688,P004,936,1015,5,10
S3200688,P504,923,1015,18,10
S3200688,P504,936,1015,15,10
S3200688,P604,923,1015,17,10
S3200688,P604,936,1015,15,10
S3200688,P704,923,1015,20,10
S3200688,P704,936,1015,16,10
S3200688,P804,923,1015,19,10
S3200688,P804,936,1015,15,10
S3200688,P904,923,1015,19,10
S3200688,P904,936,1015,15,10
S3200688,P001,911,1024,10,10
S3200688,P002,911,1024,11,10
S3200688,P003,911,1024,7,10
S3200688,P004,911,1024,12,10
S1601990,P001,911,1024,3,10
S1601990,P004,911,1024,3,10
S1601990,P049,911,1024,1,10
S2001314,P004,911,1030,0,00
S2001314,P004,923,1030,0,00
S2001314,P004,922,1030,0,00
S2001314,P004,936,1030,0,00
E2000554,P003,911,1036,11,10
S3200688,P001,911,1030,10,10
S3200688,P002,911,1030,11,10
S3200688,P003,911,1030,7,10
S3200688,P004,911,1030,9,10
S1601990,P001,911,1030,3,10
S1601990,P004,911,1030,3,10
S1601990,P049,911,1030,1,10
S2001314,P004,911,1036,0,00
E2000554,P003,911,1042,11,10
S3200688,P001,911,1036,10,10
S3200688,P002,911,1036,11,10
S3200688,P003,911,1036,7,10
S3200688,P004,911,1036,9,10
S1601990,P001,911,1036,3,10
S1601990,P004,911,1036,3,10
S1601990,P049,911,1036,1,10
S2001314,P004,911,1042,0,00
S3200688,P001,922,1030,49,10
S3200688,P001,923,1030,58,10
S3200688,P001,936,1030,4,10
S3200688,P002,922,1030,56,10
S3200688,P002,923,1030,38,10
S3200688,P002,936,1030,6,10
S3200688,P003,922,1030,51,10
S3200688,P003,923,1030,54,10
S3200688,P003,936,1030,5,10
S3200688,P004,922,1030,47,10
S3200688,P004,923,1030,51,10
S3200688,P004,936,1030,5,10
S3200688,P504,923,1030,18,10
S3200688,P504,936,1030,15,10
S3200688,P604,923,1030,17,10
S3200688,P604,936,1030,15,10
S3200688,P704,923,1030,20,10
S3200688,P704,936,1030,16,10
S3200688,P804,923,1030,19,10
S3200688,P804,936,1030,15,10
S3200688,P904,923,1030,19,10
S3200688,P904,936,1030,15,10
S2001314,P004,923,1045,0,00
S2001314,P004,922,1045,0,00
S2001314,P004,936,1045,0,00
E2000554,P003,911,1048,17,10
S2001314,P004,911,1048,0,00
E2000554,P003,911,1054,11,10
S3200688,P001,911,1048,10,10
S3200688,P002,911,1048,11,10
S3200688,P003,911,1048,7,10
S3200688,P004,911,1048,9,10
S1601990,P001,911,1048,3,10
S1601990,P004,911,1048,3,10
S1601990,P049,911,1048,1,10
S2001314,P004,911,1054,0,00
E2000554,P003,911,1100,11,10
E2000554,P003,923,1100,34,10
E2000554,P003,922,1100,15,10
E2000554,P003,936,1100,5,10
E2000554,P003,248,1000,308019,10
E2000554,P003,259,1000,56,10
E2000554,P003,223,1000,38,10
E2000554,P003,222,1000,14,10
E2000554,P003,236,1000,5,10
S3200688,P001,222,1000,49,10
S3200688,P001,223,1000,58,10
S3200688,P001,236,1000,4,10
S3200688,P001,248,1000,1642201,10
S3200688,P001,259,1000,100,10
S3200688,P002,222,1000,55,10
S3200688,P002,223,1000,50,10
S3200688,P002,236,1000,6,10
S3200688,P002,248,1000,1507273,10
S3200688,P002,259,1000,91,10
S3200688,P003,222,1000,51,10
S3200688,P003,223,1000,56,10
S3200688,P003,236,1000,5,10
S3200688,P003,248,1000,2066244,10
S3200688,P003,259,1000,100,10
S3200688,P004,222,1000,47,10
S3200688,P004,223,1000,52,10
S3200688,P004,236,1000,5,10
S3200688,P004,248,1000,2048324,10
S3200688,P004,259,1000,99,10
S3200688,P504,223,1000,18,10
S3200688,P504,236,1000,15,10
S3200688,P504,248,1000,1829255,10
S3200688,P504,259,1000,103,10
S3200688,P604,223,1000,17,10
S3200688,P604,236,1000,15,10
S3200688,P604,248,1000,2118762,10
S3200688,P604,259,1000,108,10
S3200688,P704,223,1000,20,10
S3200688,P704,236,1000,16,10
S3200688,P704,248,1000,2141315,10
S3200688,P704,259,1000,106,10
S3200688,P804,223,1000,19,10
S3200688,P804,236,1000,15,10
S3200688,P804,248,1000,2347007,10
S3200688,P804,259,1000,109,10
S3200688,P904,223,1000,19,10
S3200688,P904,236,1000,15,10
S3200688,P904,248,1000,1130167,10
S3200688,P904,259,1000,116,10
S3200688,P001,922,1045,48,10
S3200688,P001,923,1045,58,10
S3200688,P001,936,1045,4,10
S3200688,P002,922,1045,56,10
S3200688,P002,923,1045,44,10
S3200688,P002,936,1045,6,10
S3200688,P003,922,1045,52,10
S3200688,P003,923,1045,54,10
S3200688,P003,936,1045,5,10
S3200688,P004,922,1045,47,10
S3200688,P004,923,1045,51,10
S3200688,P004,936,1045,5,10
S3200688,P504,923,1045,18,10
S3200688,P504,936,1045,15,10
S3200688,P604,923,1045,16,10
S3200688,P604,936,1045,15,10
S3200688,P704,923,1045,20,10
S3200688,P704,936,1045,15,10
S3200688,P804,923,1045,19,10
S3200688,P804,936,1045,15,10
S3200688,P904,923,1045,19,10
S3200688,P904,936,1045,15,10
S3200688,P001,911,1054,10,10
S3200688,P002,911,1054,11,10
S3200688,P003,911,1054,7,10
S3200688,P004,911,1054,8,10
S1601990,P001,911,1054,3,10
S1601990,P004,911,1054,3,10
S1601990,P049,911,1054,1,10
S2001314,P004,911,1100,0,00
S2001314,P004,923,1100,0,00
S2001314,P004,922,1100,0,00
S2001314,P004,936,1100,0,00
S2001314,P004,248,1000,0,00
S2001314,P004,259,1000,0,00
S2001314,P004,223,1000,0,00
S2001314,P004,222,1000,0,00
S2001314,P004,236,1000,0,00
E2000554,P003,911,1106,12,10
S3200688,P001,911,1100,10,10
S3200688,P002,911,1100,11,10
S3200688,P003,911,1100,0,20
S3200688,P004,911,1100,8,10
S1601990,P001,911,1100,2,10
S1601990,P004,911,1100,3,10
S1601990,P049,911,1100,2,10
S2001314,P004,911,1106,0,00
E2000554,P003,911,1112,12,10
S3200688,P001,911,1106,10,10
S3200688,P002,911,1106,11,10
S3200688,P003,911,1106,12,10
S3200688,P004,911,1106,7,10
S1601990,P001,911,1106,3,10
S1601990,P004,911,1106,3,10
S1601990,P049,911,1106,1,10
S2001314,P004,911,1112,0,00
E2000554,P003,923,1115,36,10
E2000554,P003,922,1115,13,10
E2000554,P003,936,1115,5,10
S3200688,P001,922,1100,49,10
S3200688,P001,923,1100,59,10
S3200688,P001,936,1100,4,10
S3200688,P002,922,1100,55,10
S3200688,P002,923,1100,50,10
S3200688,P002,936,1100,6,10
S3200688,P003,922,1100,53,10
S3200688,P003,923,1100,58,10
S3200688,P003,936,1100,5,10
S3200688,P004,922,1100,47,10
S3200688,P004,923,1100,50,10
S3200688,P004,936,1100,5,10
S3200688,P504,923,1100,17,10
S3200688,P504,936,1100,15,10
S3200688,P604,923,1100,16,10
S3200688,P604,936,1100,15,10
S3200688,P704,923,1100,19,10
S3200688,P704,936,1100,15,10
S3200688,P804,923,1100,18,10
S3200688,P804,936,1100,15,10
S3200688,P904,923,1100,18,10
S3200688,P904,936,1100,15,10
S2001314,P004,923,1115,0,00
S2001314,P004,922,1115,0,00
S2001314,P004,936,1115,0,00
E2000554,P003,911,1118,12,10
S3200688,P001,911,1112,10,10
S3200688,P002,911,1112,11,10
S3200688,P003,911,1112,7,10
S3200688,P004,911,1112,7,10
S2001314,P004,911,1118,0,00
S3200688,P001,911,1118,10,10
S3200688,P002,911,1118,11,10
S3200688,P003,911,1118,7,10
S3200688,P004,911,1118,7,10
S1601990,P001,911,1118,2,10
S1601990,P004,911,1118,3,10
S1601990,P049,911,1118,1,10
S3200688,P001,922,1115,49,10
S3200688,P001,923,1115,59,10
S3200688,P001,936,1115,4,10
S3200688,P002,922,1115,53,10
S3200688,P002,923,1115,53,10
S3200688,P002,936,1115,6,10
S3200688,P003,922,1115,53,10
S3200688,P003,923,1115,56,10
S3200688,P003,936,1115,5,10
S3200688,P004,922,1115,46,10
S3200688,P004,923,1115,52,10
S3200688,P004,936,1115,5,10
S3200688,P504,923,1115,17,10
S3200688,P504,936,1115,14,10
S3200688,P604,923,1115,16,10
S3200688,P604,936,1115,15,10
S3200688,P704,923,1115,20,10
S3200688,P704,936,1115,15,10
S3200688,P804,923,1115,18,10
S3200688,P804,936,1115,15,10
S3200688,P904,923,1115,18,10
S3200688,P904,936,1115,15,10
S3200688,P001,911,1124,10,10
S3200688,P002,911,1124,11,10
S3200688,P003,911,1124,7,10
S3200688,P004,911,1124,10,10
S1601990,P001,911,1124,2,10
S1601990,P004,911,1124,3,10
S1601990,P049,911,1124,1,10
S3200688,P001,911,1130,10,10
S3200688,P002,911,1130,11,10
S3200688,P003,911,1130,7,10
S3200688,P004,911,1130,8,10
S1601990,P001,911,1130,2,10
S1601990,P004,911,1130,3,10
S1601990,P049,911,1130,1,10
S3200688,P001,911,1136,10,10
S3200688,P002,911,1136,11,10
S3200688,P003,911,1136,7,10
S3200688,P004,911,1136,7,10
S1601990,P001,911,1136,3,10
S1601990,P004,911,1136,3,10
S1601990,P049,911,1136,1,10
S3200688,P001,922,1130,48,10
S3200688,P001,923,1130,58,10
S3200688,P001,936,1130,4,10
S3200688,P002,922,1130,52,10
S3200688,P002,923,1130,56,10
S3200688,P002,936,1130,6,10
S3200688,P003,922,1130,52,10
S3200688,P003,923,1130,56,10
S3200688,P003,936,1130,5,10
S3200688,P004,922,1130,46,10
S3200688,P004,923,1130,52,10
S3200688,P004,936,1130,5,10
S3200688,P504,923,1130,17,10
S3200688,P504,936,1130,14,10
S3200688,P604,923,1130,0,31
S3200688,P604,936,1130,0,31
S3200688,P704,923,1130,0,31
S3200688,P704,936,1130,0,31
S3200688,P804,923,1130,18,10
S3200688,P804,936,1130,15,10
S3200688,P904,923,1130,0,31
S3200688,P904,936,1130,0,31
S3200688,P001,911,1142,10,10
S3200688,P002,911,1142,11,10
S3200688,P003,911,1142,7,10
S3200688,P004,911,1142,7,10
S1601990,P001,911,1142,3,10
S1601990,P004,911,1142,3,10
S1601990,P049,911,1142,1,10
S3200688,P001,911,1148,10,10
S3200688,P002,911,1148,11,10
S3200688,P003,911,1148,7,10
S3200688,P004,911,1148,8,10
S1601990,P001,911,1148,2,10
S1601990,P004,911,1148,3,10
S1601990,P049,911,1148,1,10
S3200688,P001,222,1100,49,10
S3200688,P001,223,1100,58,10
S3200688,P001,236,1100,4,10
S3200688,P001,248,1100,1638612,10
S3200688,P001,259,1100,99,10
S3200688,P002,222,1100,53,10
S3200688,P002,223,1100,55,10
S3200688,P002,236,1100,6,10
S3200688,P002,248,1100,1503682,10
S3200688,P002,259,1100,91,10
S3200688,P003,222,1100,52,10
S3200688,P003,223,1100,56,10
S3200688,P003,236,1100,5,10
S3200688,P003,248,1100,2060750,10
S3200688,P003,259,1100,100,10
S3200688,P004,222,1100,47,10
S3200688,P004,223,1100,52,10
S3200688,P004,236,1100,5,10
S3200688,P004,248,1100,2042182,10
S3200688,P004,259,1100,100,10
S3200688,P504,223,1100,17,10
S3200688,P504,236,1100,14,10
S3200688,P504,248,1100,2132801,10
S3200688,P504,259,1100,104,10
S3200688,P604,223,1100,16,10
S3200688,P604,236,1100,15,10
S3200688,P604,248,1100,2495221,10
S3200688,P604,259,1100,109,10
S3200688,P704,223,1100,19,10
S3200688,P704,236,1100,15,10
S3200688,P704,248,1100,2564058,10
S3200688,P704,259,1100,109,10
S3200688,P804,223,1100,18,10
S3200688,P804,236,1100,15,10
S3200688,P804,248,1100,2665959,10
S3200688,P804,259,1100,112,10
S3200688,P904,223,1100,18,10
S3200688,P904,236,1100,15,10
S3200688,P904,248,1100,1263114,10
S3200688,P904,259,1100,117,10
S3200688,P001,922,1145,49,10
S3200688,P001,923,1145,58,10
S3200688,P001,936,1145,4,10
S3200688,P002,922,1145,50,10
S3200688,P002,923,1145,58,10
S3200688,P002,936,1145,6,10
S3200688,P003,922,1145,51,10
S3200688,P003,923,1145,53,10
S3200688,P003,936,1145,5,10
S3200688,P004,922,1145,48,10
S3200688,P004,923,1145,54,10
S3200688,P004,936,1145,5,10
S3200688,P504,923,1145,17,10
S3200688,P504,936,1145,14,10
S3200688,P604,923,1145,0,31
S3200688,P604,936,1145,0,31
S3200688,P704,923,1145,0,31
S3200688,P704,936,1145,0,31
S3200688,P804,923,1145,18,10
S3200688,P804,936,1145,15,10
S3200688,P904,923,1145,0,20
S3200688,P904,936,1145,0,31
S3200688,P001,911,1154,10,10
S3200688,P002,911,1154,11,10
S3200688,P003,911,1154,7,10
S3200688,P004,911,1154,7,10
S1601990,P001,911,1154,2,10
S1601990,P004,911,1154,2,10
S1601990,P049,911,1154,1,10
S3200688,P001,911,1200,10,10
S3200688,P002,911,1200,11,10
S3200688,P003,911,1200,7,10
S3200688,P004,911,1200,7,10
S1601990,P001,911,1200,2,10
S1601990,P004,911,1200,3,10
S1601990,P049,911,1200,1,10
S3200688,P001,911,1206,10,10
S3200688,P002,911,1206,11,10
S3200688,P003,911,1206,11,10
S3200688,P004,911,1206,7,10
S1601990,P001,911,1206,2,10
S1601990,P004,911,1206,3,10
S1601990,P049,911,1206,1,10
S3200688,P001,922,1200,49,10
S3200688,P001,923,1200,58,10
S3200688,P001,936,1200,4,10
S3200688,P002,922,1200,50,10
S3200688,P002,923,1200,59,10
S3200688,P002,936,1200,6,10
S3200688,P003,922,1200,54,10
S3200688,P003,923,1200,53,10
S3200688,P003,936,1200,6,10
S3200688,P004,922,1200,45,10
S3200688,P004,923,1200,58,10
S3200688,P004,936,1200,5,10
S3200688,P504,923,1200,18,10
S3200688,P504,936,1200,15,10
S3200688,P604,923,1200,0,31
S3200688,P604,936,1200,0,31
S3200688,P704,923,1200,0,31
S3200688,P704,936,1200,0,31
S3200688,P804,923,1200,19,10
S3200688,P804,936,1200,15,10
S3200688,P904,923,1200,0,31
S3200688,P904,936,1200,0,31
S3200688,P001,911,1218,10,10
S3200688,P002,911,1218,11,10
S3200688,P003,911,1218,7,10
S3200688,P004,911,1218,7,10
S1601990,P001,911,1218,2,10
S1601990,P004,911,1218,3,10
S1601990,P049,911,1218,1,10
S3200688,P001,922,1215,49,10
S3200688,P001,923,1215,58,10
S3200688,P001,936,1215,4,10
S3200688,P002,922,1215,50,10
S3200688,P002,923,1215,60,10
S3200688,P002,936,1215,6,10
S3200688,P003,922,1215,55,10
S3200688,P003,923,1215,59,10
S3200688,P003,936,1215,5,10
S3200688,P004,922,1215,47,10
S3200688,P004,923,1215,59,10
S3200688,P004,936,1215,5,10
S3200688,P504,923,1215,18,10
S3200688,P504,936,1215,15,10
S3200688,P604,923,1215,0,31
S3200688,P604,936,1215,0,31
S3200688,P704,923,1215,0,31
S3200688,P704,936,1215,0,31
S3200688,P804,923,1215,19,10
S3200688,P804,936,1215,15,10
S3200688,P904,923,1215,0,31
S3200688,P904,936,1215,0,31
S3200688,P001,911,1224,10,10
S3200688,P002,911,1224,11,10
S3200688,P003,911,1224,7,10
S3200688,P004,911,1224,10,10
S1601990,P001,911,1224,2,10
S1601990,P004,911,1224,3,10
S1601990,P049,911,1224,1,10
S3200688,P001,911,1230,10,10
S3200688,P002,911,1230,11,10
S3200688,P003,911,1230,7,10
S3200688,P004,911,1230,7,10
S1601990,P001,911,1230,3,10
S1601990,P004,911,1230,3,10
S1601990,P049,911,1230,1,10
S3200688,P001,911,1236,10,10
S3200688,P002,911,1236,11,10
S3200688,P003,911,1236,7,10
S3200688,P004,911,1236,7,10
S1601990,P001,911,1236,3,10
S1601990,P004,911,1236,3,10
S1601990,P049,911,1236,1,10
S3200688,P001,922,1230,49,10
S3200688,P001,923,1230,59,10
S3200688,P001,936,1230,4,10
S3200688,P002,922,1230,50,10
S3200688,P002,923,1230,59,10
S3200688,P002,936,1230,6,10
S3200688,P003,922,1230,51,10
S3200688,P003,923,1230,56,10
S3200688,P003,936,1230,5,10
S3200688,P004,922,1230,49,10
S3200688,P004,923,1230,57,10
S3200688,P004,936,1230,5,10
S3200688,P504,923,1230,18,10
S3200688,P504,936,1230,15,10
S3200688,P604,923,1230,0,31
S3200688,P604,936,1230,0,31
S3200688,P704,923,1230,0,31
S3200688,P704,936,1230,0,31
S3200688,P804,923,1230,20,10
S3200688,P804,936,1230,15,10
S3200688,P904,923,1230,0,31
S3200688,P904,936,1230,0,31
S3200688,P001,911,1242,10,10
S3200688,P002,911,1242,11,10
S3200688,P003,911,1242,7,10
S3200688,P004,911,1242,7,10
S3200688,P001,911,1248,10,10
S3200688,P002,911,1248,11,10
S3200688,P003,911,1248,7,10
S3200688,P004,911,1248,7,10
S1601990,P001,911,1248,2,10
S1601990,P004,911,1248,3,10
S1601990,P049,911,1248,1,10
S3200688,P001,222,1200,49,10
S3200688,P001,223,1200,59,10
S3200688,P001,236,1200,4,10
S3200688,P001,248,1200,1612646,10
S3200688,P001,259,1200,99,10
S3200688,P002,222,1200,50,10
S3200688,P002,223,1200,60,10
S3200688,P002,236,1200,6,10
S3200688,P002,248,1200,1504992,10
S3200688,P002,259,1200,90,10
S3200688,P003,222,1200,53,10
S3200688,P003,223,1200,56,10
S3200688,P003,236,1200,5,10
S3200688,P003,248,1200,2000151,10
S3200688,P003,259,1200,100,10
S3200688,P004,222,1200,47,10
S3200688,P004,223,1200,58,10
S3200688,P004,236,1200,5,10
S3200688,P004,248,1200,2035633,10
S3200688,P004,259,1200,101,10
S3200688,P504,223,1200,18,10
S3200688,P504,236,1200,15,10
S3200688,P504,248,1200,1802607,10
S3200688,P504,259,1200,103,10
S3200688,P604,223,1200,0,31
S3200688,P604,236,1200,0,31
S3200688,P604,248,1200,0,31
S3200688,P604,259,1200,108,10
S3200688,P704,223,1200,0,31
S3200688,P704,236,1200,0,31
S3200688,P704,248,1200,0,31
S3200688,P704,259,1200,106,10
S3200688,P804,223,1200,19,10
S3200688,P804,236,1200,15,10
S3200688,P804,248,1200,2286501,10
S3200688,P804,259,1200,108,10
S3200688,P904,223,1200,0,31
S3200688,P904,236,1200,0,31
S3200688,P904,248,1200,0,31
S3200688,P904,259,1200,115,10
S3200688,P001,922,1245,49,10
S3200688,P001,923,1245,59,10
S3200688,P001,936,1245,4,10
S3200688,P002,922,1245,50,10
S3200688,P002,923,1245,61,10
S3200688,P002,936,1245,6,10
S3200688,P003,922,1245,50,10
S3200688,P003,923,1245,56,10
S3200688,P003,936,1245,5,10
S3200688,P004,922,1245,47,10
S3200688,P004,923,1245,58,10
S3200688,P004,936,1245,5,10
S3200688,P504,923,1245,18,10
S3200688,P504,936,1245,15,10
S3200688,P604,923,1245,0,31
S3200688,P604,936,1245,0,31
S3200688,P704,923,1245,0,31
S3200688,P704,936,1245,0,31
S3200688,P804,923,1245,19,10
S3200688,P804,936,1245,15,10
S3200688,P904,923,1245,0,31
S3200688,P904,936,1245,0,31
S3200688,P001,911,1254,10,10
S3200688,P002,911,1254,11,10
S3200688,P003,911,1254,7,10
S3200688,P004,911,1254,6,10
S1601990,P001,911,1254,2,10
S1601990,P004,911,1254,3,10
S1601990,P049,911,1254,1,10
S3200688,P001,911,1300,10,10
S3200688,P002,911,1300,11,10
S3200688,P003,911,1300,7,10
S3200688,P004,911,1300,7,10
S1601990,P001,911,1300,2,10
S1601990,P004,911,1300,3,10
S1601990,P049,911,1300,1,10
S3200688,P001,911,1306,10,10
S3200688,P002,911,1306,11,10
S3200688,P003,911,1306,10,10
S3200688,P004,911,1306,7,10
S1601990,P001,911,1306,3,10
S1601990,P004,911,1306,3,10
S1601990,P049,911,1306,1,10
S3200688,P001,922,1300,49,10
S3200688,P001,923,1300,59,10
S3200688,P001,936,1300,4,10
S3200688,P002,922,1300,49,10
S3200688,P002,923,1300,59,10
S3200688,P002,936,1300,6,10
S3200688,P003,922,1300,51,10
S3200688,P003,923,1300,56,10
S3200688,P003,936,1300,5,10
S3200688,P004,922,1300,46,10
S3200688,P004,923,1300,58,10
S3200688,P004,936,1300,5,10
S3200688,P504,923,1300,18,10
S3200688,P504,936,1300,15,10
S3200688,P604,923,1300,0,31
S3200688,P604,936,1300,0,31
S3200688,P704,923,1300,0,31
S3200688,P704,936,1300,0,31
S3200688,P804,923,1300,19,10
S3200688,P804,936,1300,15,10
S3200688,P904,923,1300,0,31
S3200688,P904,936,1300,0,31
S3200688,P001,911,1312,10,10
S3200688,P002,911,1312,11,10
S3200688,P003,911,1312,7,10
S3200688,P004,911,1312,6,10
S3200688,P001,911,1318,10,10
S3200688,P002,911,1318,11,10
S3200688,P003,911,1318,7,10
S3200688,P004,911,1318,6,10
S1601990,P001,911,1318,3,10
S1601990,P004,911,1318,3,10
S1601990,P049,911,1318,1,10
S3200688,P001,922,1315,49,10
S3200688,P001,923,1315,58,10
S3200688,P001,936,1315,4,10
S3200688,P002,922,1315,51,10
S3200688,P002,923,1315,60,10
S3200688,P002,936,1315,6,10
S3200688,P003,922,1315,51,10
S3200688,P003,923,1315,57,10
S3200688,P003,936,1315,5,10
S3200688,P004,922,1315,46,10
S3200688,P004,923,1315,59,10
S3200688,P004,936,1315,5,10
S3200688,P504,923,1315,18,10
S3200688,P504,936,1315,15,10
S3200688,P604,923,1315,0,31
S3200688,P604,936,1315,0,31
S3200688,P704,923,1315,0,31
S3200688,P704,936,1315,0,31
S3200688,P804,923,1315,18,10
S3200688,P804,936,1315,15,10
S3200688,P904,923,1315,0,31
S3200688,P904,936,1315,0,31
S3200688,P001,911,1324,10,10
S3200688,P002,911,1324,11,10
S3200688,P003,911,1324,7,10
S3200688,P004,911,1324,10,10
S1601990,P001,911,1324,2,10
S1601990,P004,911,1324,3,10
S1601990,P049,911,1324,1,10
S3200688,P001,911,1330,10,10
S3200688,P002,911,1330,11,10
S3200688,P003,911,1330,7,10
S3200688,P004,911,1330,7,10
S1601990,P001,911,1330,2,10
S1601990,P004,911,1330,3,10
S1601990,P049,911,1330,1,10
S3200688,P001,911,1336,10,10
S3200688,P002,911,1336,11,10
S3200688,P003,911,1336,7,10
S3200688,P004,911,1336,7,10
S1601990,P001,911,1336,2,10
S1601990,P004,911,1336,3,10
S1601990,P049,911,1336,1,10
S3200688,P001,922,1330,48,10
S3200688,P001,923,1330,58,10
S3200688,P001,936,1330,4,10
S3200688,P002,922,1330,53,10
S3200688,P002,923,1330,64,10
S3200688,P002,936,1330,6,10
S3200688,P003,922,1330,50,10
S3200688,P003,923,1330,55,10
S3200688,P003,936,1330,5,10
S3200688,P004,922,1330,45,10
S3200688,P004,923,1330,59,10
S3200688,P004,936,1330,5,10
S3200688,P504,923,1330,17,10
S3200688,P504,936,1330,14,10
S3200688,P604,923,1330,0,31
S3200688,P604,936,1330,0,31
S3200688,P704,923,1330,0,31
S3200688,P704,936,1330,0,31
S3200688,P804,923,1330,18,10
S3200688,P804,936,1330,15,10
S3200688,P904,923,1330,0,31
S3200688,P904,936,1330,0,31
S1601990,P001,911,1342,2,10
S1601990,P004,911,1342,3,10
S1601990,P049,911,1342,1,10
S3200688,P001,911,1348,10,10
S3200688,P002,911,1348,11,10
S3200688,P003,911,1348,7,10
S3200688,P004,911,1348,7,10
S1601990,P001,911,1348,3,10
S1601990,P004,911,1348,3,10
S1601990,P049,911,1348,1,10
S3200688,P001,222,1300,49,10
S3200688,P001,223,1300,58,10
S3200688,P001,236,1300,4,10
S3200688,P001,248,1300,1607770,10
S3200688,P001,259,1300,98,10
S3200688,P002,222,1300,50,10
S3200688,P002,223,1300,61,10
S3200688,P002,236,1300,6,10
S3200688,P002,248,1300,1482906,10
S3200688,P002,259,1300,90,10
S3200688,P003,222,1300,51,10
S3200688,P003,223,1300,56,10
S3200688,P003,236,1300,5,10
S3200688,P003,248,1300,2081447,10
S3200688,P003,259,1300,100,10
S3200688,P004,222,1300,46,10
S3200688,P004,223,1300,59,10
S3200688,P004,236,1300,5,10
S3200688,P004,248,1300,2031497,10
S3200688,P004,259,1300,101,10
S3200688,P504,223,1300,17,10
S3200688,P504,236,1300,15,10
S3200688,P504,248,1300,2006841,10
S3200688,P504,259,1300,103,10
S3200688,P604,223,1300,0,31
S3200688,P604,236,1300,0,31
S3200688,P604,248,1300,0,31
S3200688,P604,259,1300,108,10
S3200688,P704,223,1300,0,31
S3200688,P704,236,1300,0,31
S3200688,P704,248,1300,0,31
S3200688,P704,259,1300,108,10
S3200688,P804,223,1300,18,10
S3200688,P804,236,1300,15,10
S3200688,P804,248,1300,2471290,10
S3200688,P804,259,1300,109,10
S3200688,P904,223,1300,0,31
S3200688,P904,236,1300,0,31
S3200688,P904,248,1300,0,31
S3200688,P904,259,1300,115,10
S3200688,P001,922,1345,49,10
S3200688,P001,923,1345,58,10
S3200688,P001,936,1345,4,10
S3200688,P002,922,1345,48,10
S3200688,P002,923,1345,62,10
S3200688,P002,936,1345,6,10
S3200688,P003,922,1345,51,10
S3200688,P003,923,1345,55,10
S3200688,P003,936,1345,5,10
S3200688,P004,922,1345,48,10
S3200688,P004,923,1345,62,10
S3200688,P004,936,1345,5,10
S3200688,P504,923,1345,17,10
S3200688,P504,936,1345,14,10
S3200688,P604,923,1345,0,31
S3200688,P604,936,1345,0,31
S3200688,P704,923,1345,0,31
S3200688,P704,936,1345,0,31
S3200688,P804,923,1345,18,10
S3200688,P804,936,1345,15,10
S3200688,P904,923,1345,0,31
S3200688,P904,936,1345,0,31
S3200688,P001,911,1354,10,10
S3200688,P002,911,1354,11,10
S3200688,P003,911,1354,7,10
S3200688,P004,911,1354,7,10
S1601990,P001,911,1354,3,10
S1601990,P004,911,1354,3,10
S1601990,P049,911,1354,1,10
S1601990,P001,911,1400,3,10
S1601990,P004,911,1400,3,10
S1601990,P049,911,1400,1,10
E5600896,P004,911,1406,0,00
E5600896,P005,911,1406,0,00
E5600896,P007,911,1406,5,10
E5600896,P008,911,1406,7,10
E5400878,P010,911,1406,1,10
S1601990,P001,911,1406,3,10
S1601990,P004,911,1406,2,10
S1601990,P049,911,1406,1,10
S2300429,P701,911,1418,0,00
S2300429,PF01,911,1418,8,10
E5600850,PC01,911,1418,0,00
S1901066,P004,911,1418,6,10
E5600789,P001,911,1418,0,00
E5600869,P001,911,1418,4,10
S1900710,P015,911,1424,0,00
S1900710,P050,911,1424,6,10
S1900710,P056,911,1424,4,10
S1900710,P060,911,1424,2,10
S1900710,P070,911,1424,6,10
S1900685,P002,911,1418,13,10
S1900685,P421,911,1418,14,10
S1900685,P411,911,1418,4,10
S1601990,P001,911,1418,3,10
S1601990,P004,911,1418,3,10
S1601990,P049,911,1418,1,10
S2100223,P015,911,1424,0,10
S2100223,P015,922,1415,0,10
S2100223,P015,923,1415,0,10
S2100223,P015,924,1415,0,10
S2100223,P015,936,1415,0,10
S2202553,P001,911,1418,1,10
S2202553,P002,911,1418,1,10
S2202553,P003,911,1418,1,10
E5600841,P001,911,1418,5,10
E5600841,P002,911,1418,5,10
E5600841,P003,911,1418,9,10
E5600841,P004,911,1418,6,10
E5600841,P005,911,1418,8,10
E5600841,P006,911,1418,12,10
E5600841,P007,911,1418,13,10
E5600841,P008,911,1418,11,10
E5600841,P009,911,1418,9,10
E5600841,P010,911,1418,7,10
E5600841,PC23,911,1418,9,10
E5600841,PC83,911,1418,14,10
E5600841,PPB1,911,1418,8,10
E5600841,PPC1,911,1418,5,10
E5600841,PR54,911,1418,3,10
E5600841,PR61,911,1418,7,10
E5600841,PR62,911,1418,4,10
E5600841,PS11,911,1418,11,10
E5600841,PS12,911,1418,8,10
E5600841,PS31,911,1418,7,10
E5600841,PS32,911,1418,4,10
E5600841,PS51,911,1418,11,10
E5600841,PS52,911,1418,9,10
E5600841,PS71,911,1418,0,00
E5600841,PS72,911,1418,0,00
E5600896,P004,922,1400,0,00
E5600896,P004,923,1400,0,00
E5600896,P004,936,1400,0,00
E5600896,P005,922,1400,0,00
E5600896,P005,923,1400,0,00
E5600896,P005,936,1400,0,00
E5600896,P007,922,1400,0,10
E5600896,P007,923,1400,71,11
E5600896,P007,936,1400,5,10
E5600896,P008,922,1400,0,10
E5600896,P008,923,1400,62,10
E5600896,P008,936,1400,2,10
S2201109,P711,911,1418,15,10
S2201109,P731,911,1418,19,10
S2201109,P741,911,1418,0,31
S2201109,P751,911,1418,14,10
E4900744,P001,911,1424,0,00
E4900744,P002,911,1424,0,00
E4900744,P023,911,1424,0,00
E4900744,P001,923,1415,0,00
E4900744,P023,923,1415,0,00
E4900744,P001,936,1415,0,00
E4900744,P023,936,1415,0,00
E5400878,P001,923,1400,21,10
E5400878,P001,936,1400,15,10
E5400878,P002,923,1400,18,10
E5400878,P002,936,1400,14,10
E5400878,P003,923,1400,16,10
E5400878,P003,936,1400,15,10
E5400878,P010,923,1400,18,10
E5400878,P010,936,1400,13,10
E4900333,P001,911,1418,9,10
E4900333,P002,911,1418,0,00
E4900333,P003,911,1418,0,32
E4900333,P103,911,1418,0,32
E4900333,P021,911,1418,6,10
E4900333,P105,911,1418,9,10
S2300438,P001,922,1415,0,10
S2300438,P001,923,1415,31,10
S2300438,P001,936,1415,6,10
S2300438,P001,911,1424,5,10
E5601197,P002,911,1424,3,10
E5601197,P003,911,1424,3,10
S2300429,P701,922,1415,0,00
S2300429,P701,923,1415,0,00
S2300429,P701,936,1415,0,00
S2300429,PF01,922,1415,23,10
S2300429,PF01,923,1415,24,10
S2300429,PF01,936,1415,6,10
S1901066,P004,922,1415,232,10
S1901066,P004,923,1415,184,10
S1901066,P004,924,1415,1,10
S1901066,P004,936,1415,4,10
S1901066,P004,937,1415,11,10
E5600896,P004,911,1412,0,00
E5600896,P005,911,1412,0,00
E5600896,P007,911,1412,5,10
E5600896,P008,911,1412,8,10
S2300429,P701,911,1424,0,00
S2300429,PF01,911,1424,8,10
S1901066,P004,911,1424,6,10
E5600789,P001,911,1424,0,00
E5600056,P004,911,1430,0,00
E5600056,P006,911,1430,3,10
E5600056,P007,911,1430,0,00
E5600056,P008,911,1430,6,10
E5600056,P009,911,1430,2,10
E5600056,P016,911,1430,5,10
E5600056,P017,911,1430,2,10
E5600056,P018,911,1430,3,10
E5600056,P021,911,1430,2,10
E5600056,P022,911,1430,3,10
E5600056,P023,911,1430,1,10
E5600056,P024,911,1430,4,10
E5600056,P004,922,1430,0,00
E5600056,P004,923,1430,0,00
E5600056,P004,924,1430,0,00
E5600056,P004,936,1430,0,00
E5600056,P006,922,1430,24,10
E5600056,P006,923,1430,65,10
E5600056,P006,924,1430,1,10
E5600056,P006,936,1430,4,10
E5600056,P007,922,1430,0,00
E5600056,P007,923,1430,0,00
E5600056,P007,924,1430,0,00
E5600056,P007,936,1430,0,00
E5600056,P008,922,1430,52,10
E5600056,P008,923,1430,65,10
E5600056,P008,924,1430,38,10
E5600056,P008,936,1430,5,10
E5600056,P016,922,1430,0,10
E5600056,P016,923,1430,38,10
E5600056,P016,936,1430,12,10
E5600056,P017,922,1430,2,10
E5600056,P017,923,1430,21,10
E5600056,P017,924,1430,1,10
E5600056,P017,936,1430,3,10
E5600056,P018,922,1430,0,10
E5600056,P018,923,1430,14,10
E5600056,P018,936,1430,3,10
E5600056,P021,922,1430,0,10
E5600056,P021,923,1430,47,10
E5600056,P021,936,1430,4,10
E5600056,P024,922,1430,4,10
E5600056,P024,923,1430,28,10
E5600056,P024,924,1430,2,10
E5600056,P024,936,1430,6,10
E5600056,P034,923,1430,60,10
E5600056,P034,936,1430,1,10
E5600869,P001,911,1424,4,10
E5600869,P001,922,1415,131,10
E5600869,P001,923,1415,126,10
E5600869,P001,936,1415,7,10
S1900710,P015,911,1430,0,00
S1900710,P050,911,1430,6,10
S1900710,P056,911,1430,4,10
S1900710,P060,911,1430,2,10
S1900710,P070,911,1430,6,10
S1900710,P015,923,1430,0,00
S1900710,P015,936,1430,0,00
S1900710,P015,922,1430,0,00
S1900710,P050,923,1430,111,10
S1900710,P050,936,1430,5,10
S1900710,P050,922,1430,70,10
S1900710,P056,923,1430,37,10
S1900710,P056,936,1430,4,10
S1900710,P056,922,1430,24,10
S1900710,P060,923,1430,23,10
S1900710,P060,936,1430,5,10
S1900710,P060,922,1430,26,10
S1900710,P070,923,1430,19,10
S1900710,P070,936,1430,8,10
S1900710,P070,922,1430,16,10
S1900685,P002,911,1424,12,10
S1900685,P421,911,1424,12,10
S1900685,P421,922,1415,13,10
S1900685,P421,923,1415,71,10
S1900685,P421,936,1415,6,10
S1900685,P411,911,1424,4,10
S1900685,P411,922,1415,17,10
S1900685,P411,923,1415,64,10
S1900685,P411,936,1415,12,10
S2100223,P015,911,1430,0,10
S2201109,P711,923,1415,22,10
S2201109,P711,936,1415,6,10
S2201109,P711,922,1415,4,10
S2201109,P731,923,1415,55,10
S2201109,P731,936,1415,7,10
S2201109,P731,922,1415,16,10
S2201109,P741,923,1415,57,10
S2201109,P741,936,1415,5,10
S2201109,P741,922,1415,26,10
S2201109,P751,923,1415,49,10
S2201109,P751,936,1415,6,10
S2201109,P751,922,1415,11,10
E5600850,PC01,923,1415,0,00
E5600850,PC01,924,1415,0,00
E5600850,PC01,936,1415,0,00
E5600850,PC01,926,1415,0,00
E5400878,P010,911,1412,1,10
S2201109,P711,911,1424,15,10
S2201109,P731,911,1424,18,10
S2201109,P741,911,1424,0,31
S2201109,P751,911,1424,14,10
E5600850,PC01,911,1424,0,00
S2202553,P001,911,1424,1,10
S2202553,P002,911,1424,1,10
S2202553,P003,911,1424,1,10
S2202553,P001,922,1415,9,10
S2202553,P002,922,1415,11,10
S2202553,P003,922,1415,11,10
S2202553,P001,923,1415,77,10
S2202553,P002,923,1415,93,10
S2202553,P003,923,1415,87,10
S2202553,P001,924,1415,6,10
S2202553,P002,924,1415,1,10
S2202553,P003,924,1415,3,10
S2202553,P001,926,1415,13,10
S2202553,P002,926,1415,20,10
S2202553,P003,926,1415,16,10
S2202553,P001,936,1415,10,10
S2202553,P002,936,1415,11,10
S2202553,P003,936,1415,8,10
E5600841,P001,923,1415,36,10
E5600841,P001,936,1415,5,10
E5600841,P001,911,1424,5,10
E5600841,P001,922,1415,32,10
E5600841,P002,923,1415,56,10
E5600841,P002,936,1415,4,10
E5600841,P002,911,1424,5,10
E5600841,P002,922,1415,24,10
E5600841,P003,923,1415,38,10
E5600841,P003,936,1415,5,10
E5600841,P003,911,1424,9,10
E5600841,P003,922,1415,29,10
E5600841,P004,923,1415,21,10
E5600841,P004,936,1415,4,10
E5600841,P004,911,1424,7,10
E5600841,P004,922,1415,19,10
E5600841,P005,923,1415,17,10
E5600841,P005,936,1415,4,10
E5600841,P005,911,1424,9,10
E5600841,P005,922,1415,18,10
E5600841,P006,923,1415,50,10
E5600841,P006,936,1415,5,10
E5600841,P006,911,1424,12,10
E5600841,P006,922,1415,71,10
E5600841,P007,923,1415,48,10
E5600841,P007,936,1415,6,10
E5600841,P007,911,1424,13,10
E5600841,P007,922,1415,47,10
E5600841,P008,923,1415,51,10
E5600841,P008,936,1415,9,10
E5600841,P008,911,1424,11,10
E5600841,P008,922,1415,6,10
E5600841,P009,923,1415,10,10
E5600841,P009,936,1415,4,10
E5600841,P009,911,1424,9,10
E5600841,P009,922,1415,21,10
E5600841,P010,923,1415,11,10
E5600841,P010,936,1415,5,10
E5600841,P010,911,1424,7,10
E5600841,P010,922,1415,18,10
E5600841,PC23,923,1415,75,10
E5600841,PC23,936,1415,8,10
E5600841,PC23,911,1424,9,10
E5600841,PC23,922,1415,29,10
E5600841,PC83,923,1415,50,10
E5600841,PC83,936,1415,6,10
E5600841,PC83,911,1424,15,10
E5600841,PC83,922,1415,23,10
E5600841,PPB1,923,1415,10,10
E5600841,PPB1,936,1415,9,10
E5600841,PPB1,911,1424,8,10
E5600841,PPB1,922,1415,27,10
E5600841,PPC1,923,1415,19,10
E5600841,PPC1,936,1415,3,10
E5600841,PPC1,911,1424,5,10
E5600841,PPC1,922,1415,21,10
E5600841,PR54,923,1415,54,10
E5600841,PR54,936,1415,4,10
E5600841,PR54,911,1424,3,10
E5600841,PR54,922,1415,49,10
E5600841,PR61,923,1415,67,10
E5600841,PR61,936,1415,3,10
E5600841,PR61,911,1424,7,10
E5600841,PR61,922,1415,44,10
E5600841,PR62,923,1415,52,10
E5600841,PR62,936,1415,4,10
E5600841,PR62,911,1424,5,10
E5600841,PR62,922,1415,23,10
E5600841,PS11,923,1415,32,10
E5600841,PS11,936,1415,11,10
E5600841,PS11,911,1424,11,10
E5600841,PS11,922,1415,63,10
E5600841,PS12,911,1424,8,10
E5600841,PS31,923,1415,121,10
E5600841,PS31,936,1415,12,10
E5600841,PS31,911,1424,7,10
E5600841,PS31,922,1415,91,10
E5600841,PS32,911,1424,4,10
E5600841,PS51,923,1415,43,10
E5600841,PS51,936,1415,11,10
E5600841,PS51,911,1424,11,10
E5600841,PS51,922,1415,16,10
E5600841,PS52,911,1424,9,10
E5600841,PS71,923,1415,0,00
E5600841,PS71,936,1415,0,00
E5600841,PS71,911,1424,0,00
E5600841,PS71,922,1415,0,00
E5600841,PS72,911,1424,0,00
E4900744,P001,911,1430,0,00
E4900744,P002,911,1430,0,00
E4900744,P023,911,1430,0,00
E4900333,P001,911,1424,9,10
E4900333,P002,911,1424,0,00
E4900333,P003,911,1424,0,32
E4900333,P103,911,1424,0,32
E4900333,P021,911,1424,6,10
E4900333,P105,911,1424,9,10
E4900333,P001,922,1415,1,10
E4900333,P002,922,1415,0,00
E4900333,P003,922,1415,0,32
E4900333,P103,922,1415,0,32
E4900333,P021,922,1415,0,10
E4900333,P105,922,1415,60,10
E4900333,P001,923,1415,77,10
E4900333,P002,923,1415,0,00
E4900333,P003,923,1415,0,32
E4900333,P103,923,1415,0,32
E4900333,P021,923,1415,32,10
E4900333,P105,923,1415,80,10
E4900333,P001,936,1415,13,10
E4900333,P002,936,1415,0,00
E4900333,P003,936,1415,0,32
E4900333,P103,936,1415,0,32
E4900333,P021,936,1415,8,10
E4900333,P105,936,1415,10,10
E5600850,PC01,911,1430,0,00
S2300438,P001,911,1430,5,10
E5601197,P002,911,1430,3,10
E5601197,P003,911,1430,3,10
E5600896,P004,911,1418,0,00
E5600896,P005,911,1418,0,00
E5600896,P007,911,1418,5,10
E5600896,P008,911,1418,7,10
S1901066,P004,911,1430,5,10
E5600789,P001,911,1430,0,00
E5600056,P004,911,1436,0,00
E5600056,P006,911,1436,3,10
E5600056,P007,911,1436,0,00
E5600056,P008,911,1436,6,10
E5600056,P009,911,1436,2,10
E5600056,P016,911,1436,5,10
E5600056,P017,911,1436,2,10
E5600056,P018,911,1436,3,10
E5600056,P021,911,1436,2,10
E5600056,P022,911,1436,3,10
E5600056,P023,911,1436,1,10
E5600056,P024,911,1436,3,10
E5600869,P001,911,1430,4,10
S1900710,P015,911,1436,0,00
S1900710,P050,911,1436,7,10
S1900710,P056,911,1436,4,10
S1900710,P060,911,1436,2,10
S1900710,P070,911,1436,6,10
S1900685,P002,911,1430,12,10
S1900685,P421,911,1430,14,10
S1900685,P411,911,1430,4,10
S2202553,P001,911,1430,1,10
S2202553,P002,911,1430,1,10
S2202553,P003,911,1430,1,10
S2100223,P015,911,1436,0,10
E5400878,P010,911,1418,1,10
E4900744,P001,911,1436,0,00
E4900744,P002,911,1436,0,00
E4900744,P023,911,1436,0,00
E5600841,P001,911,1430,5,10
E5600841,P002,911,1430,5,10
E5600841,P003,911,1430,9,10
E5600841,P004,911,1430,6,10
E5600841,P005,911,1430,9,10
E5600841,P006,911,1430,12,10
E5600841,P007,911,1430,13,10
E5600841,P008,911,1430,9,10
E5600841,P009,911,1430,9,10
E5600841,P010,911,1430,7,10
E5600841,PC23,911,1430,9,10
E5600841,PC83,911,1430,14,10
E5600841,PPB1,911,1430,8,10
E5600841,PPC1,911,1430,5,10
E5600841,PR54,911,1430,3,10
E5600841,PR61,911,1430,7,10
E5600841,PR62,911,1430,4,10
E5600841,PS11,911,1430,10,10
E5600841,PS12,911,1430,9,10
E5600841,PS31,911,1430,7,10
E5600841,PS32,911,1430,4,10
E5600841,PS51,911,1430,12,10
E5600841,PS52,911,1430,9,10
E5600841,PS71,911,1430,0,00
E5600841,PS72,911,1430,0,00
S2100223,P015,922,1430,0,10
S2100223,P015,923,1430,0,10
S2100223,P015,924,1430,0,10
S2100223,P015,936,1430,0,10
E4900333,P001,911,1430,9,10
E4900333,P002,911,1430,0,00
E4900333,P003,911,1430,0,32
E4900333,P103,911,1430,0,32
E4900333,P021,911,1430,6,10
E4900333,P105,911,1430,9,10
E5600850,PC01,911,1436,0,00
E5601197,P002,911,1436,3,10
E5601197,P003,911,1436,3,10
E4900744,P001,923,1430,0,00
E4900744,P023,923,1430,0,00
E4900744,P001,936,1430,0,00
E4900744,P023,936,1430,0,00
E5602998,P001,911,0254,0,10
E5602998,P001,222,0200,2,10
E5602998,P001,922,0245,4,10
E5602998,P001,223,0200,73,10
E5602998,P001,923,0245,73,10
E5602998,P001,224,0200,39,10
E5602998,P001,924,0245,5,10
E5602998,P001,226,0200,17,10
E5602998,P001,926,0245,17,10
E5602998,P001,237,0200,10,10
E5602998,P001,937,0245,10,10
E5602998,P001,236,0200,7,10
E5602998,P001,936,0245,7,10
E5602998,P001,248,0200,98132,10
E5602998,P001,259,0200,149,10
E5602998,P002,911,0254,3,10
E5602998,P002,222,0200,1,10
E5602998,P002,922,0245,2,10
E5602998,P002,223,0200,82,10
E5602998,P002,923,0245,81,10
E5602998,P002,224,0200,35,10
E5602998,P002,924,0245,89,10
E5602998,P002,226,0200,14,10
E5602998,P002,926,0245,16,10
E5602998,P002,237,0200,8,10
E5602998,P002,937,0245,8,10
E5602998,P002,236,0200,8,10
E5602998,P002,936,0245,8,10
E5602998,P002,248,0200,110007,10
E5602998,P002,259,0200,145,10
E5602998,P003,911,0254,0,00
E5602998,P003,222,0200,0,00
E5602998,P003,922,0245,0,00
E5602998,P003,223,0200,0,00
E5602998,P003,923,0245,0,00
E5602998,P003,224,0200,0,00
E5602998,P003,924,0245,0,00
E5602998,P003,226,0200,0,00
E5602998,P003,926,0245,0,00
E5602998,P003,237,0200,0,00
E5602998,P003,937,0245,0,00
E5602998,P003,236,0200,0,00
E5602998,P003,936,0245,0,00
E5602998,P003,248,0200,0,00
E5602998,P003,259,0200,0,00
E5602998,P004,911,0254,3,10
E5602998,P004,222,0200,7,10
E5602998,P004,922,0245,6,10
E5602998,P004,223,0200,27,10
E5602998,P004,923,0245,31,10
E5602998,P004,224,0200,1,10
E5602998,P004,924,0245,1,10
E5602998,P004,226,0200,14,10
E5602998,P004,926,0245,13,10
E5602998,P004,237,0200,11,10
E5602998,P004,937,0245,11,10
E5602998,P004,236,0200,10,10
E5602998,P004,936,0245,10,10
E5602998,P004,248,0200,87980,10
E5602998,P004,259,0200,151,10
E5602998,P001,911,0300,0,10
E5602998,P002,911,0300,3,10
E5602998,P003,911,0300,0,00
E5602998,P004,911,0300,3,10
E5602998,P001,911,0306,0,10
E5602998,P002,911,0306,3,10
E5602998,P003,911,0306,0,00
E5602998,P004,911,0306,3,10
E5602998,P001,922,0300,9,10
E5602998,P001,923,0300,74,10
E5602998,P001,924,0300,56,10
E5602998,P001,926,0300,24,10
E5602998,P001,937,0300,10,10
E5602998,P001,936,0300,7,10
E5602998,P002,922,0300,1,10
E5602998,P002,923,0300,85,10
E5602998,P002,924,0300,1,10
E5602998,P002,926,0300,13,10
E5602998,P002,937,0300,8,10
E5602998,P002,936,0300,8,10
E5602998,P003,922,0300,0,00
E5602998,P003,923,0300,0,00
E5602998,P003,924,0300,0,00
E5602998,P003,926,0300,0,00
E5602998,P003,937,0300,0,00
E5602998,P003,936,0300,0,00
E5602998,P004,922,0300,8,10
E5602998,P004,923,0300,25,10
E5602998,P004,924,0300,1,10
E5602998,P004,926,0300,17,10
E5602998,P004,937,0300,11,10
E5602998,P004,936,0300,9,10
E5602998,P001,911,0312,0,10
E5602998,P002,911,0312,3,10
E5602998,P003,911,0312,0,00
E5602998,P004,911,0312,3,10
E5602998,P001,911,0318,0,10
E5602998,P002,911,0318,3,10
E5602998,P003,911,0318,0,00
E5602998,P004,911,0318,3,10
E5602998,P001,911,0324,0,10
E5602998,P001,922,0315,6,10
E5602998,P001,923,0315,81,10
E5602998,P001,924,0315,39,10
E5602998,P001,926,0315,23,10
E5602998,P001,937,0315,9,10
E5602998,P001,936,0315,8,10
E5602998,P002,911,0324,3,10
E5602998,P002,922,0315,1,10
E5602998,P002,923,0315,78,10
E5602998,P002,924,0315,0,10
E5602998,P002,926,0315,14,10
E5602998,P002,937,0315,8,10
E5602998,P002,936,0315,8,10
E5602998,P003,911,0324,0,00
E5602998,P003,922,0315,0,00
E5602998,P003,923,0315,0,00
E5602998,P003,924,0315,0,00
E5602998,P003,926,0315,0,00
E5602998,P003,937,0315,0,00
E5602998,P003,936,0315,0,00
E5602998,P004,911,0324,3,10
E5602998,P004,922,0315,8,10
E5602998,P004,923,0315,45,10
E5602998,P004,924,0315,2,10
E5602998,P004,926,0315,16,10
E5602998,P004,937,0315,10,10
E5602998,P004,936,0315,11,10
E5602998,P001,911,0330,0,10
E5602998,P002,911,0330,3,10
E5602998,P003,911,0330,0,00
E5602998,P004,911,0330,3,10
E5602998,P001,911,0336,0,10
E5602998,P002,911,0336,3,10
E5602998,P003,911,0336,0,00
E5602998,P004,911,0336,3,10
E5602998,P001,922,0330,6,10
E5602998,P001,923,0330,82,10
E5602998,P001,924,0330,1,10
E5602998,P001,926,0330,23,10
E5602998,P001,937,0330,9,10
E5602998,P001,936,0330,8,10
E5602998,P002,922,0330,1,10
E5602998,P002,923,0330,87,10
E5602998,P002,924,0330,0,10
E5602998,P002,926,0330,15,10
E5602998,P002,937,0330,8,10
E5602998,P002,936,0330,8,10
E5602998,P003,922,0330,0,00
E5602998,P003,923,0330,0,00
E5602998,P003,924,0330,0,00
E5602998,P003,926,0330,0,00
E5602998,P003,937,0330,0,00
E5602998,P003,936,0330,0,00
E5602998,P004,922,0330,7,10
E5602998,P004,923,0330,47,10
E5602998,P004,924,0330,2,10
E5602998,P004,926,0330,14,10
E5602998,P004,937,0330,10,10
E5602998,P004,936,0330,11,10
E5602998,P001,911,0342,0,10
E5602998,P002,911,0342,3,10
E5602998,P003,911,0342,0,00
E5602998,P004,911,0342,3,10
E5602998,P001,911,0348,0,10
E5602998,P002,911,0348,3,10
E5602998,P003,911,0348,0,00
E5602998,P004,911,0348,3,10
E5600896,P004,922,1415,0,00
E5600896,P004,923,1415,0,00
E5600896,P004,936,1415,0,00
E5600896,P005,922,1415,0,00
E5600896,P005,923,1415,0,00
E5600896,P005,936,1415,0,00
E5600896,P007,922,1415,0,10
E5600896,P007,923,1415,71,11
E5600896,P007,936,1415,5,10
E5600896,P008,922,1415,0,10
E5600896,P008,923,1415,62,10
E5600896,P008,936,1415,2,10
E5600896,P004,911,1424,0,00
E5600896,P005,911,1424,0,00
E5600896,P007,911,1424,5,10
E5600896,P008,911,1424,7,10
E5400878,P001,923,1415,20,10
E5400878,P001,936,1415,15,10
E5400878,P002,923,1415,18,10
E5400878,P002,936,1415,14,10
E5400878,P003,923,1415,16,10
E5400878,P003,936,1415,15,10
E5400878,P010,923,1415,18,10
E5400878,P010,936,1415,13,10
E5400878,P010,911,1424,1,10
S2300429,P701,911,1436,0,00
S2300429,PF01,911,1436,8,10
S2300438,P001,911,1436,5,10
S1901066,P004,911,1436,5,10
E5600789,P001,911,1436,0,00
E5600056,P004,911,1442,0,00
E5600056,P006,911,1442,3,10
E5600056,P007,911,1442,0,00
E5600056,P008,911,1442,6,10
E5600056,P009,911,1442,2,10
E5600056,P016,911,1442,5,10
E5600056,P017,911,1442,2,10
E5600056,P018,911,1442,3,10
E5600056,P021,911,1442,3,10
E5600056,P022,911,1442,3,10
E5600056,P023,911,1442,1,10
E5600056,P024,911,1442,4,10
E5600869,P001,911,1436,4,10
S1900710,P015,911,1442,0,00
S1900710,P050,911,1442,7,10
S1900710,P056,911,1442,4,10
S1900710,P060,911,1442,2,10
S1900710,P070,911,1442,6,10
S1900685,P002,911,1436,12,10
S1900685,P421,911,1436,12,10
S1900685,P411,911,1436,4,10
S2202553,P001,911,1436,1,10
S2202553,P002,911,1436,1,10
S2202553,P003,911,1436,1,10
S2100223,P015,911,1442,0,10
E5602998,P001,911,0354,0,10
E5602998,P001,222,0300,8,10
E5602998,P001,922,0345,9,10
E5602998,P001,223,0300,79,10
E5602998,P001,923,0345,79,10
E5602998,P001,224,0300,24,10
E5602998,P001,924,0345,2,10
E5602998,P001,226,0300,23,10
E5602998,P001,926,0345,24,10
E5602998,P001,237,0300,9,10
E5602998,P001,937,0345,9,10
E5602998,P001,236,0300,8,10
E5602998,P001,936,0345,8,10
E5602998,P001,248,0300,96658,10
E5602998,P001,259,0300,149,10
E5602998,P002,911,0354,3,10
E5602998,P002,222,0300,1,10
E5602998,P002,922,0345,1,10
E5602998,P002,223,0300,82,10
E5602998,P002,923,0345,77,10
E5602998,P002,224,0300,3,10
E5602998,P002,924,0345,10,10
E5602998,P002,226,0300,14,10
E5602998,P002,926,0345,14,10
E5602998,P002,237,0300,8,10
E5602998,P002,937,0345,8,10
E5602998,P002,236,0300,8,10
E5602998,P002,936,0345,8,10
E5602998,P002,248,0300,109319,10
E5602998,P002,259,0300,145,10
E5602998,P003,911,0354,0,00
E5602998,P003,222,0300,0,00
E5602998,P003,922,0345,0,00
E5602998,P003,223,0300,0,00
E5602998,P003,923,0345,0,00
E5602998,P003,224,0300,0,00
E5602998,P003,924,0345,0,00
E5602998,P003,226,0300,0,00
E5602998,P003,926,0345,0,00
E5602998,P003,237,0300,0,00
E5602998,P003,937,0345,0,00
E5602998,P003,236,0300,0,00
E5602998,P003,936,0345,0,00
E5602998,P003,248,0300,0,00
E5602998,P003,259,0300,0,00
E5602998,P004,911,0354,3,10
E5602998,P004,222,0300,8,10
E5602998,P004,922,0345,9,10
E5602998,P004,223,0300,40,10
E5602998,P004,923,0345,42,10
E5602998,P004,224,0300,2,10
E5602998,P004,924,0345,2,10
E5602998,P004,226,0300,16,10
E5602998,P004,926,0345,18,10
E5602998,P004,237,0300,10,10
E5602998,P004,937,0345,10,10
E5602998,P004,236,0300,10,10
E5602998,P004,936,0345,11,10
E5602998,P004,248,0300,82983,10
E5602998,P004,259,0300,151,10
E5602998,P001,911,0400,0,10
E5602998,P002,911,0400,3,10
E5602998,P003,911,0400,0,00
E5602998,P004,911,0400,3,10
E5602998,P001,911,0406,0,10
E5602998,P002,911,0406,3,10
E5602998,P003,911,0406,0,00
E5602998,P004,911,0406,3,10
E5602998,P001,922,0400,11,10
E5602998,P001,923,0400,76,10
E5602998,P001,924,0400,2,10
E5602998,P001,926,0400,27,10
E5602998,P001,937,0400,10,10
E5602998,P001,936,0400,7,10
E5602998,P002,922,0400,0,10
E5602998,P002,923,0400,81,10
E5602998,P002,924,0400,5,10
E5602998,P002,926,0400,14,10
E5602998,P002,937,0400,8,10
E5602998,P002,936,0400,8,10
E5602998,P003,922,0400,0,00
E5602998,P003,923,0400,0,00
E5602998,P003,924,0400,0,00
E5602998,P003,926,0400,0,00
E5602998,P003,937,0400,0,00
E5602998,P003,936,0400,0,00
E5602998,P004,922,0400,8,10
E5602998,P004,923,0400,47,10
E5602998,P004,924,0400,2,10
E5602998,P004,926,0400,15,10
E5602998,P004,937,0400,10,10
E5602998,P004,936,0400,11,10
E5602998,P001,911,0412,0,10
E5602998,P002,911,0412,3,10
E5602998,P003,911,0412,0,00
E5602998,P004,911,0412,3,10
S2201109,P711,911,1436,15,10
S2201109,P731,911,1436,18,10
S2201109,P741,911,1436,0,31
S2201109,P751,911,1436,14,10
S2300438,P001,922,1430,0,10
S2300438,P001,923,1430,34,10
S2300438,P001,936,1430,7,10
E4900744,P001,911,1442,0,00
E4900744,P002,911,1442,0,00
E4900744,P023,911,1442,0,00
E5600841,P001,911,1436,5,10
E5600841,P002,911,1436,5,10
E5600841,P003,911,1436,9,10
E5600841,P004,911,1436,6,10
E5600841,P005,911,1436,9,10
E5600841,P006,911,1436,12,10
E5600841,P007,911,1436,13,10
E5600841,P008,911,1436,9,10
E5600841,P009,911,1436,9,10
E5600841,P010,911,1436,7,10
E5600841,PC23,911,1436,9,10
E5600841,PC83,911,1436,15,10
E5600841,PPB1,911,1436,8,10
E5600841,PPC1,911,1436,5,10
E5600841,PR54,911,1436,3,10
E5600841,PR61,911,1436,7,10
E5600841,PR62,911,1436,4,10
E5600841,PS11,911,1436,11,10
E5600841,PS12,911,1436,11,10
E5600841,PS31,911,1436,7,10
E5600841,PS32,911,1436,4,10
E5600841,PS51,911,1436,12,10
E5600841,PS52,911,1436,8,10
E5600841,PS71,911,1436,0,00
E5600841,PS72,911,1436,0,00
E5600850,PC01,923,1430,0,00
E5600850,PC01,924,1430,0,00
E5600850,PC01,936,1430,0,00
E5600850,PC01,926,1430,0,00
E5600869,P001,922,1430,134,10
E5600869,P001,923,1430,126,10
E5600869,P001,936,1430,7,10
S2300429,P701,911,1430,0,00
S2300429,P701,922,1430,0,00
S2300429,P701,923,1430,0,00
S2300429,P701,936,1430,0,00
S2300429,PF01,911,1430,9,10
S2300429,PF01,922,1430,25,10
S2300429,PF01,923,1430,24,10
S2300429,PF01,936,1430,6,10
S1901066,P004,922,1430,232,10
S1901066,P004,923,1430,188,10
S1901066,P004,924,1430,0,10
S1901066,P004,936,1430,5,10
S1901066,P004,937,1430,11,10
E4900333,P001,911,1436,9,10
E4900333,P002,911,1436,0,00
E4900333,P003,911,1436,0,32
E4900333,P103,911,1436,0,32
E4900333,P021,911,1436,6,10
E4900333,P105,911,1436,9,10
S2300438,P001,911,1442,5,10
S1900710,P070,923,1445,21,10
S1900710,P070,936,1445,8,10
S1900710,P070,922,1445,16,10
S1900710,P015,923,1445,0,00
S1900710,P015,936,1445,0,00
S1900710,P015,922,1445,0,00
S1900710,P050,923,1445,114,10
S1900710,P050,936,1445,5,10
S1900710,P050,922,1445,69,10
S1900710,P056,923,1445,36,10
S1900710,P056,936,1445,4,10
S1900710,P056,922,1445,24,10
S1900710,P060,923,1445,24,10
S1900710,P060,936,1445,5,10
S1900710,P060,922,1445,27,10
S1900685,P421,922,1430,13,10
S1900685,P421,923,1430,72,10
S1900685,P421,936,1430,6,10
S1900685,P411,922,1430,16,10
S1900685,P411,923,1430,65,10
S1900685,P411,936,1430,12,10
S2202553,P001,922,1430,15,10
S2202553,P002,922,1430,13,10
S2202553,P003,922,1430,12,10
S2202553,P001,923,1430,100,10
S2202553,P002,923,1430,91,10
S2202553,P003,923,1430,83,10
S2202553,P001,924,1430,5,10
S2202553,P002,924,1430,1,10
S2202553,P003,924,1430,8,10
S2202553,P001,926,1430,28,10
S2202553,P002,926,1430,20,10
S2202553,P003,926,1430,20,10
S2202553,P001,936,1430,10,10
S2202553,P002,936,1430,11,10
S2202553,P003,936,1430,8,10
E5601197,P002,911,1442,3,10
E5601197,P003,911,1442,3,10
S1601990,P001,911,1442,2,10
S1601990,P004,911,1442,3,10
S1601990,P049,911,1442,1,10
E5600850,PC01,911,1442,0,00
E5600841,P001,923,1430,38,10
E5600841,P001,936,1430,5,10
E5600841,P001,922,1430,34,10
E5600841,P002,923,1430,59,10
E5600841,P002,936,1430,4,10
E5600841,P002,922,1430,25,10
E5600841,P003,923,1430,41,10
E5600841,P003,936,1430,6,10
E5600841,P003,922,1430,31,10
E5600841,P004,923,1430,23,10
E5600841,P004,936,1430,4,10
E5600841,P004,922,1430,20,10
E5600841,P005,923,1430,16,10
E5600841,P005,936,1430,4,10
E5600841,P005,922,1430,20,10
E5600841,P006,923,1430,54,10
E5600841,P006,936,1430,5,10
E5600841,P006,922,1430,71,10
E5600841,P007,923,1430,50,10
E5600841,P007,936,1430,6,10
E5600841,P007,922,1430,63,10
E5600841,P008,923,1430,58,10
E5600841,P008,936,1430,9,10
E5600841,P008,922,1430,6,10
E5600841,P009,923,1430,10,10
E5600841,P009,936,1430,5,10
E5600841,P009,922,1430,24,10
E5600841,P010,923,1430,10,10
E5600841,P010,936,1430,5,10
E5600841,P010,922,1430,19,10
E5600841,PC23,923,1430,63,10
E5600841,PC23,936,1430,8,10
E5600841,PC23,922,1430,30,10
E5600841,PC83,923,1430,49,10
E5600841,PC83,936,1430,6,10
E5600841,PC83,922,1430,24,10
E5600841,PPB1,923,1430,9,10
E5600841,PPB1,936,1430,9,10
E5600841,PPB1,922,1430,27,10
E5600841,PPC1,923,1430,13,10
E5600841,PPC1,936,1430,3,10
E5600841,PPC1,922,1430,21,10
E5600841,PR54,923,1430,55,10
E5600841,PR54,936,1430,4,10
E5600841,PR54,922,1430,44,10
E5600841,PR61,923,1430,64,10
E5600841,PR61,936,1430,3,10
E5600841,PR61,922,1430,48,10
E5600841,PR62,923,1430,47,10
E5600841,PR62,936,1430,3,10
E5600841,PR62,922,1430,23,10
E5600841,PS11,923,1430,35,10
E5600841,PS11,936,1430,11,10
E5600841,PS11,922,1430,64,10
E5600841,PS31,923,1430,124,10
E5600841,PS31,936,1430,12,10
E5600841,PS31,922,1430,92,10
E5600841,PS51,923,1430,40,10
E5600841,PS51,936,1430,11,10
E5600841,PS51,922,1430,17,10
E5600841,PS71,923,1430,0,00
E5600841,PS71,936,1430,0,00
E5600841,PS71,922,1430,0,00
E5600896,P004,911,1430,0,00
E5600896,P005,911,1430,0,00
E5600896,P007,911,1430,5,10
E5600896,P008,911,1430,8,10
E5400878,P010,911,1430,1,10
S2300429,P701,911,1442,0,00
S2300429,PF01,911,1442,8,10
S1901066,P004,911,1442,5,10
E4900333,P001,922,1430,1,10
E4900333,P002,922,1430,0,00
E4900333,P003,922,1430,0,32
E4900333,P103,922,1430,0,32
E4900333,P021,922,1430,0,10
E4900333,P105,922,1430,59,10
E4900333,P001,923,1430,80,10
E4900333,P002,923,1430,0,00
E4900333,P003,923,1430,0,32
E4900333,P103,923,1430,0,32
E4900333,P021,923,1430,34,10
E4900333,P105,923,1430,80,10
E4900333,P001,936,1430,13,10
E4900333,P002,936,1430,0,00
E4900333,P003,936,1430,0,32
E4900333,P103,936,1430,0,32
E4900333,P021,936,1430,8,10
E4900333,P105,936,1430,10,10
E5600056,P004,922,1445,0,00
E5600056,P004,923,1445,0,00
E5600056,P004,924,1445,0,00
E5600056,P004,936,1445,0,00
E5600056,P006,922,1445,24,10
E5600056,P006,923,1445,71,10
E5600056,P006,924,1445,1,10
E5600056,P006,936,1445,4,10
E5600056,P007,922,1445,0,00
E5600056,P007,923,1445,0,00
E5600056,P007,924,1445,0,00
E5600056,P007,936,1445,0,00
E5600056,P008,922,1445,51,10
E5600056,P008,923,1445,64,10
E5600056,P008,924,1445,60,10
E5600056,P008,936,1445,5,10
E5600056,P016,922,1445,0,10
E5600056,P016,923,1445,37,10
E5600056,P016,936,1445,12,10
E5600056,P017,922,1445,2,10
E5600056,P017,923,1445,22,10
E5600056,P017,924,1445,0,10
E5600056,P017,936,1445,3,10
E5600056,P018,922,1445,0,10
E5600056,P018,923,1445,14,10
E5600056,P018,924,1445,0,10
E5600056,P018,936,1445,3,10
E5600056,P021,922,1445,0,10
E5600056,P021,923,1445,47,10
E5600056,P021,924,1445,0,10
E5600056,P021,936,1445,4,10
E5600056,P024,922,1445,4,10
E5600056,P024,923,1445,26,10
E5600056,P024,924,1445,2,10
E5600056,P024,936,1445,6,10
E5600056,P034,922,1445,5,10
E5600056,P034,923,1445,49,10
E5600056,P034,936,1445,1,10
E5600789,P001,911,1442,0,00
E5600056,P004,911,1448,0,00
E5600056,P006,911,1448,3,10
E5600056,P007,911,1448,0,00
E5600056,P008,911,1448,6,10
E5600056,P009,911,1448,2,10
E5600056,P016,911,1448,5,10
E5600056,P017,911,1448,2,10
E5600056,P018,911,1448,3,10
E5600056,P021,911,1448,2,10
E5600056,P022,911,1448,3,10
E5600056,P023,911,1448,1,10
E5600056,P024,911,1448,4,10
E5600869,P001,911,1442,4,10
S1900710,P070,911,1448,6,10
S1900710,P015,911,1448,0,00
S1900710,P050,911,1448,7,10
S1900710,P056,911,1448,4,10
S1900710,P060,911,1448,2,10
S1900685,P002,911,1442,13,10
S1900685,P421,911,1442,11,10
S1900685,P411,911,1442,4,10
S2202553,P001,911,1442,1,10
S2202553,P002,911,1442,1,10
S2202553,P003,911,1442,1,10
S2100223,P015,911,1448,0,10
S2201109,P711,911,1430,15,10
S2201109,P731,911,1430,18,10
S2201109,P741,911,1430,0,31
S2201109,P751,911,1430,14,10
S2201109,P711,923,1430,23,10
S2201109,P711,936,1430,6,10
S2201109,P711,922,1430,4,10
S2201109,P731,923,1430,54,10
S2201109,P731,936,1430,7,10
S2201109,P731,922,1430,15,10
S2201109,P741,923,1430,55,10
S2201109,P741,936,1430,5,10
S2201109,P741,922,1430,26,10
S2201109,P751,923,1430,49,10
S2201109,P751,936,1430,6,10
S2201109,P751,922,1430,12,10
S2201109,P711,911,1442,15,10
S2201109,P731,911,1442,18,10
S2201109,P741,911,1442,0,31
S2201109,P751,911,1442,14,10
E4900744,P001,911,1448,0,00
E4900744,P002,911,1448,0,00
E4900744,P023,911,1448,0,00
E5600841,P001,911,1442,5,10
E5600841,P002,911,1442,5,10
E5600841,P003,911,1442,9,10
E5600841,P004,911,1442,6,10
E5600841,P005,911,1442,9,10
E5600841,P006,911,1442,12,10
E5600841,P007,911,1442,13,10
E5600841,P008,911,1442,8,10
E5600841,P009,911,1442,9,10
E5600841,P010,911,1442,7,10
E5600841,PC23,911,1442,9,10
E5600841,PC83,911,1442,14,10
E5600841,PPB1,911,1442,8,10
E5600841,PPC1,911,1442,5,10
E5600841,PR54,911,1442,3,10
E5600841,PR61,911,1442,7,10
E5600841,PR62,911,1442,5,10
E5600841,PS11,911,1442,10,10
E5600841,PS12,911,1442,9,10
E5600841,PS31,911,1442,7,10
E5600841,PS32,911,1442,4,10
E5600841,PS51,911,1442,12,10
E5600841,PS52,911,1442,9,10
E5600841,PS71,911,1442,0,00
E5600841,PS72,911,1442,0,00
S2300438,P001,911,1448,5,10
E4900333,P001,911,1442,9,10
E4900333,P002,911,1442,0,00
E4900333,P003,911,1442,0,32
E4900333,P103,911,1442,0,32
E4900333,P021,911,1442,6,10
E4900333,P105,911,1442,9,10
E5601197,P002,911,1448,3,10
E5601197,P003,911,1448,3,10
E5600850,PC01,911,1448,0,00
E5600896,P004,911,1436,0,00
E5600896,P005,911,1436,0,00
E5600896,P007,911,1436,5,10
E5600896,P008,911,1436,8,10
E5400878,P010,911,1436,1,10
S2300429,P701,911,1448,0,00
S2300429,PF01,911,1448,8,10
S1901066,P004,911,1448,5,10
E5600789,P001,911,1448,0,00
E5600056,P004,911,1454,0,00
E5600056,P006,911,1454,3,10
E5600056,P007,911,1454,0,00
E5600056,P008,911,1454,6,10
E5600056,P009,911,1454,2,10
E5600056,P016,911,1454,5,10
E5600056,P017,911,1454,2,10
E5600056,P018,911,1454,3,10
E5600056,P021,911,1454,2,10
E5600056,P022,911,1454,3,10
E5600056,P023,911,1454,1,10
E5600056,P024,911,1454,4,10
E5600869,P001,911,1448,4,10
S1900710,P015,911,1454,0,00
S1900710,P050,911,1454,7,10
S1900710,P056,911,1454,4,10
S1900710,P060,911,1454,2,10
S1900710,P070,911,1454,6,10
S1900685,P002,911,1448,12,10
S1900685,P421,911,1448,11,10
S1900685,P411,911,1448,4,10
S2202553,P001,911,1448,1,10
S2202553,P002,911,1448,1,10
S2202553,P003,911,1448,1,10
S2100223,P015,911,1454,0,10
S2100223,P015,922,1445,0,10
S2100223,P015,923,1445,0,10
S2100223,P015,924,1445,0,10
S2100223,P015,936,1445,0,10
S2100223,P015,222,1400,0,
S2100223,P015,223,1400,0,
S2100223,P015,224,1400,0,
S2100223,P015,236,1400,0,
S2100223,P015,248,1400,0,
S2100223,P015,259,1400,0,
S2201109,P711,911,1448,15,10
S2201109,P731,911,1448,19,10
S2201109,P741,911,1448,0,31
S2201109,P751,911,1448,14,10
E4900744,P001,911,1454,0,00
E4900744,P002,911,1454,0,00
E4900744,P023,911,1454,0,00
E4900744,P001,923,1445,0,00
E4900744,P023,923,1445,0,00
E4900744,P001,936,1445,0,00
E4900744,P023,936,1445,0,00
E4900744,P001,223,1400,0,00
E4900744,P023,223,1400,0,00
E4900744,P001,236,1400,0,00
E4900744,P023,236,1400,0,00
E4900744,P001,248,1400,0,00
E4900744,P023,248,1400,0,00
E4900744,P001,259,1400,0,00
E4900744,P023,259,1400,0,00
E5600841,P001,911,1448,5,10
E5600841,P002,911,1448,5,10
E5600841,P003,911,1448,9,10
E5600841,P004,911,1448,6,10
E5600841,P005,911,1448,9,10
E5600841,P006,911,1448,12,10
E5600841,P007,911,1448,13,10
E5600841,P008,911,1448,8,10
E5600841,P009,911,1448,9,10
E5600841,P010,911,1448,7,10
E5600841,PC23,911,1448,9,10
E5600841,PC83,911,1448,14,10
E5600841,PPB1,911,1448,8,10
E5600841,PPC1,911,1448,5,10
E5600841,PR54,911,1448,3,10
E5600841,PR61,911,1448,7,10
E5600841,PR62,911,1448,4,10
E5600841,PS11,911,1448,11,10
E5600841,PS12,911,1448,8,10
E5600841,PS31,911,1448,7,10
E5600841,PS32,911,1448,4,10
E5600841,PS51,911,1448,12,10
E5600841,PS52,911,1448,9,10
E5600841,PS71,911,1448,0,00
E5600841,PS72,911,1448,0,00
E5600896,P004,922,1430,0,00
E5600896,P004,923,1430,0,00
E5600896,P004,936,1430,0,00
E5600896,P005,922,1430,0,00
E5600896,P005,923,1430,0,00
E5600896,P005,936,1430,0,00
E5600896,P007,922,1430,0,10
E5600896,P007,923,1430,71,11
E5600896,P007,936,1430,5,10
E5600896,P008,922,1430,0,10
E5600896,P008,923,1430,62,10
E5600896,P008,936,1430,2,10
E5400878,P001,923,1430,21,10
E5400878,P001,936,1430,15,10
E5400878,P002,923,1430,18,10
E5400878,P002,936,1430,14,10
E5400878,P003,923,1430,16,10
E5400878,P003,936,1430,15,10
E5400878,P010,923,1430,18,10
E5400878,P010,936,1430,13,10
S2300438,P001,922,1445,0,10
S2300438,P001,923,1445,30,10
S2300438,P001,936,1445,6,10
E4900333,P001,911,1448,9,10
E4900333,P002,911,1448,0,00
E4900333,P003,911,1448,0,32
E4900333,P103,911,1448,0,32
E4900333,P021,911,1448,6,10
E4900333,P105,911,1448,9,10
S2300438,P001,911,1454,5,10
E5601197,P002,911,1454,3,10
E5601197,P003,911,1454,3,10
E5600850,PC01,923,1445,0,00
E5600850,PC01,924,1445,0,00
E5600850,PC01,936,1445,0,00
E5600850,PC01,926,1445,0,00
E5600850,PC01,911,1454,0,00
S2300429,P701,922,1445,0,00
S2300429,P701,923,1445,0,00
S2300429,P701,936,1445,0,00
S2300429,PF01,922,1445,23,10
S2300429,PF01,923,1445,23,10
S2300429,PF01,936,1445,6,10
S1901066,P004,922,1445,230,10
S1901066,P004,923,1445,187,10
S1901066,P004,924,1445,0,10
S1901066,P004,936,1445,5,10
S1901066,P004,937,1445,11,10
E5600896,P004,911,1442,0,00
E5600896,P005,911,1442,0,00
E5600896,P007,911,1442,5,10
E5600896,P008,911,1442,7,10
E5400878,P010,911,1442,1,10
S2300429,P701,911,1454,0,00
S2300429,PF01,911,1454,8,10
S1901066,P004,911,1454,5,10
E5600789,P001,911,1454,0,00
E5600056,P004,911,1500,0,00
E5600056,P006,911,1500,3,10
E5600056,P007,911,1500,0,00
E5600056,P008,911,1500,6,10
E5600056,P009,911,1500,2,10
E5600056,P016,911,1500,5,10
E5600056,P017,911,1500,2,10
E5600056,P018,911,1500,3,10
E5600056,P021,911,1500,2,10
E5600056,P022,911,1500,3,10
E5600056,P023,911,1500,1,10
E5600056,P024,911,1500,4,10
E5600056,P004,922,1500,0,00
E5600056,P004,923,1500,0,00
E5600056,P004,924,1500,0,00
E5600056,P004,936,1500,0,00
E5600056,P006,922,1500,24,10
E5600056,P006,923,1500,68,10
E5600056,P006,924,1500,1,10
E5600056,P006,936,1500,3,10
E5600056,P007,922,1500,0,00
E5600056,P007,923,1500,0,00
E5600056,P007,924,1500,0,00
E5600056,P007,936,1500,0,00
E5600056,P008,922,1500,49,10
E5600056,P008,923,1500,64,10
E5600056,P008,924,1500,69,10
E5600056,P008,936,1500,5,10
E5600056,P016,922,1500,0,10
E5600056,P016,923,1500,36,10
E5600056,P016,936,1500,12,10
E5600056,P017,922,1500,2,10
E5600056,P017,923,1500,22,10
E5600056,P017,924,1500,0,10
E5600056,P017,936,1500,3,10
E5600056,P018,922,1500,0,10
E5600056,P018,923,1500,14,10
E5600056,P018,936,1500,3,10
E5600056,P021,922,1500,0,10
E5600056,P021,923,1500,47,10
E5600056,P021,936,1500,4,10
E5600056,P024,922,1500,3,10
E5600056,P024,923,1500,26,10
E5600056,P024,924,1500,2,10
E5600056,P024,936,1500,6,10
E5600056,P034,923,1500,41,10
E5600056,P034,936,1500,1,10
E5600056,P004,222,1500,0,00
E5600056,P004,223,1500,0,00
E5600056,P004,224,1500,0,00
E5600056,P004,236,1500,0,00
E5600056,P004,248,1500,0,00
E5600056,P004,259,1500,0,00
E5600056,P006,222,1500,24,10
E5600056,P006,223,1500,67,10
E5600056,P006,224,1500,1,10
E5600056,P006,236,1500,4,10
E5600869,P001,911,1454,4,10
E5600869,P001,922,1445,132,10
E5600869,P001,923,1445,126,10
E5600869,P001,936,1445,7,10
E5600869,P001,222,1400,131,10
E5600869,P001,223,1400,126,10
E5600869,P001,236,1400,7,10
E5600869,P001,248,1400,54183,10
E5600869,P001,259,1400,107,10
S1900710,P015,911,1500,0,00
S1900710,P050,911,1500,6,10
S1900710,P056,911,1500,4,10
S1900710,P060,911,1500,2,10
S1900710,P070,911,1500,6,10
S1900710,P015,923,1500,0,00
S1900710,P015,936,1500,0,00
S1900710,P015,922,1500,0,00
S1900710,P050,923,1500,114,10
S1900710,P050,936,1500,5,10
S1900710,P050,922,1500,69,10
S1900710,P056,923,1500,36,10
S1900710,P056,936,1500,4,10
S1900710,P056,922,1500,24,10
S1900710,P060,923,1500,23,10
S1900710,P060,936,1500,5,10
S1900710,P060,922,1500,27,10
S1900710,P070,923,1500,21,10
S1900710,P070,936,1500,8,10
S1900710,P070,922,1500,16,10
S1900710,P015,248,1500,0,00
S1900710,P015,223,1500,0,00
S1900710,P015,236,1500,0,00
S1900710,P015,222,1500,0,00
S1900710,P015,259,1500,0,00
S1900710,P050,248,1500,93744,10
S1900710,P050,223,1500,113,10
S1900710,P050,236,1500,5,10
S1900710,P050,222,1500,69,10
S1900710,P050,259,1500,149,10
S1900710,P056,248,1500,180540,10
S1900710,P056,223,1500,36,10
S1900710,P056,236,1500,4,10
S1900710,P056,222,1500,24,10
S1900710,P056,259,1500,127,10
S1900710,P060,248,1500,176940,10
S1900710,P060,223,1500,23,10
S1900710,P060,236,1500,5,10
S1900710,P060,222,1500,26,10
S1900710,P060,259,1500,124,10
S1900710,P070,248,1500,175104,10
S1900710,P070,223,1500,21,10
S1900710,P070,236,1500,8,10
S1900710,P070,222,1500,16,10
S1900710,P070,259,1500,86,10
S1900685,P002,911,1454,12,10
S1900685,P421,911,1454,14,10
S1900685,P421,922,1445,13,10
S1900685,P421,923,1445,75,10
S1900685,P421,936,1445,6,10
S1900685,P421,222,1400,13,10
S1900685,P421,223,1400,72,10
S1900685,P421,236,1400,6,10
S1900685,P421,248,1400,311813,10
S1900685,P421,259,1400,52,10
S1900685,P411,911,1454,4,10
S1900685,P411,222,1400,16,10
S1900685,P411,922,1445,16,10
S1900685,P411,223,1400,65,10
S1900685,P411,923,1445,67,10
S1900685,P411,236,1400,12,10
S1900685,P411,936,1445,12,10
S1900685,P411,248,1400,21908,10
S1900685,P411,259,1400,135,10
S2202553,P001,911,1454,1,10
S2202553,P002,911,1454,1,10
S2202553,P003,911,1454,1,10
S2202553,P001,922,1445,11,10
S2202553,P002,922,1445,14,10
S2202553,P003,922,1445,11,10
S2202553,P001,923,1445,100,10
S2202553,P002,923,1445,80,10
S2202553,P003,923,1445,70,10
S2202553,P001,924,1445,3,10
S2202553,P002,924,1445,2,10
S2202553,P003,924,1445,22,10
S2202553,P001,926,1445,25,10
S2202553,P002,926,1445,18,10
S2202553,P003,926,1445,23,10
S2202553,P001,936,1445,10,10
S2202553,P002,936,1445,10,10
S2202553,P003,936,1445,8,10
S2202553,P001,222,1400,13,10
S2202553,P002,222,1400,14,10
S2202553,P003,222,1400,11,10
S2202553,P001,223,1400,88,10
S2202553,P002,223,1400,88,10
S2202553,P003,223,1400,84,10
S2202553,P001,224,1400,5,10
S2202553,P002,224,1400,4,10
S2202553,P003,224,1400,9,10
S2202553,P001,226,1400,22,10
S2202553,P002,226,1400,21,10
S2202553,P003,226,1400,18,10
S2202553,P001,236,1400,10,10
S2202553,P002,236,1400,11,10
S2202553,P003,236,1400,8,10
S2202553,P001,248,1400,109784,10
S2202553,P002,248,1400,106587,10
S2202553,P003,248,1400,114643,10
S2202553,P001,259,1400,142,10
S2202553,P002,259,1400,136,10
S2202553,P003,259,1400,149,10
S2100223,P015,911,1500,0,10
S2201109,P711,923,1445,23,10
S2201109,P711,936,1445,6,10
S2201109,P711,922,1445,4,10
S2201109,P731,923,1445,54,10
S2201109,P731,936,1445,7,10
S2201109,P731,922,1445,15,10
S2201109,P741,923,1445,56,10
S2201109,P741,936,1445,5,10
S2201109,P741,922,1445,26,10
S2201109,P751,923,1445,49,10
S2201109,P751,936,1445,6,10
S2201109,P751,922,1445,12,10
S2201109,P711,911,1454,15,10
S2201109,P731,911,1454,18,10
S2201109,P741,911,1454,0,31
S2201109,P751,911,1454,14,10
E4900744,P001,911,1500,0,00
E4900744,P002,911,1500,0,00
E4900744,P023,911,1500,0,00
E5602998,P001,911,0418,0,10
E5602998,P002,911,0418,3,10
E5602998,P003,911,0418,0,00
E5602998,P004,911,0418,3,10
E5602998,P001,911,0424,0,10
E5602998,P001,922,0415,10,10
E5602998,P001,923,0415,80,10
E5602998,P001,924,0415,5,10
E5602998,P001,926,0415,26,10
E5602998,P001,937,0415,9,10
E5602998,P001,936,0415,8,10
E5602998,P002,911,0424,3,10
E5602998,P002,922,0415,1,10
E5602998,P002,923,0415,80,10
E5602998,P002,924,0415,0,10
E5602998,P002,926,0415,13,10
E5602998,P002,937,0415,8,10
E5602998,P002,936,0415,8,10
E5602998,P003,911,0424,0,00
E5602998,P003,922,0415,0,00
E5602998,P003,923,0415,0,00
E5602998,P003,924,0415,0,00
E5602998,P003,926,0415,0,00
E5602998,P003,937,0415,0,00
E5602998,P003,936,0415,0,00
E5602998,P004,911,0424,3,10
E5602998,P004,922,0415,8,10
E5602998,P004,923,0415,47,10
E5602998,P004,924,0415,2,10
E5602998,P004,926,0415,16,10
E5602998,P004,937,0415,10,10
E5602998,P004,936,0415,10,10
E5602998,P001,911,0430,0,10
E5602998,P002,911,0430,3,10
E5602998,P003,911,0430,0,00
E5602998,P004,911,0430,3,10
E5602998,P001,911,0436,0,10
E5602998,P002,911,0436,3,10
E5602998,P003,911,0436,0,00
E5602998,P004,911,0436,3,10
E5602998,P001,922,0430,4,10
E5602998,P001,923,0430,84,10
E5602998,P001,924,0430,44,10
E5602998,P001,926,0430,22,10
E5602998,P001,937,0430,9,10
E5602998,P001,936,0430,8,10
E5602998,P002,922,0430,0,10
E5602998,P002,923,0430,85,10
E5602998,P002,924,0430,0,10
E5602998,P002,926,0430,13,10
E5602998,P002,937,0430,8,10
E5602998,P002,936,0430,8,10
E5602998,P003,922,0430,0,00
E5602998,P003,923,0430,0,00
E5602998,P003,924,0430,0,00
E5602998,P003,926,0430,0,00
E5602998,P003,937,0430,0,00
E5602998,P003,936,0430,0,00
E5602998,P004,922,0430,7,10
E5602998,P004,923,0430,51,10
E5602998,P004,924,0430,2,10
E5602998,P004,926,0430,15,10
E5602998,P004,937,0430,10,10
E5602998,P004,936,0430,11,10
E5602998,P001,911,0442,0,10
E5602998,P002,911,0442,3,10
E5602998,P003,911,0442,0,00
E5602998,P004,911,0442,3,10
E5602998,P001,911,0448,0,10
E5602998,P002,911,0448,3,10
E5602998,P003,911,0448,0,00
E5602998,P004,911,0448,3,10
E5602998,P001,911,0454,0,10
E5602998,P001,222,0400,7,10
E5602998,P001,922,0445,4,10
E5602998,P001,223,0400,82,10
E5602998,P001,923,0445,87,10
E5602998,P001,224,0400,13,10
E5602998,P001,924,0445,0,10
E5602998,P001,226,0400,25,10
E5602998,P001,926,0445,25,10
E5602998,P001,237,0400,9,10
E5602998,P001,937,0445,9,10
E5602998,P001,236,0400,8,10
E5602998,P001,936,0445,8,10
E5602998,P001,248,0400,97654,10
E5602998,P001,259,0400,148,10
E5602998,P002,911,0454,3,10
E5602998,P002,222,0400,1,10
E5602998,P002,922,0445,1,10
E5602998,P002,223,0400,83,10
E5602998,P002,923,0445,85,10
E5602998,P002,224,0400,2,10
E5602998,P002,924,0445,1,10
E5602998,P002,226,0400,13,10
E5602998,P002,926,0445,13,10
E5602998,P002,237,0400,8,10
E5602998,P002,937,0445,8,10
E5602998,P002,236,0400,8,10
E5602998,P002,936,0445,8,10
E5602998,P002,248,0400,107681,10
E5602998,P002,259,0400,145,10
E5602998,P003,911,0454,0,00
E5602998,P003,222,0400,0,00
E5602998,P003,922,0445,0,00
E5602998,P003,223,0400,0,00
E5602998,P003,923,0445,0,00
E5602998,P003,224,0400,0,00
E5602998,P003,924,0445,0,00
E5602998,P003,226,0400,0,00
E5602998,P003,926,0445,0,00
E5602998,P003,237,0400,0,00
E5602998,P003,937,0445,0,00
E5602998,P003,236,0400,0,00
E5602998,P003,936,0445,0,00
E5602998,P003,248,0400,0,00
E5602998,P003,259,0400,0,00
E5602998,P004,911,0454,3,10
E5602998,P004,222,0400,8,10
E5602998,P004,922,0445,9,10
E5602998,P004,223,0400,51,10
E5602998,P004,923,0445,58,10
E5602998,P004,224,0400,2,10
E5602998,P004,924,0445,2,10
E5602998,P004,226,0400,16,10
E5602998,P004,926,0445,18,10
E5602998,P004,237,0400,10,10
E5602998,P004,937,0445,10,10
E5602998,P004,236,0400,11,10
E5602998,P004,936,0445,11,10
E5602998,P004,248,0400,77778,10
E5602998,P004,259,0400,152,10
E5602998,P001,911,0500,0,10
E5602998,P002,911,0500,3,10
E5602998,P003,911,0500,0,00
E5602998,P004,911,0500,3,10
E5602998,P001,911,0506,0,10
E5602998,P002,911,0506,3,10
E5602998,P003,911,0506,0,00
E5602998,P004,911,0506,3,10
E5602998,P001,922,0500,5,10
E5602998,P001,923,0500,83,10
E5602998,P001,924,0500,4,10
E5602998,P001,926,0500,24,10
E5602998,P001,937,0500,9,10
E5602998,P001,936,0500,8,10
E5602998,P002,922,0500,2,10
E5602998,P002,923,0500,80,10
E5602998,P002,924,0500,1,10
E5602998,P002,926,0500,16,10
E5602998,P002,937,0500,8,10
E5602998,P002,936,0500,8,10
E5602998,P003,922,0500,0,00
E5602998,P003,923,0500,0,00
E5602998,P003,924,0500,0,00
E5602998,P003,926,0500,0,00
E5602998,P003,937,0500,0,00
E5602998,P003,936,0500,0,00
E5602998,P004,922,0500,11,10
E5602998,P004,923,0500,53,10
E5602998,P004,924,0500,2,10
E5602998,P004,926,0500,22,10
E5602998,P004,937,0500,10,10
E5602998,P004,936,0500,11,10
E5602998,P001,911,0512,0,10
E5602998,P002,911,0512,3,10
E5602998,P003,911,0512,0,00
E5602998,P004,911,0512,3,10
E5602998,P001,911,0518,0,10
E5602998,P002,911,0518,3,10
E5602998,P003,911,0518,0,00
E5602998,P004,911,0518,3,10
E5602998,P001,911,0524,0,10
E5602998,P001,922,0515,5,10
E5602998,P001,923,0515,87,10
E5602998,P001,924,0515,5,10
E5602998,P001,926,0515,24,10
E5602998,P001,937,0515,10,10
E5602998,P001,936,0515,8,10
E5602998,P002,911,0524,3,10
E5602998,P002,922,0515,4,10
E5602998,P002,923,0515,80,10
E5602998,P002,924,0515,0,10
E5602998,P002,926,0515,19,10
E5602998,P002,937,0515,8,10
E5602998,P002,936,0515,8,10
E5602998,P003,911,0524,0,00
E5602998,P003,922,0515,0,00
E5602998,P003,923,0515,0,00
E5602998,P003,924,0515,0,00
E5602998,P003,926,0515,0,00
E5602998,P003,937,0515,0,00
E5602998,P003,936,0515,0,00
E5602998,P004,911,0524,3,10
E5602998,P004,922,0515,8,10
E5602998,P004,923,0515,53,10
E5602998,P004,924,0515,2,10
E5602998,P004,926,0515,15,10
E5602998,P004,937,0515,10,10
E5602998,P004,936,0515,11,10
E5602998,P001,911,0530,0,10
E5602998,P002,911,0530,3,10
E5602998,P003,911,0530,0,00
E5602998,P004,911,0530,3,10
E5602998,P001,911,0536,0,10
E5602998,P002,911,0536,3,10
E5602998,P003,911,0536,0,00
E5602998,P004,911,0536,3,10
E5602998,P001,922,0530,8,10
E5602998,P001,923,0530,78,10
E5602998,P001,924,0530,8,10
E5602998,P001,926,0530,28,10
E5602998,P001,937,0530,9,10
E5602998,P001,936,0530,8,10
E5602998,P002,922,0530,4,10
E5602998,P002,923,0530,83,10
E5602998,P002,924,0530,0,10
E5602998,P002,926,0530,19,10
E5602998,P002,937,0530,8,10
E5602998,P002,936,0530,8,10
E5602998,P003,922,0530,0,00
E5602998,P003,923,0530,0,00
E5602998,P003,924,0530,0,00
E5602998,P003,926,0530,0,00
E5602998,P003,937,0530,0,00
E5602998,P003,936,0530,0,00
E5602998,P004,922,0530,10,10
E5602998,P004,923,0530,52,10
E5602998,P004,924,0530,2,10
E5602998,P004,926,0530,19,10
E5602998,P004,937,0530,10,10
E5602998,P004,936,0530,11,10
E5602998,P001,911,0542,0,10
E5602998,P002,911,0542,3,10
E5602998,P003,911,0542,0,00
E5602998,P004,911,0542,3,10
E5602998,P001,911,0548,0,10
E5602998,P002,911,0548,3,10
E5602998,P003,911,0548,0,00
E5602998,P004,911,0548,3,10
E5602998,P001,911,0554,0,10
E5602998,P001,222,0500,5,10
E5602998,P001,922,0545,4,10
E5602998,P001,223,0500,83,10
E5602998,P001,923,0545,83,10
E5602998,P001,224,0500,5,10
E5602998,P001,924,0545,2,10
E5602998,P001,226,0500,25,10
E5602998,P001,926,0545,25,10
E5602998,P001,237,0500,9,10
E5602998,P001,937,0545,9,10
E5602998,P001,236,0500,8,10
E5602998,P001,936,0545,9,10
E5602998,P001,248,0500,95189,10
E5602998,P001,259,0500,148,10
E5602998,P002,911,0554,3,10
E5602998,P002,222,0500,3,10
E5602998,P002,922,0545,1,10
E5602998,P002,223,0500,80,10
E5602998,P002,923,0545,77,10
E5602998,P002,224,0500,1,10
E5602998,P002,924,0545,3,10
E5602998,P002,226,0500,18,10
E5602998,P002,926,0545,18,10
E5602998,P002,237,0500,8,10
E5602998,P002,937,0545,8,10
E5602998,P002,236,0500,8,10
E5602998,P002,936,0545,7,10
E5602998,P002,248,0500,112318,10
E5602998,P002,259,0500,145,10
E5602998,P003,911,0554,0,00
E5602998,P003,222,0500,0,00
E5602998,P003,922,0545,0,00
E5602998,P003,223,0500,0,00
E5602998,P003,923,0545,0,00
E5602998,P003,224,0500,0,00
E5602998,P003,924,0545,0,00
E5602998,P003,226,0500,0,00
E5602998,P003,926,0545,0,00
E5602998,P003,237,0500,0,00
E5602998,P003,937,0545,0,00
E5602998,P003,236,0500,0,00
E5602998,P003,936,0545,0,00
E5602998,P003,248,0500,0,00
E5602998,P003,259,0500,0,00
E5602998,P004,911,0554,3,10
E5602998,P004,222,0500,9,10
E5602998,P004,922,0545,9,10
E5602998,P004,223,0500,52,10
E5602998,P004,923,0545,49,10
E5602998,P004,224,0500,2,10
E5602998,P004,924,0545,2,10
E5602998,P004,226,0500,18,10
E5602998,P004,926,0545,17,10
E5602998,P004,237,0500,10,10
E5602998,P004,937,0545,10,10
E5602998,P004,236,0500,11,10
E5602998,P004,936,0545,11,10
E5602998,P004,248,0500,76404,10
E5602998,P004,259,0500,151,10
E4900333,P001,911,1454,9,10
E4900333,P002,911,1454,0,00
E4900333,P003,911,1454,0,32
E4900333,P103,911,1454,0,32
E4900333,P021,911,1454,6,10
E4900333,P105,911,1454,9,10
E4900333,P001,922,1445,1,10
E4900333,P002,922,1445,0,00
E4900333,P003,922,1445,0,32
E4900333,P103,922,1445,0,32
E4900333,P021,922,1445,0,10
E4900333,P105,922,1445,59,10
E4900333,P001,923,1445,78,10
E4900333,P002,923,1445,0,00
E4900333,P003,923,1445,0,32
E4900333,P103,923,1445,0,32
E4900333,P021,923,1445,33,10
E4900333,P105,923,1445,77,10
E4900333,P001,936,1445,13,10
E4900333,P002,936,1445,0,00
E4900333,P003,936,1445,0,32
E4900333,P103,936,1445,0,32
E4900333,P021,936,1445,8,10
E4900333,P105,936,1445,10,10
E4900333,P001,259,1400,89,10
E4900333,P002,259,1400,0,00
E4900333,P003,259,1400,0,32
E4900333,P103,259,1400,0,32
E4900333,P021,259,1400,126,10
E4900333,P105,259,1400,168,10
E4900333,P001,222,1400,1,10
E4900333,P002,222,1400,0,00
E4900333,P003,222,1400,0,32
E4900333,P103,222,1400,0,32
E4900333,P021,222,1400,0,10
E4900333,P105,222,1400,59,10
E4900333,P001,223,1400,79,10
E4900333,P002,223,1400,0,00
E4900333,P003,223,1400,0,32
E4900333,P103,223,1400,0,32
E4900333,P021,223,1400,33,10
E4900333,P105,223,1400,79,10
E4900333,P001,236,1400,13,10
E4900333,P002,236,1400,0,00
E4900333,P003,236,1400,0,32
E4900333,P103,236,1400,0,32
E4900333,P021,236,1400,8,10
E4900333,P105,236,1400,10,10
E4900333,P001,248,1400,38619,10
E4900333,P002,248,1400,0,00
E4900333,P003,248,1400,0,32
E4900333,P103,248,1400,0,32
E4900333,P021,248,1400,101410,10
E4900333,P105,248,1400,149019,10
S2300438,P001,911,1500,5,10
E5601197,P002,911,1500,3,10
E5601197,P003,911,1500,3,10
E5602998,P001,911,0600,0,10
E5602998,P002,911,0600,3,10
E5602998,P003,911,0600,0,00
E5602998,P004,911,0600,3,10
E5602998,P001,911,0606,0,10
E5602998,P002,911,0606,3,10
E5602998,P003,911,0606,0,00
E5602998,P004,911,0606,3,10
E5602998,P001,922,0600,2,10
E5602998,P001,923,0600,82,10
E5602998,P001,924,0600,2,10
E5602998,P001,926,0600,20,10
E5602998,P001,937,0600,9,10
E5602998,P001,936,0600,8,10
E5602998,P002,922,0600,1,10
E5602998,P002,923,0600,76,10
E5602998,P002,924,0600,4,10
E5602998,P002,926,0600,16,10
E5602998,P002,937,0600,8,10
E5602998,P002,936,0600,8,10
E5602998,P003,922,0600,0,00
E5602998,P003,923,0600,0,00
E5602998,P003,924,0600,0,00
E5602998,P003,926,0600,0,00
E5602998,P003,937,0600,0,00
E5602998,P003,936,0600,0,00
E5602998,P004,922,0600,7,10
E5602998,P004,923,0600,51,10
E5602998,P004,924,0600,2,10
E5602998,P004,926,0600,13,10
E5602998,P004,937,0600,10,10
E5602998,P004,936,0600,11,10
E5602998,P001,911,0612,0,10
E5602998,P002,911,0612,3,10
E5602998,P003,911,0612,0,00
E5602998,P004,911,0612,3,10
E5602998,P001,911,0618,0,10
E5602998,P002,911,0618,3,10
E5602998,P003,911,0618,0,00
E5602998,P004,911,0618,3,10
E5602998,P001,911,0624,0,10
E5602998,P001,922,0615,3,10
E5602998,P001,923,0615,80,10
E5602998,P001,924,0615,10,10
E5602998,P001,926,0615,21,10
E5602998,P001,937,0615,9,10
E5602998,P001,936,0615,8,10
E5602998,P002,911,0624,3,10
E5602998,P002,922,0615,2,10
E5602998,P002,923,0615,76,10
E5602998,P002,924,0615,0,10
E5602998,P002,926,0615,18,10
E5602998,P002,937,0615,8,10
E5602998,P002,936,0615,7,10
E5602998,P003,911,0624,0,00
E5602998,P003,922,0615,0,00
E5602998,P003,923,0615,0,00
E5602998,P003,924,0615,0,00
E5602998,P003,926,0615,0,00
E5602998,P003,937,0615,0,00
E5602998,P003,936,0615,0,00
E5602998,P004,911,0624,3,10
E5602998,P004,922,0615,5,10
E5602998,P004,923,0615,49,10
E5602998,P004,924,0615,2,10
E5602998,P004,926,0615,11,10
E5602998,P004,937,0615,10,10
E5602998,P004,936,0615,11,10
E5602998,P001,911,0630,0,10
E5602998,P002,911,0630,3,10
E5602998,P003,911,0630,0,00
E5602998,P004,911,0630,3,10
E5602998,P001,911,0636,0,10
E5602998,P002,911,0636,3,10
E5602998,P003,911,0636,0,00
E5602998,P004,911,0636,3,10
E5602998,P001,922,0630,2,10
E5602998,P001,923,0630,77,10
E5602998,P001,924,0630,7,10
E5602998,P001,926,0630,21,10
E5602998,P001,937,0630,9,10
E5602998,P001,936,0630,8,10
E5602998,P002,922,0630,2,10
E5602998,P002,923,0630,89,10
E5602998,P002,924,0630,0,10
E5602998,P002,926,0630,18,10
E5602998,P002,937,0630,8,10
E5602998,P002,936,0630,8,10
E5602998,P003,922,0630,0,00
E5602998,P003,923,0630,0,00
E5602998,P003,924,0630,0,00
E5602998,P003,926,0630,0,00
E5602998,P003,937,0630,0,00
E5602998,P003,936,0630,0,00
E5602998,P004,922,0630,6,10
E5602998,P004,923,0630,46,10
E5602998,P004,924,0630,2,10
E5602998,P004,926,0630,13,10
E5602998,P004,937,0630,10,10
E5602998,P004,936,0630,10,10
E5602998,P001,911,0642,0,10
E5602998,P002,911,0642,3,10
E5602998,P003,911,0642,0,00
E5602998,P004,911,0642,3,10
E5602998,P001,911,0648,0,10
E5602998,P002,911,0648,0,20
E5602998,P003,911,0648,0,00
E5602998,P004,911,0648,0,20
E5602998,P001,911,0654,0,10
E5602998,P001,222,0600,2,10
E5602998,P001,922,0645,2,10
E5602998,P001,223,0600,79,10
E5602998,P001,923,0645,76,10
E5602998,P001,224,0600,5,10
E5602998,P001,924,0645,2,10
E5602998,P001,226,0600,20,10
E5602998,P001,926,0645,20,10
E5602998,P001,237,0600,9,10
E5602998,P001,937,0645,10,10
E5602998,P001,236,0600,8,10
E5602998,P001,936,0645,8,10
E5602998,P001,248,0600,95135,10
E5602998,P001,259,0600,147,10
E5602998,P002,911,0654,0,20
E5602998,P002,222,0600,2,10
E5602998,P002,922,0645,2,10
E5602998,P002,223,0600,80,10
E5602998,P002,923,0645,81,10
E5602998,P002,224,0600,1,10
E5602998,P002,924,0645,0,10
E5602998,P002,226,0600,18,10
E5602998,P002,926,0645,19,10
E5602998,P002,237,0600,8,10
E5602998,P002,937,0645,8,10
E5602998,P002,236,0600,8,10
E5602998,P002,936,0645,8,10
E5602998,P002,248,0600,113654,10
E5602998,P002,259,0600,145,10
E5602998,P003,911,0654,0,00
E5602998,P003,222,0600,0,00
E5602998,P003,922,0645,0,00
E5602998,P003,223,0600,0,00
E5602998,P003,923,0645,0,00
E5602998,P003,224,0600,0,00
E5602998,P003,924,0645,0,00
E5602998,P003,226,0600,0,00
E5602998,P003,926,0645,0,00
E5602998,P003,237,0600,0,00
E5602998,P003,937,0645,0,00
E5602998,P003,236,0600,0,00
E5602998,P003,936,0645,0,00
E5602998,P003,248,0600,0,00
E5602998,P003,259,0600,0,00
E5602998,P004,911,0654,0,20
E5602998,P004,222,0600,6,10
E5602998,P004,922,0645,5,10
E5602998,P004,223,0600,49,10
E5602998,P004,923,0645,51,10
E5602998,P004,224,0600,2,10
E5602998,P004,924,0645,2,10
E5602998,P004,226,0600,12,10
E5602998,P004,926,0645,10,10
E5602998,P004,237,0600,10,10
E5602998,P004,937,0645,10,10
E5602998,P004,236,0600,11,10
E5602998,P004,936,0645,11,10
E5602998,P004,248,0600,78994,10
E5602998,P004,259,0600,151,10
E5600850,PC01,911,1500,0,00
E5600869,P001,911,1500,4,10
E5600841,P001,248,1400,166899,10
E5600841,P001,923,1445,40,10
E5600841,P001,223,1400,37,10
E5600841,P001,936,1445,5,10
E5600841,P001,236,1400,5,10
E5600841,P001,911,1454,5,10
E5600841,P001,922,1445,36,10
E5600841,P001,222,1400,33,10
E5600841,P001,259,1400,158,10
E5600841,P002,248,1400,197630,10
E5600841,P002,923,1445,59,10
E5600841,P002,223,1400,56,10
E5600841,P002,936,1445,4,10
E5600841,P002,236,1400,4,10
E5600841,P002,911,1454,5,10
E5600841,P002,922,1445,26,10
E5600841,P002,222,1400,24,10
E5600841,P002,259,1400,158,10
E5600841,P003,248,1400,0,31
E5600841,P003,923,1445,42,10
E5600841,P003,223,1400,38,10
E5600841,P003,936,1445,6,10
E5600841,P003,236,1400,6,10
E5600841,P003,911,1454,9,10
E5600841,P003,922,1445,32,10
E5600841,P003,222,1400,29,10
E5600841,P003,259,1400,157,10
E5600841,P004,248,1400,185901,10
E5600841,P004,923,1445,20,10
E5600841,P004,223,1400,22,10
E5600841,P004,936,1445,4,10
E5600841,P004,236,1400,4,10
E5600841,P004,911,1454,6,10
E5600841,P004,922,1445,22,10
E5600841,P004,222,1400,20,10
E5600841,P004,259,1400,187,10
E5600841,P005,248,1400,192839,10
E5600841,P005,923,1445,16,10
E5600841,P005,223,1400,16,10
E5600841,P005,936,1445,4,10
E5600841,P005,236,1400,4,10
E5600841,P005,911,1454,9,10
E5600841,P005,922,1445,22,10
E5600841,P005,222,1400,20,10
E5600841,P005,259,1400,195,10
E5600841,P006,248,1400,232278,10
E5600841,P006,923,1445,56,10
E5600841,P006,223,1400,47,10
E5600841,P006,936,1445,6,10
E5600841,P006,236,1400,5,10
E5600841,P006,911,1454,12,10
E5600841,P006,922,1445,70,10
E5600841,P006,222,1400,66,10
E5600841,P006,259,1400,127,10
E5600841,P007,248,1400,239072,10
E5600841,P007,923,1445,40,10
E5600841,P007,223,1400,44,10
E5600841,P007,936,1445,7,10
E5600841,P007,236,1400,6,10
E5600841,P007,911,1454,13,10
E5600841,P007,922,1445,65,10
E5600841,P007,222,1400,55,10
E5600841,P007,259,1400,138,10
E5600841,P008,248,1400,183317,10
E5600841,P008,923,1445,57,10
E5600841,P008,223,1400,51,10
E5600841,P008,936,1445,9,10
E5600841,P008,236,1400,9,10
E5600841,P008,911,1454,7,10
E5600841,P008,922,1445,7,10
E5600841,P008,222,1400,6,10
E5600841,P008,259,1400,51,10
E5600841,P009,248,1400,345974,10
E5600841,P009,923,1445,10,10
E5600841,P009,223,1400,10,10
E5600841,P009,936,1445,5,10
E5600841,P009,236,1400,4,10
E5600841,P009,911,1454,9,10
E5600841,P009,922,1445,23,10
E5600841,P009,222,1400,22,10
E5600841,P009,259,1400,129,10
E5600841,P010,248,1400,428703,10
E5600841,P010,923,1445,10,10
E5600841,P010,223,1400,11,10
E5600841,P010,936,1445,5,10
E5600841,P010,236,1400,5,10
E5600841,P010,911,1454,7,10
E5600841,P010,922,1445,18,10
E5600841,P010,222,1400,19,10
E5600841,P010,259,1400,113,10
E5600841,PC23,248,1400,32627,10
E5600841,PC23,923,1445,53,10
E5600841,PC23,223,1400,62,10
E5600841,PC23,936,1445,8,10
E5600841,PC23,236,1400,8,10
E5600841,PC23,911,1454,9,10
E5600841,PC23,922,1445,30,10
E5600841,PC23,222,1400,30,10
E5600841,PC23,259,1400,157,10
E5600841,PC83,248,1400,202634,10
E5600841,PC83,923,1445,48,10
E5600841,PC83,223,1400,49,10
E5600841,PC83,936,1445,6,10
E5600841,PC83,236,1400,6,10
E5600841,PC83,911,1454,14,10
E5600841,PC83,922,1445,24,10
E5600841,PC83,222,1400,24,10
E5600841,PC83,259,1400,170,10
E5600841,PPB1,248,1400,215673,10
E5600841,PPB1,923,1445,9,10
E5600841,PPB1,223,1400,9,10
E5600841,PPB1,936,1445,8,10
E5600841,PPB1,236,1400,9,10
E5600841,PPB1,911,1454,8,10
E5600841,PPB1,922,1445,25,10
E5600841,PPB1,222,1400,27,10
E5600841,PPB1,259,1400,143,10
E5600841,PPC1,248,1400,646349,10
E5600841,PPC1,923,1445,13,10
E5600841,PPC1,223,1400,17,10
E5600841,PPC1,936,1445,3,10
E5600841,PPC1,236,1400,3,10
E5600841,PPC1,911,1454,5,10
E5600841,PPC1,922,1445,21,10
E5600841,PPC1,222,1400,21,10
E5600841,PPC1,259,1400,132,10
E5600841,PR54,248,1400,45227,10
E5600841,PR54,923,1445,63,10
E5600841,PR54,223,1400,57,10
E5600841,PR54,936,1445,6,10
E5600841,PR54,236,1400,5,10
E5600841,PR54,911,1454,3,10
E5600841,PR54,922,1445,37,10
E5600841,PR54,222,1400,44,10
E5600841,PR54,259,1400,223,10
E5600841,PR61,248,1400,168314,10
E5600841,PR61,923,1445,70,10
E5600841,PR61,223,1400,66,10
E5600841,PR61,936,1445,3,10
E5600841,PR61,236,1400,3,10
E5600841,PR61,911,1454,7,10
E5600841,PR61,922,1445,47,10
E5600841,PR61,222,1400,46,10
E5600841,PR61,259,1400,326,10
E5600841,PR62,248,1400,124349,10
E5600841,PR62,923,1445,37,10
E5600841,PR62,223,1400,47,10
E5600841,PR62,936,1445,3,10
E5600841,PR62,236,1400,3,10
E5600841,PR62,911,1454,4,10
E5600841,PR62,922,1445,24,10
E5600841,PR62,222,1400,23,10
E5600841,PR62,259,1400,321,10
E5600841,PS11,248,1400,836813,10
E5600841,PS11,923,1445,34,10
E5600841,PS11,223,1400,34,10
E5600841,PS11,936,1445,11,10
E5600841,PS11,236,1400,11,10
E5600841,PS11,911,1454,10,10
E5600841,PS11,922,1445,63,10
E5600841,PS11,222,1400,63,10
E5600841,PS11,259,1400,171,10
E5600841,PS12,911,1454,8,10
E5600841,PS31,248,1400,758914,10
E5600841,PS31,923,1445,127,10
E5600841,PS31,223,1400,123,10
E5600841,PS31,936,1445,12,10
E5600841,PS31,236,1400,12,10
E5600841,PS31,911,1454,7,10
E5600841,PS31,922,1445,77,10
E5600841,PS31,222,1400,90,10
E5600841,PS31,259,1400,122,10
E5600841,PS32,911,1454,4,10
E5600841,PS51,248,1400,904837,10
E5600841,PS51,923,1445,40,10
E5600841,PS51,223,1400,42,10
E5600841,PS51,936,1445,11,10
E5600841,PS51,236,1400,11,10
E5600841,PS51,911,1454,12,10
E5600841,PS51,922,1445,16,10
E5600841,PS51,222,1400,16,10
E5600841,PS51,259,1400,136,10
E5600841,PS52,911,1454,9,10
E5600841,PS71,248,1400,0,00
E5600841,PS71,923,1445,0,00
E5600841,PS71,223,1400,0,00
E5600841,PS71,936,1445,0,00
E5600841,PS71,236,1400,0,00
E5600841,PS71,911,1454,0,00
E5600841,PS71,922,1445,0,00
E5600841,PS71,222,1400,0,00
E5600841,PS71,259,1400,0,00
E5600841,PS72,911,1454,0,00
E5600896,P004,911,1448,0,00
E5600896,P005,911,1448,0,00
E5600896,P007,911,1448,5,10
E5600896,P008,911,1448,8,10
E5400878,P010,911,1448,1,10
S1901066,P004,911,1500,5,10
E5600789,P001,911,1500,0,00
E5600056,P004,911,1506,0,00
E5600056,P006,911,1506,3,10
E5600056,P007,911,1506,0,00
E5600056,P008,911,1506,6,10
E5600056,P009,911,1506,2,10
E5600056,P016,911,1506,4,10
E5600056,P017,911,1506,2,10
E5600056,P018,911,1506,3,10
E5600056,P021,911,1506,2,10
E5600056,P022,911,1506,3,10
E5600056,P023,911,1506,1,10
E5600056,P024,911,1506,4,10
S1900710,P015,911,1506,0,00
S1900710,P050,911,1506,6,10
S1900710,P056,911,1506,4,10
S1900710,P060,911,1506,2,10
S1900710,P070,911,1506,6,10
S1900685,P002,911,1500,13,10
S1900685,P421,911,1500,12,10
S1900685,P411,911,1500,4,10
S2202553,P001,911,1500,1,10
S2202553,P002,911,1500,1,10
S2202553,P003,911,1500,1,10
S2100223,P015,911,1506,0,10
S2005081,P401,911,0848,8,10
E4900333,P001,911,1500,9,10
E4900333,P002,911,1500,0,00
E4900333,P003,911,1500,0,32
E4900333,P103,911,1500,0,32
E4900333,P021,911,1500,6,10
E4900333,P105,911,1500,9,10
E4900744,P001,911,1506,0,00
E4900744,P002,911,1506,0,00
E4900744,P023,911,1506,0,00
S2100223,P015,922,1500,0,10
S2100223,P015,923,1500,0,10
S2100223,P015,924,1500,0,10
S2100223,P015,936,1500,0,10
E5600841,P001,911,1500,5,10
E5600841,P002,911,1500,5,10
E5600841,P003,911,1500,9,10
E5600841,P004,911,1500,6,10
E5600841,P005,911,1500,9,10
E5600841,P006,911,1500,12,10
E5600841,P007,911,1500,13,10
E5600841,P008,911,1500,8,10
E5600841,P009,911,1500,9,10
E5600841,P010,911,1500,7,10
E5600841,PC23,911,1500,9,10
E5600841,PC83,911,1500,14,10
E5600841,PPB1,911,1500,8,10
E5600841,PPC1,911,1500,5,10
E5600841,PR54,911,1500,3,10
E5600841,PR61,911,1500,7,10
E5600841,PR62,911,1500,4,10
E5600841,PS11,911,1500,10,10
E5600841,PS12,911,1500,8,10
E5600841,PS31,911,1500,7,10
E5600841,PS32,911,1500,4,10
E5600841,PS51,911,1500,12,10
E5600841,PS52,911,1500,9,10
E5600841,PS71,911,1500,0,00
E5600841,PS72,911,1500,0,00
S2300438,P001,911,1506,5,10
E5601197,P002,911,1506,3,10
E5601197,P003,911,1506,3,10
E5600850,PC01,911,1506,0,00
E5600869,P001,911,1506,4,10
E4900744,P001,923,1500,0,00
E4900744,P023,923,1500,0,00
E4900744,P001,936,1500,0,00
E4900744,P023,936,1500,0,00
E5600896,P004,222,1400,0,00
E5600896,P004,223,1400,0,00
E5600896,P004,236,1400,0,00
E5600896,P004,248,1400,0,00
E5600896,P004,259,1400,0,00
E5600896,P005,222,1400,0,00
E5600896,P005,223,1400,0,00
E5600896,P005,236,1400,0,00
E5600896,P005,248,1400,0,00
E5600896,P005,259,1400,0,00
E5600896,P007,222,1400,0,10
E5600896,P007,223,1400,71,11
E5600896,P007,236,1400,5,10
E5600896,P007,248,1400,1474828,10
E5600896,P007,259,1400,159,10
E5600896,P008,222,1400,0,10
E5600896,P008,223,1400,62,10
E5600896,P008,236,1400,2,10
E5600896,P008,248,1400,1872812,10
E5600896,P008,259,1400,134,10
E5600896,P004,922,1445,0,00
E5600896,P004,923,1445,0,00
E5600896,P004,936,1445,0,00
E5600896,P005,922,1445,0,00
E5600896,P005,923,1445,0,00
E5600896,P005,936,1445,0,00
E5600896,P007,922,1445,0,10
E5600896,P007,923,1445,71,11
E5600896,P007,936,1445,5,10
E5600896,P008,922,1445,0,10
E5600896,P008,923,1445,62,10
E5600896,P008,936,1445,2,10
E5600896,P004,911,1454,0,00
E5600896,P005,911,1454,0,00
E5600896,P007,911,1454,5,10
E5600896,P008,911,1454,8,10
E5400878,P001,223,1400,21,10
E5400878,P001,236,1400,15,10
E5400878,P001,248,1400,1717778,10
E5400878,P001,259,1400,117,10
E5400878,P002,223,1400,18,10
E5400878,P002,236,1400,14,10
E5400878,P002,248,1400,1975510,10
E5400878,P002,259,1400,117,10
E5400878,P003,223,1400,16,10
E5400878,P003,236,1400,15,10
E5400878,P003,248,1400,1586035,10
E5400878,P003,259,1400,114,10
E5400878,P010,223,1400,18,10
E5400878,P010,236,1400,13,10
E5400878,P010,248,1400,1401631,10
E5400878,P010,259,1400,99,10
E5400878,P001,923,1445,21,10
E5400878,P001,936,1445,15,10
E5400878,P002,923,1445,18,10
E5400878,P002,936,1445,14,10
E5400878,P003,923,1445,16,10
E5400878,P003,936,1445,15,10
E5400878,P010,923,1445,18,10
E5400878,P010,936,1445,13,10
E5400878,P010,911,1454,1,10
S2300429,P701,911,1506,0,00
S2300429,PF01,911,1506,9,10
S1901066,P004,911,1506,5,10
E5600789,P001,911,1506,0,00
E5600056,P004,911,1512,0,00
E5600056,P006,911,1512,3,10
E5600056,P007,911,1512,0,00
E5600056,P008,911,1512,5,10
E5600056,P009,911,1512,1,10
E5600056,P016,911,1512,5,10
E5600056,P017,911,1512,2,10
E5600056,P018,911,1512,3,10
E5600056,P021,911,1512,2,10
E5600056,P022,911,1512,3,10
E5600056,P023,911,1512,1,10
E5600056,P024,911,1512,4,10
S1900710,P015,911,1512,0,00
S1900710,P050,911,1512,7,10
S1900710,P056,911,1512,4,10
S1900710,P060,911,1512,2,10
S1900710,P070,911,1512,6,10
S1900685,P002,911,1506,13,10
S1900685,P421,911,1506,12,10
S1900685,P411,911,1506,4,10
S2202553,P001,911,1506,1,10
S2202553,P002,911,1506,1,10
S2202553,P003,911,1506,1,10
S2100223,P015,911,1512,0,10
E5600850,PC01,923,1500,0,00
E5600850,PC01,924,1500,0,00
E5600850,PC01,936,1500,0,00
E5600850,PC01,926,1500,0,00
E5600850,PC01,223,1400,0,00
E5600850,PC01,224,1400,0,00
E5600850,PC01,236,1400,0,00
E5600850,PC01,226,1400,0,00
E5600850,PC01,248,1400,0,00
E5600850,PC01,259,1400,0,00
S2005081,P401,911,0854,13,10
S2005081,P401,911,0900,8,10
S2005081,P401,923,0900,0,20
S2005081,P401,922,0900,0,20
S2005081,P401,936,0900,0,20
S2005081,P401,248,0800,181793,10
S2005081,P401,259,0800,54,10
S2005081,P401,223,0800,60,10
S2005081,P401,222,0800,12,10
S2005081,P401,236,0800,6,10
S2005081,P401,911,0906,0,20
S2005081,P401,911,0912,8,10
S2005081,P401,923,0915,55,10
S2005081,P401,922,0915,12,10
S2005081,P401,936,0915,6,10
S2005081,P401,911,0918,13,10
S2005081,P401,911,0924,8,10
S2005081,P401,911,0930,10,10
S2005081,P401,923,0930,55,10
S2005081,P401,922,0930,12,10
S2005081,P401,936,0930,6,10
S2005081,P401,911,0936,12,10
S2005081,P401,911,0942,10,10
S2005081,P401,923,0945,0,32
S2005081,P401,922,0945,12,10
S2005081,P401,936,0945,6,10
S2005081,P401,911,0948,11,10
S2005081,P401,911,0954,10,10
S2005081,P401,911,1000,11,10
S2005081,P401,923,1000,52,10
S2005081,P401,922,1000,12,10
S2005081,P401,936,1000,6,10
S2005081,P401,248,0900,182849,10
S2005081,P401,259,0900,55,10
S2005081,P401,223,0900,54,10
S2005081,P401,222,0900,12,10
S2005081,P401,236,0900,6,10
S2005081,P401,911,1006,10,10
S2005081,P401,911,1012,11,10
S2005081,P401,923,1015,56,10
S2005081,P401,922,1015,12,10
S2005081,P401,936,1015,6,10
S2005081,P401,911,1018,11,10
S2005081,P401,911,1024,9,10
S2005081,P401,911,1030,14,10
S2005081,P401,923,1030,61,10
S2005081,P401,922,1030,13,10
S2005081,P401,936,1030,6,10
S2005081,P401,911,1036,8,10
S2005081,P401,911,1042,12,10
S2005081,P401,923,1045,59,10
S2005081,P401,922,1045,12,10
S2005081,P401,936,1045,6,10
S2005081,P401,911,1048,7,10
S2005081,P401,911,1054,11,10
E5002890,P001,922,1400,0,10
E5002890,P002,922,1400,0,10
E5002890,P003,922,1400,0,00
E5002890,P001,923,1400,123,10
E5002890,P002,923,1400,128,10
E5002890,P003,923,1400,0,00
E5002890,P001,924,1400,5,10
E5002890,P002,924,1400,6,10
E5002890,P003,924,1400,0,00
E5002890,P001,926,1400,18,10
E5002890,P002,926,1400,4,10
E5002890,P003,926,1400,0,00
E5002890,P001,936,1400,12,10
E5002890,P002,936,1400,12,10
E5002890,P003,936,1400,0,00
E5002890,P001,911,1412,5,10
E5002890,P002,911,1412,5,10
E5002890,P003,911,1412,0,00
E5002890,P001,911,1418,5,10
E5002890,P002,911,1418,5,10
E5002890,P003,911,1418,0,00
E5002890,P001,911,1424,5,10
E5002890,P002,911,1424,5,10
E5002890,P003,911,1424,0,00
E5002890,P001,922,1415,0,10
E5002890,P002,922,1415,0,10
E5002890,P003,922,1415,0,00
E5002890,P001,923,1415,123,10
E5002890,P002,923,1415,120,10
E5002890,P003,923,1415,0,00
E5002890,P001,924,1415,5,10
E5002890,P002,924,1415,8,10
E5002890,P003,924,1415,0,00
E5002890,P001,926,1415,14,10
E5002890,P002,926,1415,2,10
E5002890,P003,926,1415,0,00
E5002890,P001,936,1415,13,10
E5002890,P002,936,1415,12,10
E5002890,P003,936,1415,0,00
E5002890,P001,911,1430,5,10
E5002890,P002,911,1430,5,10
E5002890,P003,911,1430,0,00
E5002890,P001,911,1436,5,10
E5002890,P002,911,1436,5,10
E5002890,P003,911,1436,0,00
E5002890,P001,922,1430,0,10
E5002890,P002,922,1430,0,10
E5002890,P003,922,1430,0,00
E5002890,P001,923,1430,128,10
E5002890,P002,923,1430,119,10
E5002890,P003,923,1430,0,00
E5002890,P001,924,1430,4,10
E5002890,P002,924,1430,10,10
E5002890,P003,924,1430,0,00
E5002890,P001,926,1430,15,10
E5002890,P002,926,1430,4,10
E5002890,P003,926,1430,0,00
E5002890,P001,936,1430,13,10
E5002890,P002,936,1430,12,10
E5002890,P003,936,1430,0,00
E5002890,P001,911,1442,5,10
E5002890,P002,911,1442,5,10
E5002890,P003,911,1442,0,00
E5002890,P001,911,1448,5,10
E5002890,P002,911,1448,5,10
E5002890,P003,911,1448,0,00
E5002890,P001,911,1454,5,10
E5002890,P002,911,1454,6,10
E5002890,P003,911,1454,0,00
E5002890,P001,922,1445,0,10
E5002890,P002,922,1445,0,10
E5002890,P003,922,1445,0,00
E5002890,P001,923,1445,102,10
E5002890,P002,923,1445,134,10
E5002890,P003,923,1445,0,00
E5002890,P001,924,1445,6,10
E5002890,P002,924,1445,15,10
E5002890,P003,924,1445,0,00
E5002890,P001,926,1445,10,10
E5002890,P002,926,1445,7,10
E5002890,P003,926,1445,0,00
E5002890,P001,936,1445,13,10
E5002890,P002,936,1445,13,10
E5002890,P003,936,1445,0,00
E5002890,P001,222,1400,0,10
E5002890,P002,222,1400,0,10
E5002890,P003,222,1400,0,00
E5002890,P001,223,1400,119,10
E5002890,P002,223,1400,125,10
E5002890,P003,223,1400,0,00
E5002890,P001,224,1400,5,10
E5002890,P002,224,1400,10,10
E5002890,P003,224,1400,0,00
E5002890,P001,226,1400,14,10
E5002890,P002,226,1400,4,10
E5002890,P003,226,1400,0,00
E5002890,P001,236,1400,13,10
E5002890,P002,236,1400,12,10
E5002890,P003,236,1400,0,00
E5002890,P001,248,1400,51477,10
E5002890,P002,248,1400,61998,10
E5002890,P003,248,1400,0,00
E5002890,P001,259,1400,167,10
E5002890,P002,259,1400,160,10
E5002890,P003,259,1400,0,00
S2300429,P701,911,1500,0,00
S2300429,P701,922,1500,0,00
S2300429,P701,923,1500,0,00
S2300429,P701,936,1500,0,00
S2300429,PF01,911,1500,8,10
S2300429,PF01,922,1500,21,10
S2300429,PF01,923,1500,24,10
S2300429,PF01,936,1500,5,10
S2300429,P701,222,1400,0,00
S2300429,P701,223,1400,0,00
S2300429,P701,236,1400,0,00
S2300429,P701,248,1400,0,00
S2300429,P701,259,1400,0,00
S2300429,PF01,222,1400,23,10
S2300429,PF01,223,1400,24,10
S2300429,PF01,236,1400,6,10
S2300429,PF01,248,1400,275017,10
S2300429,PF01,259,1400,58,10
S2300438,P001,922,1500,0,10
S2300438,P001,923,1500,29,10
S2300438,P001,936,1500,6,10
S2300438,P001,222,1400,0,10
S2300438,P001,223,1400,31,10
S2300438,P001,236,1400,6,10
S2300438,P001,248,1400,47943,10
S2300438,P001,259,1400,121,10
E5002890,P001,911,1500,5,10
E5002890,P002,911,1500,6,10
E5002890,P003,911,1500,0,00
S2201109,P711,911,1506,15,10
S2201109,P731,911,1506,19,10
S2201109,P741,911,1506,0,31
S2201109,P751,911,1506,13,10
E4900333,P001,911,1506,9,10
E4900333,P002,911,1506,0,00
E4900333,P003,911,1506,0,32
E4900333,P103,911,1506,0,32
E4900333,P021,911,1506,6,10
E4900333,P105,911,1506,9,10
E5002890,P001,911,1506,5,10
E5002890,P002,911,1506,6,10
E5002890,P003,911,1506,0,00
E5600869,P001,922,1500,126,10
E5600869,P001,923,1500,124,10
E5600869,P001,936,1500,7,10
S1900685,P421,922,1500,12,10
S1900685,P421,923,1500,76,10
S1900685,P421,936,1500,6,10
S1900685,P411,922,1500,16,10
S1900685,P411,923,1500,68,10
S1900685,P411,936,1500,12,10
S2202553,P001,922,1500,14,10
S2202553,P002,922,1500,15,10
S2202553,P003,922,1500,10,10
S2202553,P001,923,1500,83,10
S2202553,P002,923,1500,69,10
S2202553,P003,923,1500,88,10
S2202553,P001,924,1500,4,10
S2202553,P002,924,1500,1,10
S2202553,P003,924,1500,7,10
S2202553,P001,926,1500,28,10
S2202553,P002,926,1500,19,10
S2202553,P003,926,1500,25,10
S2202553,P001,936,1500,10,10
S2202553,P002,936,1500,10,10
S2202553,P003,936,1500,9,10
E4900744,P001,911,1512,0,00
E4900744,P002,911,1512,0,00
E4900744,P023,911,1512,0,00
E5600841,P001,911,1506,5,10
E5600841,P002,911,1506,5,10
E5600841,P003,911,1506,9,10
E5600841,P004,911,1506,6,10
E5600841,P005,911,1506,9,10
E5600841,P006,911,1506,12,10
E5600841,P007,911,1506,13,10
E5600841,P008,911,1506,7,10
E5600841,P009,911,1506,9,10
E5600841,P010,911,1506,7,10
E5600841,PC23,911,1506,9,10
E5600841,PC83,911,1506,15,10
E5600841,PPB1,911,1506,8,10
E5600841,PPC1,911,1506,5,10
E5600841,PR54,911,1506,3,10
E5600841,PR61,911,1506,7,10
E5600841,PR62,911,1506,4,10
E5600841,PS11,911,1506,11,10
E5600841,PS12,911,1506,10,10
E5600841,PS31,911,1506,7,10
E5600841,PS32,911,1506,4,10
E5600841,PS51,911,1506,12,10
E5600841,PS52,911,1506,9,10
E5600841,PS71,911,1506,0,00
E5600841,PS72,911,1506,0,00
S2005081,P401,911,1100,7,10
S2005081,P401,923,1100,55,10
S2005081,P401,922,1100,13,10
S2005081,P401,936,1100,6,10
S2005081,P401,248,1000,183106,10
S2005081,P401,259,1000,55,10
S2005081,P401,223,1000,58,10
S2005081,P401,222,1000,13,10
S2005081,P401,236,1000,6,10
S2005081,P401,911,1106,10,10
S2005081,P401,911,1112,9,10
S2005081,P401,923,1115,56,10
S2005081,P401,922,1115,14,10
S2005081,P401,936,1115,6,10
S2005081,P401,911,1118,10,10
S2005081,P401,911,1124,11,10
S2005081,P401,911,1130,10,10
S2005081,P401,923,1130,52,10
S2005081,P401,922,1130,14,10
S2005081,P401,936,1130,6,10
S2005081,P401,911,1136,10,10
S2005081,P401,911,1142,10,10
S2005081,P401,923,1145,52,10
S2005081,P401,922,1145,15,10
S2005081,P401,936,1145,7,10
S2005081,P401,911,1148,11,10
S2005081,P401,911,1154,10,10
S2005081,P401,911,1200,8,10
S2005081,P401,923,1200,52,10
S2005081,P401,922,1200,15,10
S2005081,P401,936,1200,6,10
S2005081,P401,248,1100,181656,10
S2005081,P401,259,1100,55,10
S2005081,P401,223,1100,53,10
S2005081,P401,222,1100,15,10
S2005081,P401,236,1100,6,10
S2005081,P401,911,1206,11,10
S2005081,P401,911,1212,7,10
S2005081,P401,923,1215,55,10
S2005081,P401,922,1215,16,10
S2005081,P401,936,1215,6,10
S2005081,P401,911,1218,11,10
S2005081,P401,911,1224,6,10
S2005081,P401,911,1230,10,10
S2005081,P401,923,1230,54,10
S2005081,P401,922,1230,16,10
S2005081,P401,936,1230,6,10
S2005081,P401,911,1236,6,10
S2005081,P401,911,1242,10,10
S2005081,P401,923,1245,53,10
S2005081,P401,922,1245,16,10
S2005081,P401,936,1245,6,10
S2005081,P401,911,1248,6,10
S2005081,P401,911,1254,8,10
S2005081,P401,911,1300,0,32
S2005081,P401,923,1300,0,32
S2005081,P401,922,1300,17,10
S2005081,P401,936,1300,6,10
S2005081,P401,248,1200,183127,10
S2005081,P401,259,1200,55,10
S2005081,P401,223,1200,54,10
S2005081,P401,222,1200,16,10
S2005081,P401,236,1200,6,10
S2005081,P401,911,1306,8,10
S2005081,P401,911,1312,9,10
S2005081,P401,923,1315,62,10
S2005081,P401,922,1315,19,10
S2005081,P401,936,1315,6,10
S2005081,P401,911,1318,8,10
S2005081,P401,911,1324,9,10
S2005081,P401,911,1330,7,10
S2005081,P401,923,1330,63,10
S2005081,P401,922,1330,20,10
S2005081,P401,936,1330,6,10
S2005081,P401,911,1336,8,10
S2005081,P401,911,1342,7,10
S2005081,P401,923,1345,58,10
S2005081,P401,922,1345,20,10
S2005081,P401,936,1345,6,10
S2005081,P401,911,1348,8,10
S2005081,P401,911,1354,15,10
S2005081,P401,911,1400,9,10
S2005081,P401,923,1400,58,10
S2005081,P401,922,1400,20,10
S2005081,P401,936,1400,6,10
S2005081,P401,248,1300,183230,10
S2005081,P401,259,1300,55,10
S2005081,P401,223,1300,60,10
S2005081,P401,222,1300,20,10
S2005081,P401,236,1300,6,10
S2005081,P401,911,1406,19,10
S2005081,P401,911,1412,13,10
S2005081,P401,923,1415,61,10
S2005081,P401,922,1415,21,10
S2005081,P401,936,1415,6,10
S2005081,P401,911,1418,20,11
S2005081,P401,911,1424,14,10
S2005081,P401,911,1430,17,10
S2005081,P401,923,1430,62,10
S2005081,P401,922,1430,20,10
S2005081,P401,936,1430,6,10
S2005081,P401,911,1436,7,10
S2005081,P401,911,1442,8,10
S2005081,P401,923,1445,58,10
S2005081,P401,922,1445,22,10
S2005081,P401,936,1445,6,10
S2005081,P401,911,1448,7,10
S2005081,P401,911,1454,11,10
S2005081,P401,911,1500,14,10
S2005081,P401,923,1500,64,10
S2005081,P401,922,1500,21,10
S2005081,P401,936,1500,6,10
S2005081,P401,248,1400,186513,10
S2005081,P401,259,1400,56,10
S2005081,P401,223,1400,61,10
S2005081,P401,222,1400,21,10
S2005081,P401,236,1400,6,10
S2005081,P401,911,1506,11,10
E5002890,P001,922,1500,0,10
E5002890,P002,922,1500,0,10
E5002890,P003,922,1500,0,00
E5002890,P001,923,1500,125,10
E5002890,P002,923,1500,143,10
E5002890,P003,923,1500,0,00
E5002890,P001,924,1500,4,10
E5002890,P002,924,1500,5,10
E5002890,P003,924,1500,0,00
E5002890,P001,926,1500,10,10
E5002890,P002,926,1500,6,10
E5002890,P003,926,1500,0,00
E5002890,P001,936,1500,12,10
E5002890,P002,936,1500,11,10
E5002890,P003,936,1500,0,00
S1901066,P004,922,1500,229,10
S1901066,P004,923,1500,187,10
S1901066,P004,924,1500,0,10
S1901066,P004,936,1500,5,10
S1901066,P004,937,1500,11,10
S1901066,P004,222,1400,232,10
S1901066,P004,223,1400,186,10
S1901066,P004,224,1400,1,10
S1901066,P004,236,1400,5,10
S1901066,P004,237,1400,11,10
S1901066,P004,248,1400,118689,10
S1901066,P004,259,1400,243,10
S2005081,P401,911,1512,13,10
S2300438,P001,911,1512,5,10
S1900710,P070,923,1515,22,10
S1900710,P070,936,1515,8,10
S1900710,P070,922,1515,16,10
S1900710,P015,923,1515,0,00
S1900710,P015,936,1515,0,00
S1900710,P015,922,1515,0,00
S1900710,P050,923,1515,113,10
S1900710,P050,936,1515,5,10
S1900710,P050,922,1515,69,10
S1900710,P056,923,1515,38,10
S1900710,P056,936,1515,4,10
S1900710,P056,922,1515,25,10
S1900710,P060,923,1515,22,10
S1900710,P060,936,1515,5,10
S1900710,P060,922,1515,26,10
S2005081,P401,923,1515,65,10
S2005081,P401,922,1515,21,10
S2005081,P401,936,1515,6,10
E5601197,P002,911,1512,3,10
E5601197,P003,911,1512,3,10
S1601990,P001,911,1512,3,10
S1601990,P004,911,1512,3,10
S1601990,P049,911,1512,1,10
S2005081,P401,911,1518,10,10
E5600056,P004,922,1515,0,00
E5600056,P004,923,1515,0,00
E5600056,P004,924,1515,0,00
E5600056,P004,936,1515,0,00
E5600056,P006,922,1515,26,10
E5600056,P006,923,1515,57,10
E5600056,P006,924,1515,1,10
E5600056,P006,936,1515,5,10
E5600056,P007,922,1515,0,00
E5600056,P007,923,1515,0,00
E5600056,P007,924,1515,0,00
E5600056,P007,936,1515,0,00
E5600056,P008,922,1515,48,10
E5600056,P008,923,1515,63,10
E5600056,P008,924,1515,80,10
E5600056,P008,936,1515,5,10
E5600056,P016,922,1515,0,10
E5600056,P016,923,1515,36,10
E5600056,P016,936,1515,12,10
E5600056,P017,922,1515,2,10
E5600056,P017,923,1515,22,10
E5600056,P017,924,1515,0,10
E5600056,P017,936,1515,3,10
E5600056,P018,922,1515,0,10
E5600056,P018,923,1515,16,10
E5600056,P018,924,1515,0,10
E5600056,P018,936,1515,3,10
E5600056,P021,922,1515,0,10
E5600056,P021,923,1515,46,10
E5600056,P021,924,1515,0,10
E5600056,P021,936,1515,4,10
E5600056,P024,922,1515,3,10
E5600056,P024,923,1515,17,10
E5600056,P024,924,1515,2,10
E5600056,P024,936,1515,6,10
E5600056,P034,922,1515,5,10
E5600056,P034,923,1515,41,10
E5600056,P034,936,1515,1,10
E5600056,P004,911,1518,0,00
E5600056,P006,911,1518,3,10
E5600056,P007,911,1518,0,00
E5600056,P008,911,1518,5,10
E5600056,P009,911,1518,2,10
E5600056,P016,911,1518,5,10
E5600056,P017,911,1518,2,10
E5600056,P018,911,1518,3,10
E5600056,P021,911,1518,2,10
E5600056,P022,911,1518,3,10
E5600056,P023,911,1518,1,10
E5600056,P024,911,1518,4,10
E5600869,P001,911,1512,4,10
E5600841,P001,923,1500,34,10
E5600841,P001,936,1500,5,10
E5600841,P001,922,1500,34,10
E5600841,P002,923,1500,49,10
E5600841,P002,936,1500,4,10
E5600841,P002,922,1500,25,10
E5600841,P003,923,1500,36,10
E5600841,P003,936,1500,6,10
E5600841,P003,922,1500,31,10
E5600841,P004,923,1500,21,10
E5600841,P004,936,1500,4,10
E5600841,P004,922,1500,23,10
E5600841,P005,923,1500,16,10
E5600841,P005,936,1500,4,10
E5600841,P005,922,1500,22,10
E5600841,P006,923,1500,57,10
E5600841,P006,936,1500,6,10
E5600841,P006,922,1500,70,10
E5600841,P007,923,1500,42,10
E5600841,P007,936,1500,7,10
E5600841,P007,922,1500,65,10
E5600841,P008,923,1500,56,10
E5600841,P008,936,1500,9,10
E5600841,P008,922,1500,7,10
E5600841,P009,923,1500,10,10
E5600841,P009,936,1500,6,10
E5600841,P009,922,1500,25,10
E5600841,P010,923,1500,10,10
E5600841,P010,936,1500,5,10
E5600841,P010,922,1500,19,10
E5600841,PC23,923,1500,82,10
E5600841,PC23,936,1500,8,10
E5600841,PC23,922,1500,31,10
E5600841,PC83,923,1500,48,10
E5600841,PC83,936,1500,6,10
E5600841,PC83,922,1500,25,10
E5600841,PPB1,923,1500,9,10
E5600841,PPB1,936,1500,8,10
E5600841,PPB1,922,1500,26,10
E5600841,PPC1,923,1500,13,10
E5600841,PPC1,936,1500,4,10
E5600841,PPC1,922,1500,22,10
E5600841,PR54,923,1500,71,10
E5600841,PR54,936,1500,6,10
E5600841,PR54,922,1500,32,10
E5600841,PR61,923,1500,80,10
E5600841,PR61,936,1500,3,10
E5600841,PR61,922,1500,46,10
E5600841,PR62,923,1500,36,10
E5600841,PR62,936,1500,3,10
E5600841,PR62,922,1500,23,10
E5600841,PS11,923,1500,34,10
E5600841,PS11,936,1500,11,10
E5600841,PS11,922,1500,63,10
E5600841,PS31,923,1500,134,10
E5600841,PS31,936,1500,12,10
E5600841,PS31,922,1500,97,10
E5600841,PS51,923,1500,40,10
E5600841,PS51,936,1500,11,10
E5600841,PS51,922,1500,17,10
E5600841,PS71,923,1500,0,00
E5600841,PS71,936,1500,0,00
E5600841,PS71,922,1500,0,00
E5600896,P004,911,1500,0,00
E5600896,P005,911,1500,0,00
E5600896,P007,911,1500,5,10
E5600896,P008,911,1500,8,10
E5400878,P010,911,1500,1,10
S2300429,P701,911,1512,0,00
S2300429,PF01,911,1512,9,10
E5600850,PC01,911,1512,0,00
S1901066,P004,911,1512,5,10
E4900333,P001,922,1500,1,10
E4900333,P002,922,1500,0,00
E4900333,P003,922,1500,0,32
E4900333,P103,922,1500,0,32
E4900333,P021,922,1500,0,10
E4900333,P105,922,1500,57,10
E4900333,P001,923,1500,79,10
E4900333,P002,923,1500,0,00
E4900333,P003,923,1500,0,32
E4900333,P103,923,1500,0,32
E4900333,P021,923,1500,38,10
E4900333,P105,923,1500,77,10
E4900333,P001,936,1500,13,10
E4900333,P002,936,1500,0,00
E4900333,P003,936,1500,0,32
E4900333,P103,936,1500,0,32
E4900333,P021,936,1500,8,10
E4900333,P105,936,1500,10,10
E5600789,P001,911,1512,0,00
E5002890,P001,911,1512,5,10
E5002890,P002,911,1512,6,10
E5002890,P003,911,1512,0,00
S1900710,P070,911,1518,6,10
S1900710,P015,911,1518,0,00
S1900710,P050,911,1518,6,10
S1900710,P056,911,1518,4,10
S1900710,P060,911,1518,2,10
S1900685,P002,911,1512,12,10
S1900685,P421,911,1512,12,10
S1900685,P411,911,1512,4,10
S2202553,P001,911,1512,1,10
S2202553,P002,911,1512,1,10
S2202553,P003,911,1512,1,10
S2100223,P015,911,1518,0,10
E5602998,P001,911,0700,0,10
E5602998,P002,911,0700,3,10
E5602998,P003,911,0700,0,00
E5602998,P004,911,0700,3,10
E5602998,P001,911,0706,0,10
E5602998,P002,911,0706,3,10
E5602998,P003,911,0706,0,00
E5602998,P004,911,0706,3,10
E5602998,P001,922,0700,2,10
E5602998,P001,923,0700,82,10
E5602998,P001,924,0700,2,10
E5602998,P001,926,0700,19,10
E5602998,P001,937,0700,10,10
E5602998,P001,936,0700,8,10
E5602998,P002,922,0700,0,20
E5602998,P002,923,0700,0,20
E5602998,P002,924,0700,0,20
E5602998,P002,926,0700,0,20
E5602998,P002,937,0700,0,20
E5602998,P002,936,0700,0,20
E5602998,P003,922,0700,0,00
E5602998,P003,923,0700,0,00
E5602998,P003,924,0700,0,00
E5602998,P003,926,0700,0,00
E5602998,P003,937,0700,0,00
E5602998,P003,936,0700,0,00
E5602998,P004,922,0700,5,10
E5602998,P004,923,0700,46,10
E5602998,P004,924,0700,2,10
E5602998,P004,926,0700,10,10
E5602998,P004,937,0700,10,10
E5602998,P004,936,0700,11,10
E5602998,P001,911,0712,0,10
E5602998,P002,911,0712,3,10
E5602998,P003,911,0712,0,00
E5602998,P004,911,0712,3,10
E5602998,P001,911,0718,0,10
E5602998,P002,911,0718,3,10
E5602998,P003,911,0718,0,00
E5602998,P004,911,0718,3,10
E5602998,P001,911,0724,0,10
E5602998,P001,922,0715,1,10
E5602998,P001,923,0715,88,10
E5602998,P001,924,0715,2,10
E5602998,P001,926,0715,14,10
E5602998,P001,937,0715,9,10
E5602998,P001,936,0715,7,10
E5602998,P002,911,0724,3,10
E5602998,P002,922,0715,1,10
E5602998,P002,923,0715,83,10
E5602998,P002,924,0715,19,10
E5602998,P002,926,0715,14,10
E5602998,P002,937,0715,9,10
E5602998,P002,936,0715,8,10
E5602998,P003,911,0724,0,00
E5602998,P003,922,0715,0,00
E5602998,P003,923,0715,0,00
E5602998,P003,924,0715,0,00
E5602998,P003,926,0715,0,00
E5602998,P003,937,0715,0,00
E5602998,P003,936,0715,0,00
E5602998,P004,911,0724,3,10
E5602998,P004,922,0715,3,10
E5602998,P004,923,0715,35,10
E5602998,P004,924,0715,1,10
E5602998,P004,926,0715,6,10
E5602998,P004,937,0715,10,10
E5602998,P004,936,0715,10,10
E5602998,P001,911,0730,0,10
E5602998,P002,911,0730,3,10
E5602998,P003,911,0730,0,00
E5602998,P004,911,0730,3,10
E5602998,P001,911,0736,0,10
E5602998,P002,911,0736,3,10
E5602998,P003,911,0736,0,00
E5602998,P004,911,0736,3,10
E5602998,P001,922,0730,1,10
E5602998,P001,923,0730,80,10
E5602998,P001,924,0730,12,10
E5602998,P001,926,0730,17,10
E5602998,P001,937,0730,10,10
E5602998,P001,936,0730,7,10
E5602998,P002,922,0730,2,10
E5602998,P002,923,0730,78,10
E5602998,P002,924,0730,54,10
E5602998,P002,926,0730,15,10
E5602998,P002,937,0730,8,10
E5602998,P002,936,0730,7,10
E5602998,P003,922,0730,0,00
E5602998,P003,923,0730,0,00
E5602998,P003,924,0730,0,00
E5602998,P003,926,0730,0,00
E5602998,P003,937,0730,0,00
E5602998,P003,936,0730,0,00
E5602998,P004,922,0730,6,10
E5602998,P004,923,0730,28,10
E5602998,P004,924,0730,1,10
E5602998,P004,926,0730,13,10
E5602998,P004,937,0730,10,10
E5602998,P004,936,0730,10,10
E5602998,P001,911,0742,0,10
E5602998,P002,911,0742,3,10
E5602998,P003,911,0742,0,00
E5602998,P004,911,0742,3,10
E5602998,P001,911,0748,0,10
E5602998,P002,911,0748,3,10
E5602998,P003,911,0748,0,00
E5602998,P004,911,0748,3,10
E5602998,P001,911,0754,0,10
E5602998,P001,222,0700,2,10
E5602998,P001,922,0745,2,10
E5602998,P001,223,0700,83,10
E5602998,P001,923,0745,84,10
E5602998,P001,224,0700,4,10
E5602998,P001,924,0745,0,10
E5602998,P001,226,0700,16,10
E5602998,P001,926,0745,15,10
E5602998,P001,237,0700,10,10
E5602998,P001,937,0745,9,10
E5602998,P001,236,0700,8,10
E5602998,P001,936,0745,8,10
E5602998,P001,248,0700,99286,10
E5602998,P001,259,0700,148,10
E5602998,P002,911,0754,3,10
E5602998,P002,222,0700,2,10
E5602998,P002,922,0745,3,10
E5602998,P002,223,0700,79,10
E5602998,P002,923,0745,75,10
E5602998,P002,224,0700,39,10
E5602998,P002,924,0745,44,10
E5602998,P002,226,0700,15,10
E5602998,P002,926,0745,17,10
E5602998,P002,237,0700,9,10
E5602998,P002,937,0745,9,10
E5602998,P002,236,0700,7,10
E5602998,P002,936,0745,8,10
E5602998,P002,248,0700,111704,10
E5602998,P002,259,0700,146,10
E5602998,P003,911,0754,0,00
E5602998,P003,222,0700,0,00
E5602998,P003,922,0745,0,00
E5602998,P003,223,0700,0,00
E5602998,P003,923,0745,0,00
E5602998,P003,224,0700,0,00
E5602998,P003,924,0745,0,00
E5602998,P003,226,0700,0,00
E5602998,P003,926,0745,0,00
E5602998,P003,237,0700,0,00
E5602998,P003,937,0745,0,00
E5602998,P003,236,0700,0,00
E5602998,P003,936,0745,0,00
E5602998,P003,248,0700,0,00
E5602998,P003,259,0700,0,00
E5602998,P004,911,0754,3,10
E5602998,P004,222,0700,6,10
E5602998,P004,922,0745,10,10
E5602998,P004,223,0700,38,10
E5602998,P004,923,0745,42,10
E5602998,P004,224,0700,2,10
E5602998,P004,924,0745,2,10
E5602998,P004,226,0700,12,10
E5602998,P004,926,0745,20,10
E5602998,P004,237,0700,10,10
E5602998,P004,937,0745,10,10
E5602998,P004,236,0700,10,10
E5602998,P004,936,0745,10,10
E5602998,P004,248,0700,82137,10
E5602998,P004,259,0700,151,10
E5602998,P001,911,0800,0,10
E5602998,P002,911,0800,3,10
E5602998,P003,911,0800,0,00
E5602998,P004,911,0800,3,10
E5602998,P001,911,0806,0,10
E5602998,P002,911,0806,3,10
E5602998,P003,911,0806,0,00
E5602998,P004,911,0806,3,10
E5602998,P001,922,0800,1,10
E5602998,P001,923,0800,76,10
E5602998,P001,924,0800,2,10
E5602998,P001,926,0800,18,10
E5602998,P001,937,0800,9,10
E5602998,P001,936,0800,8,10
E5602998,P002,922,0800,2,10
E5602998,P002,923,0800,83,10
E5602998,P002,924,0800,11,10
E5602998,P002,926,0800,16,10
E5602998,P002,937,0800,8,10
E5602998,P002,936,0800,7,10
E5602998,P003,922,0800,0,00
E5602998,P003,923,0800,0,00
E5602998,P003,924,0800,0,00
E5602998,P003,926,0800,0,00
E5602998,P003,937,0800,0,00
E5602998,P003,936,0800,0,00
E5602998,P004,922,0800,9,10
E5602998,P004,923,0800,49,10
E5602998,P004,924,0800,2,10
E5602998,P004,926,0800,18,10
E5602998,P004,937,0800,10,10
E5602998,P004,936,0800,11,10
E5602998,P001,911,0812,0,10
E5602998,P002,911,0812,3,10
E5602998,P003,911,0812,0,00
E5602998,P004,911,0812,3,10
E5602998,P001,911,0818,0,10
E5602998,P002,911,0818,3,10
E5602998,P003,911,0818,0,00
E5602998,P004,911,0818,3,10
E5602998,P001,911,0824,0,10
E5602998,P001,922,0815,2,10
E5602998,P001,923,0815,79,10
E5602998,P001,924,0815,2,10
E5602998,P001,926,0815,20,10
E5602998,P001,937,0815,9,10
E5602998,P001,936,0815,8,10
E5602998,P002,911,0824,3,10
E5602998,P002,922,0815,0,10
E5602998,P002,923,0815,94,10
E5602998,P002,924,0815,4,10
E5602998,P002,926,0815,16,10
E5602998,P002,937,0815,8,10
E5602998,P002,936,0815,7,10
E5602998,P003,911,0824,0,00
E5602998,P003,922,0815,0,00
E5602998,P003,923,0815,0,00
E5602998,P003,924,0815,0,00
E5602998,P003,926,0815,0,00
E5602998,P003,937,0815,0,00
E5602998,P003,936,0815,0,00
E5602998,P004,911,0824,3,10
E5602998,P004,922,0815,8,10
E5602998,P004,923,0815,48,10
E5602998,P004,924,0815,2,10
E5602998,P004,926,0815,16,10
E5602998,P004,937,0815,10,10
E5602998,P004,936,0815,11,10
E5602998,P001,911,0830,0,10
E5602998,P002,911,0830,3,10
E5602998,P003,911,0830,0,00
E5602998,P004,911,0830,3,10
S2201109,P711,911,1400,15,10
S2201109,P731,911,1400,18,10
S2201109,P741,911,1400,0,31
S2201109,P751,911,1400,14,10
S2201109,P711,923,1400,22,10
S2201109,P711,936,1400,6,10
S2201109,P711,922,1400,4,10
S2201109,P731,923,1400,55,10
S2201109,P731,936,1400,7,10
S2201109,P731,922,1400,15,10
S2201109,P741,923,1400,58,10
S2201109,P741,936,1400,5,10
S2201109,P741,922,1400,26,10
S2201109,P751,923,1400,49,10
S2201109,P751,936,1400,6,10
S2201109,P751,922,1400,12,10
S2201109,P711,248,1400,7368,10
S2201109,P711,223,1400,22,10
S2201109,P711,236,1400,6,10
S2201109,P711,222,1400,4,10
S2201109,P711,259,1400,54,10
S2201109,P731,248,1400,4275,10
S2201109,P731,223,1400,55,10
S2201109,P731,236,1400,7,10
S2201109,P731,222,1400,15,10
S2201109,P731,259,1400,53,10
S2201109,P741,248,1400,5494,10
S2201109,P741,223,1400,56,10
S2201109,P741,236,1400,5,10
S2201109,P741,222,1400,26,10
S2201109,P741,259,1400,54,10
S2201109,P751,248,1400,5141,10
S2201109,P751,223,1400,49,10
S2201109,P751,236,1400,6,10
S2201109,P751,222,1400,12,10
S2201109,P751,259,1400,51,10
S2201109,P711,911,1512,15,10
S2201109,P731,911,1512,18,10
S2201109,P741,911,1512,0,31
S2201109,P751,911,1512,14,10
E4900744,P001,911,1518,0,00
E4900744,P002,911,1518,0,00
E4900744,P023,911,1518,0,00
E5600841,P001,911,1512,5,10
E5600841,P002,911,1512,5,10
E5600841,P003,911,1512,9,10
E5600841,P004,911,1512,6,10
E5600841,P005,911,1512,9,10
E5600841,P006,911,1512,12,10
E5600841,P007,911,1512,13,10
E5600841,P008,911,1512,7,10
E5600841,P009,911,1512,9,10
E5600841,P010,911,1512,7,10
E5600841,PC23,911,1512,9,10
E5600841,PC83,911,1512,14,10
E5600841,PPB1,911,1512,8,10
E5600841,PPC1,911,1512,5,10
E5600841,PR54,911,1512,3,10
E5600841,PR61,911,1512,7,10
E5600841,PR62,911,1512,4,10
E5600841,PS11,911,1512,10,10
E5600841,PS12,911,1512,8,10
E5600841,PS31,911,1512,7,10
E5600841,PS32,911,1512,4,10
E5600841,PS51,911,1512,12,10
E5600841,PS52,911,1512,10,10
E5600841,PS71,911,1512,0,00
E5600841,PS72,911,1512,0,00
E5602998,P001,911,0836,0,10
E5602998,P002,911,0836,3,10
E5602998,P003,911,0836,0,00
E5602998,P004,911,0836,3,10
E5602998,P001,922,0830,1,10
E5602998,P001,923,0830,80,10
E5602998,P001,924,0830,3,10
E5602998,P001,926,0830,18,10
E5602998,P001,937,0830,9,10
E5602998,P001,936,0830,8,10
E5602998,P002,922,0830,0,10
E5602998,P002,923,0830,90,10
E5602998,P002,924,0830,1,10
E5602998,P002,926,0830,15,10
E5602998,P002,937,0830,9,10
E5602998,P002,936,0830,7,10
E5602998,P003,922,0830,0,00
E5602998,P003,923,0830,0,00
E5602998,P003,924,0830,0,00
E5602998,P003,926,0830,0,00
E5602998,P003,937,0830,0,00
E5602998,P003,936,0830,0,00
E5602998,P004,922,0830,6,10
E5602998,P004,923,0830,47,10
E5602998,P004,924,0830,2,10
E5602998,P004,926,0830,13,10
E5602998,P004,937,0830,10,10
E5602998,P004,936,0830,11,10
E5602998,P001,911,0842,0,10
E5602998,P002,911,0842,3,10
E5602998,P003,911,0842,0,00
E5602998,P004,911,0842,3,10
E5602998,P001,911,0848,0,10
E5602998,P002,911,0848,3,10
E5602998,P003,911,0848,0,00
E5602998,P004,911,0848,3,10
E5602998,P001,911,0854,0,10
E5602998,P001,222,0800,2,10
E5602998,P001,922,0845,3,10
E5602998,P001,223,0800,79,10
E5602998,P001,923,0845,79,10
E5602998,P001,224,0800,2,10
E5602998,P001,924,0845,1,10
E5602998,P001,226,0800,19,10
E5602998,P001,926,0845,20,10
E5602998,P001,237,0800,9,10
E5602998,P001,937,0845,9,10
E5602998,P001,236,0800,8,10
E5602998,P001,936,0845,8,10
E5602998,P001,248,0800,97240,10
E5602998,P001,259,0800,148,10
E5602998,P002,911,0854,3,10
E5602998,P002,222,0800,1,10
E5602998,P002,922,0845,0,10
E5602998,P002,223,0800,90,10
E5602998,P002,923,0845,92,10
E5602998,P002,224,0800,4,10
E5602998,P002,924,0845,0,10
E5602998,P002,226,0800,16,10
E5602998,P002,926,0845,16,10
E5602998,P002,237,0800,8,10
E5602998,P002,937,0845,8,10
E5602998,P002,236,0800,7,10
E5602998,P002,936,0845,7,10
E5602998,P002,248,0800,113885,10
E5602998,P002,259,0800,146,10
E5602998,P003,911,0854,0,00
E5602998,P003,222,0800,0,00
E5602998,P003,922,0845,0,00
E5602998,P003,223,0800,0,00
E5602998,P003,923,0845,0,00
E5602998,P003,224,0800,0,00
E5602998,P003,924,0845,0,00
E5602998,P003,226,0800,0,00
E5602998,P003,926,0845,0,00
E5602998,P003,237,0800,0,00
E5602998,P003,937,0845,0,00
E5602998,P003,236,0800,0,00
E5602998,P003,936,0845,0,00
E5602998,P003,248,0800,0,00
E5602998,P003,259,0800,0,00
E5602998,P004,911,0854,3,10
E5602998,P004,222,0800,8,10
E5602998,P004,922,0845,7,10
E5602998,P004,223,0800,46,10
E5602998,P004,923,0845,40,10
E5602998,P004,224,0800,2,10
E5602998,P004,924,0845,2,10
E5602998,P004,226,0800,15,10
E5602998,P004,926,0845,14,10
E5602998,P004,237,0800,10,10
E5602998,P004,937,0845,10,10
E5602998,P004,236,0800,11,10
E5602998,P004,936,0845,10,10
E5602998,P004,248,0800,74544,10
E5602998,P004,259,0800,151,10
E5602998,P001,911,0900,0,10
E5602998,P002,911,0900,3,10
E5602998,P003,911,0900,0,00
E5602998,P004,911,0900,3,10
E5602998,P001,911,0906,0,10
E5602998,P002,911,0906,3,10
E5602998,P003,911,0906,0,00
E5602998,P004,911,0906,3,10
E5602998,P001,922,0900,2,10
E5602998,P001,923,0900,86,10
E5602998,P001,924,0900,1,10
E5602998,P001,926,0900,19,10
E5602998,P001,937,0900,9,10
E5602998,P001,936,0900,8,10
E5602998,P002,922,0900,0,10
E5602998,P002,923,0900,90,10
E5602998,P002,924,0900,0,10
E5602998,P002,926,0900,12,10
E5602998,P002,937,0900,8,10
E5602998,P002,936,0900,7,10
E5602998,P003,922,0900,0,00
E5602998,P003,923,0900,0,00
E5602998,P003,924,0900,0,00
E5602998,P003,926,0900,0,00
E5602998,P003,937,0900,0,00
E5602998,P003,936,0900,0,00
E5602998,P004,922,0900,7,10
E5602998,P004,923,0900,41,10
E5602998,P004,924,0900,2,10
E5602998,P004,926,0900,13,10
E5602998,P004,937,0900,10,10
E5602998,P004,936,0900,11,10
E5602998,P001,911,0912,0,10
E5602998,P002,911,0912,3,10
E5602998,P003,911,0912,0,00
E5602998,P004,911,0912,3,10
E5602998,P001,911,0918,0,10
E5602998,P002,911,0918,3,10
E5602998,P003,911,0918,0,00
E5602998,P004,911,0918,3,10
E5602998,P001,911,0924,0,10
E5602998,P001,922,0915,2,10
E5602998,P001,923,0915,76,10
E5602998,P001,924,0915,23,10
E5602998,P001,926,0915,19,10
E5602998,P001,937,0915,10,10
E5602998,P001,936,0915,7,10
E5602998,P002,911,0924,3,10
E5602998,P002,922,0915,0,10
E5602998,P002,923,0915,90,10
E5602998,P002,924,0915,0,10
E5602998,P002,926,0915,13,10
E5602998,P002,937,0915,8,10
E5602998,P002,936,0915,7,10
E5602998,P003,911,0924,0,00
E5602998,P003,922,0915,0,00
E5602998,P003,923,0915,0,00
E5602998,P003,924,0915,0,00
E5602998,P003,926,0915,0,00
E5602998,P003,937,0915,0,00
E5602998,P003,936,0915,0,00
E5602998,P004,911,0924,3,10
E5602998,P004,922,0915,6,10
E5602998,P004,923,0915,41,10
E5602998,P004,924,0915,2,10
E5602998,P004,926,0915,11,10
E5602998,P004,937,0915,10,10
E5602998,P004,936,0915,11,10
E5602998,P001,911,0930,0,10
E5602998,P002,911,0930,3,10
E5602998,P003,911,0930,0,00
E5602998,P004,911,0930,3,10
E5602998,P001,911,0936,0,10
E5602998,P002,911,0936,3,10
E5602998,P003,911,0936,0,00
E5602998,P004,911,0936,3,10
E5602998,P001,922,0930,1,10
E5602998,P001,923,0930,89,10
E5602998,P001,924,0930,2,10
E5602998,P001,926,0930,18,10
E5602998,P001,937,0930,9,10
E5602998,P001,936,0930,8,10
E5602998,P002,922,0930,1,10
E5602998,P002,923,0930,87,10
E5602998,P002,924,0930,0,10
E5602998,P002,926,0930,12,10
E5602998,P002,937,0930,8,10
E5602998,P002,936,0930,7,10
E5602998,P003,922,0930,0,00
E5602998,P003,923,0930,0,00
E5602998,P003,924,0930,0,00
E5602998,P003,926,0930,0,00
E5602998,P003,937,0930,0,00
E5602998,P003,936,0930,0,00
E5602998,P004,922,0930,1,10
E5602998,P004,923,0930,45,10
E5602998,P004,924,0930,2,10
E5602998,P004,926,0930,2,10
E5602998,P004,937,0930,10,10
E5602998,P004,936,0930,11,10
E5602998,P001,911,0942,0,10
E5602998,P002,911,0942,3,10
E5602998,P003,911,0942,0,00
E5602998,P004,911,0942,3,10
E5602998,P001,911,0948,0,10
E5602998,P002,911,0948,3,10
E5602998,P003,911,0948,0,00
E5602998,P004,911,0948,3,10
E5602998,P001,911,0954,0,10
E5602998,P001,222,0900,2,10
E5602998,P001,922,0945,1,10
E5602998,P001,223,0900,86,10
E5602998,P001,923,0945,95,10
E5602998,P001,224,0900,7,10
E5602998,P001,924,0945,1,10
E5602998,P001,226,0900,18,10
E5602998,P001,926,0945,15,10
E5602998,P001,237,0900,9,10
E5602998,P001,937,0945,9,10
E5602998,P001,236,0900,8,10
E5602998,P001,936,0945,8,10
E5602998,P001,248,0900,98909,10
E5602998,P001,259,0900,148,10
E5602998,P002,911,0954,3,10
E5602998,P002,222,0900,1,10
E5602998,P002,922,0945,1,10
E5602998,P002,223,0900,90,10
E5602998,P002,923,0945,92,10
E5602998,P002,224,0900,0,10
E5602998,P002,924,0945,0,10
E5602998,P002,226,0900,13,10
E5602998,P002,926,0945,16,10
E5602998,P002,237,0900,8,10
E5602998,P002,937,0945,8,10
E5602998,P002,236,0900,7,10
E5602998,P002,936,0945,8,10
E5602998,P002,248,0900,111670,10
E5602998,P002,259,0900,145,10
E5602998,P003,911,0954,0,00
E5602998,P003,222,0900,0,00
E5602998,P003,922,0945,0,00
E5602998,P003,223,0900,0,00
E5602998,P003,923,0945,0,00
E5602998,P003,224,0900,0,00
E5602998,P003,924,0945,0,00
E5602998,P003,226,0900,0,00
E5602998,P003,926,0945,0,00
E5602998,P003,237,0900,0,00
E5602998,P003,937,0945,0,00
E5602998,P003,236,0900,0,00
E5602998,P003,936,0945,0,00
E5602998,P003,248,0900,0,00
E5602998,P003,259,0900,0,00
E5602998,P004,911,0954,3,10
E5602998,P004,222,0900,4,10
E5602998,P004,922,0945,3,10
E5602998,P004,223,0900,40,10
E5602998,P004,923,0945,31,10
E5602998,P004,224,0900,2,10
E5602998,P004,924,0945,1,10
E5602998,P004,226,0900,8,10
E5602998,P004,926,0945,7,10
E5602998,P004,237,0900,10,10
E5602998,P004,937,0945,10,10
E5602998,P004,236,0900,10,10
E5602998,P004,936,0945,9,10
E5602998,P004,248,0900,77887,10
E5602998,P004,259,0900,152,10
E5602998,P001,911,1000,0,10
E5602998,P002,911,1000,3,10
E5602998,P003,911,1000,0,00
E5602998,P004,911,1000,3,10
E4900333,P001,911,1512,9,10
E4900333,P002,911,1512,0,00
E4900333,P003,911,1512,0,32
E4900333,P103,911,1512,0,32
E4900333,P021,911,1512,6,10
E4900333,P105,911,1512,9,10
E5602998,P001,911,1006,0,10
E5602998,P002,911,1006,3,10
E5602998,P003,911,1006,0,00
E5602998,P004,911,1006,3,10
E5602998,P001,922,1000,2,10
E5602998,P001,923,1000,92,10
E5602998,P001,924,1000,1,10
E5602998,P001,926,1000,17,10
E5602998,P001,937,1000,9,10
E5602998,P001,936,1000,7,10
E5602998,P002,922,1000,1,10
E5602998,P002,923,1000,90,10
E5602998,P002,924,1000,3,10
E5602998,P002,926,1000,15,10
E5602998,P002,937,1000,8,10
E5602998,P002,936,1000,7,10
E5602998,P003,922,1000,0,00
E5602998,P003,923,1000,0,00
E5602998,P003,924,1000,0,00
E5602998,P003,926,1000,0,00
E5602998,P003,937,1000,0,00
E5602998,P003,936,1000,0,00
E5602998,P004,922,1000,12,10
E5602998,P004,923,1000,25,10
E5602998,P004,924,1000,1,10
E5602998,P004,926,1000,25,10
E5602998,P004,937,1000,10,10
E5602998,P004,936,1000,8,10
E5602998,P001,911,1012,0,10
E5602998,P002,911,1012,3,10
E5602998,P003,911,1012,0,00
E5602998,P004,911,1012,3,10
E5602998,P001,911,1018,0,10
E5602998,P002,911,1018,3,10
E5602998,P003,911,1018,0,00
E5602998,P004,911,1018,3,10
E5602998,P001,911,1024,0,20
E5602998,P001,922,1015,1,10
E5602998,P001,923,1015,99,10
E5602998,P001,924,1015,3,10
E5602998,P001,926,1015,16,10
E5602998,P001,937,1015,9,10
E5602998,P001,936,1015,8,10
E5602998,P002,911,1024,3,10
E5602998,P002,922,1015,0,10
E5602998,P002,923,1015,91,10
E5602998,P002,924,1015,0,10
E5602998,P002,926,1015,13,10
E5602998,P002,937,1015,8,10
E5602998,P002,936,1015,7,10
E5602998,P003,911,1024,0,00
E5602998,P003,922,1015,0,00
E5602998,P003,923,1015,0,00
E5602998,P003,924,1015,0,00
E5602998,P003,926,1015,0,00
E5602998,P003,937,1015,0,00
E5602998,P003,936,1015,0,00
E5602998,P004,911,1024,3,10
E5602998,P004,922,1015,13,10
E5602998,P004,923,1015,33,10
E5602998,P004,924,1015,1,10
E5602998,P004,926,1015,26,10
E5602998,P004,937,1015,10,10
E5602998,P004,936,1015,10,10
E5602998,P001,911,1030,0,20
E5602998,P002,911,1030,4,10
E5602998,P003,911,1030,0,00
E5602998,P004,911,1030,3,10
E5602998,P001,911,1036,0,10
E5602998,P002,911,1036,3,10
E5602998,P003,911,1036,0,00
E5602998,P004,911,1036,3,10
E5602998,P001,922,1030,1,10
E5602998,P001,923,1030,93,10
E5602998,P001,924,1030,1,10
E5602998,P001,926,1030,18,10
E5602998,P001,937,1030,9,10
E5602998,P001,936,1030,8,10
E5602998,P002,922,1030,0,10
E5602998,P002,923,1030,99,10
E5602998,P002,924,1030,0,10
E5602998,P002,926,1030,15,10
E5602998,P002,937,1030,8,10
E5602998,P002,936,1030,8,10
E5602998,P003,922,1030,0,00
E5602998,P003,923,1030,0,00
E5602998,P003,924,1030,0,00
E5602998,P003,926,1030,0,00
E5602998,P003,937,1030,0,00
E5602998,P003,936,1030,0,00
E5602998,P004,922,1030,5,10
E5602998,P004,923,1030,33,10
E5602998,P004,924,1030,1,10
E5602998,P004,926,1030,10,10
E5602998,P004,937,1030,10,10
E5602998,P004,936,1030,11,10
E5602998,P001,911,1042,0,10
E5602998,P002,911,1042,3,10
E5602998,P003,911,1042,0,00
E5602998,P004,911,1042,3,10
E5602998,P001,911,1048,0,10
E5602998,P002,911,1048,3,10
E5602998,P003,911,1048,0,00
E5602998,P004,911,1048,3,10
E5602998,P001,911,1054,0,10
E5602998,P001,222,1000,1,10
E5602998,P001,922,1045,1,10
E5602998,P001,223,1000,91,10
E5602998,P001,923,1045,81,10
E5602998,P001,224,1000,1,10
E5602998,P001,924,1045,1,10
E5602998,P001,226,1000,18,10
E5602998,P001,926,1045,20,10
E5602998,P001,237,1000,9,10
E5602998,P001,937,1045,9,10
E5602998,P001,236,1000,8,10
E5602998,P001,936,1045,8,10
E5602998,P001,248,1000,96458,10
E5602998,P001,259,1000,150,10
E5602998,P002,911,1054,3,10
E5602998,P002,222,1000,1,10
E5602998,P002,922,1045,1,10
E5602998,P002,223,1000,94,10
E5602998,P002,923,1045,97,10
E5602998,P002,224,1000,1,10
E5602998,P002,924,1045,0,10
E5602998,P002,226,1000,15,10
E5602998,P002,926,1045,17,10
E5602998,P002,237,1000,8,10
E5602998,P002,937,1045,8,10
E5602998,P002,236,1000,8,10
E5602998,P002,936,1045,8,10
E5602998,P002,248,1000,112913,10
E5602998,P002,259,1000,145,10
E5602998,P003,911,1054,0,00
E5602998,P003,222,1000,0,00
E5602998,P003,922,1045,0,00
E5602998,P003,223,1000,0,00
E5602998,P003,923,1045,0,00
E5602998,P003,224,1000,0,00
E5602998,P003,924,1045,0,00
E5602998,P003,226,1000,0,00
E5602998,P003,926,1045,0,00
E5602998,P003,237,1000,0,00
E5602998,P003,937,1045,0,00
E5602998,P003,236,1000,0,00
E5602998,P003,936,1045,0,00
E5602998,P003,248,1000,0,00
E5602998,P003,259,1000,0,00
E5602998,P004,911,1054,3,10
E5602998,P004,222,1000,10,10
E5602998,P004,922,1045,7,10
E5602998,P004,223,1000,31,10
E5602998,P004,923,1045,32,10
E5602998,P004,224,1000,1,10
E5602998,P004,924,1045,1,10
E5602998,P004,226,1000,19,10
E5602998,P004,926,1045,15,10
E5602998,P004,237,1000,10,10
E5602998,P004,937,1045,10,10
E5602998,P004,236,1000,10,10
E5602998,P004,936,1045,10,10
E5602998,P004,248,1000,82996,10
E5602998,P004,259,1000,150,10
E5602998,P001,911,1100,5,10
E5602998,P002,911,1100,3,10
E5602998,P003,911,1100,0,00
E5602998,P004,911,1100,3,10
E5602998,P001,911,1106,0,10
E5602998,P002,911,1106,3,10
E5602998,P003,911,1106,0,00
E5602998,P004,911,1106,3,10
E5602998,P001,922,1100,1,10
E5602998,P001,923,1100,84,10
E5602998,P001,924,1100,0,10
E5602998,P001,926,1100,21,10
E5602998,P001,937,1100,9,10
E5602998,P001,936,1100,8,10
E5602998,P002,922,1100,1,10
E5602998,P002,923,1100,91,10
E5602998,P002,924,1100,0,10
E5602998,P002,926,1100,16,10
E5602998,P002,937,1100,8,10
E5602998,P002,936,1100,8,10
E5602998,P003,922,1100,0,00
E5602998,P003,923,1100,0,00
E5602998,P003,924,1100,0,00
E5602998,P003,926,1100,0,00
E5602998,P003,937,1100,0,00
E5602998,P003,936,1100,0,00
E5602998,P004,922,1100,8,10
E5602998,P004,923,1100,39,10
E5602998,P004,924,1100,2,10
E5602998,P004,926,1100,17,10
E5602998,P004,937,1100,10,10
E5602998,P004,936,1100,10,10
E5602998,P001,911,1112,0,10
E5602998,P002,911,1112,3,10
E5602998,P003,911,1112,0,00
E5602998,P004,911,1112,3,10
E5602998,P001,911,1118,0,10
E5602998,P002,911,1118,3,10
E5602998,P003,911,1118,0,00
E5602998,P004,911,1118,3,10
E5602998,P001,911,1124,0,10
E5602998,P001,922,1115,1,10
E5602998,P001,923,1115,92,10
E5602998,P001,924,1115,4,10
E5602998,P001,926,1115,16,10
E5602998,P001,937,1115,9,10
E5602998,P001,936,1115,8,10
E5602998,P002,911,1124,4,10
E5602998,P002,922,1115,1,10
E5602998,P002,923,1115,83,10
E5602998,P002,924,1115,6,10
E5602998,P002,926,1115,18,10
E5602998,P002,937,1115,8,10
E5602998,P002,936,1115,8,10
E5602998,P003,911,1124,0,00
E5602998,P003,922,1115,0,00
E5602998,P003,923,1115,0,00
E5602998,P003,924,1115,0,00
E5602998,P003,926,1115,0,00
E5602998,P003,937,1115,0,00
E5602998,P003,936,1115,0,00
E5602998,P004,911,1124,3,10
E5602998,P004,922,1115,8,10
E5602998,P004,923,1115,47,10
E5602998,P004,924,1115,2,10
E5602998,P004,926,1115,16,10
E5602998,P004,937,1115,10,10
E5602998,P004,936,1115,11,10
E5602998,P001,911,1130,0,10
E5602998,P002,911,1130,4,10
E5602998,P003,911,1130,0,00
E5602998,P004,911,1130,3,10
E5602998,P001,911,1136,0,10
E5602998,P002,911,1136,4,10
E5602998,P003,911,1136,0,00
E5602998,P004,911,1136,3,10
E5602998,P001,922,1130,1,10
E5602998,P001,923,1130,93,10
E5602998,P001,924,1130,0,10
E5602998,P001,926,1130,19,10
E5602998,P001,937,1130,9,10
E5602998,P001,936,1130,8,10
E5602998,P002,922,1130,0,10
E5602998,P002,923,1130,94,10
E5602998,P002,924,1130,0,10
E5602998,P002,926,1130,17,10
E5602998,P002,937,1130,8,10
E5602998,P002,936,1130,8,10
E5602998,P003,922,1130,0,00
E5602998,P003,923,1130,0,00
E5602998,P003,924,1130,0,00
E5602998,P003,926,1130,0,00
E5602998,P003,937,1130,0,00
E5602998,P003,936,1130,0,00
E5602998,P004,922,1130,8,10
E5602998,P004,923,1130,41,10
E5602998,P004,924,1130,2,10
E5602998,P004,926,1130,16,10
E5602998,P004,937,1130,9,10
E5602998,P004,936,1130,11,10
E5602998,P001,911,1142,0,10
E5602998,P002,911,1142,4,10
E5602998,P003,911,1142,0,00
E5602998,P004,911,1142,3,10
S2300438,P001,911,1518,5,10
E5601197,P002,911,1518,3,10
E5601197,P003,911,1518,3,10
E5602998,P001,911,1148,0,10
E5602998,P002,911,1148,3,10
E5602998,P003,911,1148,0,00
E5602998,P004,911,1148,3,10
E5602998,P001,911,1154,0,10
E5602998,P001,222,1100,1,10
E5602998,P001,922,1145,1,10
E5602998,P001,223,1100,92,10
E5602998,P001,923,1145,98,10
E5602998,P001,224,1100,1,10
E5602998,P001,924,1145,2,10
E5602998,P001,226,1100,19,10
E5602998,P001,926,1145,17,10
E5602998,P001,237,1100,9,10
E5602998,P001,937,1145,9,10
E5602998,P001,236,1100,8,10
E5602998,P001,936,1145,8,10
E5602998,P001,248,1100,93457,10
E5602998,P001,259,1100,150,10
E5602998,P002,911,1154,3,10
E5602998,P002,222,1100,1,10
E5602998,P002,922,1145,1,10
E5602998,P002,223,1100,89,10
E5602998,P002,923,1145,90,10
E5602998,P002,224,1100,1,10
E5602998,P002,924,1145,0,10
E5602998,P002,226,1100,17,10
E5602998,P002,926,1145,16,10
E5602998,P002,237,1100,8,10
E5602998,P002,937,1145,8,10
E5602998,P002,236,1100,8,10
E5602998,P002,936,1145,8,10
E5602998,P002,248,1100,108042,10
E5602998,P002,259,1100,145,10
E5602998,P003,911,1154,0,00
E5602998,P003,222,1100,0,00
E5602998,P003,922,1145,0,00
E5602998,P003,223,1100,0,00
E5602998,P003,923,1145,0,00
E5602998,P003,224,1100,0,00
E5602998,P003,924,1145,0,00
E5602998,P003,226,1100,0,00
E5602998,P003,926,1145,0,00
E5602998,P003,237,1100,0,00
E5602998,P003,937,1145,0,00
E5602998,P003,236,1100,0,00
E5602998,P003,936,1145,0,00
E5602998,P003,248,1100,0,00
E5602998,P003,259,1100,0,00
E5602998,P004,911,1154,3,10
E5602998,P004,222,1100,11,10
E5602998,P004,922,1145,18,10
E5602998,P004,223,1100,42,10
E5602998,P004,923,1145,44,10
E5602998,P004,224,1100,2,10
E5602998,P004,924,1145,2,10
E5602998,P004,226,1100,21,10
E5602998,P004,926,1145,36,10
E5602998,P004,237,1100,10,10
E5602998,P004,937,1145,10,10
E5602998,P004,236,1100,11,10
E5602998,P004,936,1145,11,10
E5602998,P004,248,1100,74187,10
E5602998,P004,259,1100,150,10
E5602998,P001,911,1200,0,10
E5602998,P002,911,1200,3,10
E5602998,P003,911,1200,0,00
E5602998,P004,911,1200,3,10
E5602998,P001,911,1206,0,10
E5602998,P002,911,1206,3,10
E5602998,P003,911,1206,0,00
E5602998,P004,911,1206,3,10
E5602998,P001,922,1200,1,10
E5602998,P001,923,1200,96,10
E5602998,P001,924,1200,0,10
E5602998,P001,926,1200,19,10
E5602998,P001,937,1200,8,10
E5602998,P001,936,1200,9,10
E5602998,P002,922,1200,0,10
E5602998,P002,923,1200,91,10
E5602998,P002,924,1200,0,10
E5602998,P002,926,1200,15,10
E5602998,P002,937,1200,8,10
E5602998,P002,936,1200,8,10
E5602998,P003,922,1200,0,00
E5602998,P003,923,1200,0,00
E5602998,P003,924,1200,0,00
E5602998,P003,926,1200,0,00
E5602998,P003,937,1200,0,00
E5602998,P003,936,1200,0,00
E5602998,P004,922,1200,12,10
E5602998,P004,923,1200,52,10
E5602998,P004,924,1200,2,10
E5602998,P004,926,1200,24,10
E5602998,P004,937,1200,9,10
E5602998,P004,936,1200,12,10
E5602998,P001,911,1212,0,10
E5602998,P002,911,1212,3,10
E5602998,P003,911,1212,0,00
E5602998,P004,911,1212,3,10
E5602998,P001,911,1218,0,10
E5602998,P002,911,1218,3,10
E5602998,P003,911,1218,0,00
E5602998,P004,911,1218,3,10
E5602998,P001,911,1224,0,10
E5602998,P001,922,1215,2,10
E5602998,P001,923,1215,102,10
E5602998,P001,924,1215,0,10
E5602998,P001,926,1215,19,10
E5602998,P001,937,1215,8,10
E5602998,P001,936,1215,9,10
E5602998,P002,911,1224,4,10
E5602998,P002,922,1215,0,10
E5602998,P002,923,1215,101,10
E5602998,P002,924,1215,0,10
E5602998,P002,926,1215,16,10
E5602998,P002,937,1215,8,10
E5602998,P002,936,1215,9,10
E5602998,P003,911,1224,0,00
E5602998,P003,922,1215,0,00
E5602998,P003,923,1215,0,00
E5602998,P003,924,1215,0,00
E5602998,P003,926,1215,0,00
E5602998,P003,937,1215,0,00
E5602998,P003,936,1215,0,00
E5602998,P004,911,1224,3,10
E5602998,P004,922,1215,7,10
E5602998,P004,923,1215,56,10
E5602998,P004,924,1215,2,10
E5602998,P004,926,1215,15,10
E5602998,P004,937,1215,9,10
E5602998,P004,936,1215,12,10
E5602998,P001,911,1230,0,10
E5602998,P002,911,1230,4,10
E5602998,P003,911,1230,0,00
E5602998,P004,911,1230,3,10
E5602998,P001,911,1236,0,10
E5602998,P002,911,1236,4,10
E5602998,P003,911,1236,0,00
E5602998,P004,911,1236,3,10
E5602998,P001,922,1230,2,10
E5602998,P001,923,1230,112,10
E5602998,P001,924,1230,2,10
E5602998,P001,926,1230,23,10
E5602998,P001,937,1230,7,10
E5602998,P001,936,1230,11,10
E5602998,P002,922,1230,0,10
E5602998,P002,923,1230,97,10
E5602998,P002,924,1230,0,10
E5602998,P002,926,1230,16,10
E5602998,P002,937,1230,8,10
E5602998,P002,936,1230,8,10
E5602998,P003,922,1230,0,00
E5602998,P003,923,1230,0,00
E5602998,P003,924,1230,0,00
E5602998,P003,926,1230,0,00
E5602998,P003,937,1230,0,00
E5602998,P003,936,1230,0,00
E5602998,P004,922,1230,8,10
E5602998,P004,923,1230,58,10
E5602998,P004,924,1230,2,10
E5602998,P004,926,1230,16,10
E5602998,P004,937,1230,8,10
E5602998,P004,936,1230,12,10
E5602998,P001,911,1242,0,10
E5602998,P002,911,1242,4,10
E5602998,P003,911,1242,0,00
E5602998,P004,911,1242,3,10
E5602998,P001,911,1248,0,10
E5602998,P002,911,1248,4,10
E5602998,P003,911,1248,0,00
E5602998,P004,911,1248,3,10
E5602998,P001,911,1254,0,10
E5602998,P001,222,1200,2,10
E5602998,P001,922,1245,1,10
E5602998,P001,223,1200,104,10
E5602998,P001,923,1245,106,10
E5602998,P001,224,1200,1,10
E5602998,P001,924,1245,0,10
E5602998,P001,226,1200,20,10
E5602998,P001,926,1245,20,10
E5602998,P001,237,1200,8,10
E5602998,P001,937,1245,7,10
E5602998,P001,236,1200,10,10
E5602998,P001,936,1245,10,10
E5602998,P001,248,1200,82768,10
E5602998,P001,259,1200,150,10
E5602998,P002,911,1254,4,10
E5602998,P002,222,1200,0,10
E5602998,P002,922,1245,0,10
E5602998,P002,223,1200,97,10
E5602998,P002,923,1245,97,10
E5602998,P002,224,1200,0,10
E5602998,P002,924,1245,0,10
E5602998,P002,226,1200,15,10
E5602998,P002,926,1245,14,10
E5602998,P002,237,1200,8,10
E5602998,P002,937,1245,8,10
E5602998,P002,236,1200,8,10
E5602998,P002,936,1245,8,10
E5602998,P002,248,1200,105334,10
E5602998,P002,259,1200,145,10
E5602998,P003,911,1254,0,00
E5602998,P003,222,1200,0,00
E5602998,P003,922,1245,0,00
E5602998,P003,223,1200,0,00
E5602998,P003,923,1245,0,00
E5602998,P003,224,1200,0,00
E5602998,P003,924,1245,0,00
E5602998,P003,226,1200,0,00
E5602998,P003,926,1245,0,00
E5602998,P003,237,1200,0,00
E5602998,P003,937,1245,0,00
E5602998,P003,236,1200,0,00
E5602998,P003,936,1245,0,00
E5602998,P003,248,1200,0,00
E5602998,P003,259,1200,0,00
E5602998,P004,911,1254,3,10
E5602998,P004,222,1200,8,10
E5602998,P004,922,1245,7,10
E5602998,P004,223,1200,59,10
E5602998,P004,923,1245,69,10
E5602998,P004,224,1200,2,10
E5602998,P004,924,1245,3,10
E5602998,P004,226,1200,17,10
E5602998,P004,926,1245,14,10
E5602998,P004,237,1200,8,10
E5602998,P004,937,1245,8,10
E5602998,P004,236,1200,12,10
E5602998,P004,936,1245,12,10
E5602998,P004,248,1200,66821,10
E5602998,P004,259,1200,150,10
E5602998,P001,911,1300,0,10
E5602998,P002,911,1300,4,10
E5602998,P003,911,1300,0,00
E5602998,P004,911,1300,3,10
E5602998,P001,911,1306,0,10
E5602998,P002,911,1306,4,10
E5602998,P003,911,1306,0,00
E5602998,P004,911,1306,3,10
E5602998,P001,922,1300,1,10
E5602998,P001,923,1300,101,10
E5602998,P001,924,1300,3,10
E5602998,P001,926,1300,17,10
E5602998,P001,937,1300,8,10
E5602998,P001,936,1300,10,10
E5602998,P002,922,1300,0,10
E5602998,P002,923,1300,97,10
E5602998,P002,924,1300,0,10
E5602998,P002,926,1300,14,10
E5602998,P002,937,1300,8,10
E5602998,P002,936,1300,8,10
E5602998,P003,922,1300,0,00
E5602998,P003,923,1300,0,00
E5602998,P003,924,1300,0,00
E5602998,P003,926,1300,0,00
E5602998,P003,937,1300,0,00
E5602998,P003,936,1300,0,00
E5602998,P004,922,1300,7,10
E5602998,P004,923,1300,66,10
E5602998,P004,924,1300,3,10
E5602998,P004,926,1300,13,10
E5602998,P004,937,1300,9,10
E5602998,P004,936,1300,12,10
E5602998,P001,911,1312,0,10
E5602998,P002,911,1312,4,10
E5602998,P003,911,1312,0,00
E5602998,P004,911,1312,3,10
E5602998,P001,911,1318,0,10
E5602998,P002,911,1318,4,10
E5602998,P003,911,1318,0,00
E5602998,P004,911,1318,3,10
E5602998,P001,911,1324,0,10
E5602998,P001,922,1315,1,10
E5602998,P001,923,1315,97,10
E5602998,P001,924,1315,2,10
E5602998,P001,926,1315,17,10
E5602998,P001,937,1315,8,10
E5602998,P001,936,1315,9,10
E5602998,P002,911,1324,4,10
E5602998,P002,922,1315,0,10
E5602998,P002,923,1315,96,10
E5602998,P002,924,1315,0,10
E5602998,P002,926,1315,12,10
E5602998,P002,937,1315,8,10
E5602998,P002,936,1315,8,10
E5602998,P003,911,1324,0,00
E5602998,P003,922,1315,0,00
E5602998,P003,923,1315,0,00
E5602998,P003,924,1315,0,00
E5602998,P003,926,1315,0,00
E5602998,P003,937,1315,0,00
E5602998,P003,936,1315,0,00
E5602998,P004,911,1324,3,10
E5602998,P004,922,1315,6,10
E5602998,P004,923,1315,55,10
E5602998,P004,924,1315,2,10
E5602998,P004,926,1315,13,10
E5602998,P004,937,1315,9,10
E5602998,P004,936,1315,11,10
E5602998,P001,911,1330,0,10
E5602998,P002,911,1330,4,10
E5602998,P003,911,1330,0,00
E5602998,P004,911,1330,3,10
E5602998,P001,911,1336,0,10
E5602998,P002,911,1336,4,10
E5602998,P003,911,1336,0,00
E5602998,P004,911,1336,3,10
E5600789,P001,911,1518,0,00
E5600056,P004,911,1524,0,00
E5600056,P006,911,1524,3,10
E5600056,P007,911,1524,0,00
E5600056,P008,911,1524,5,10
E5600056,P009,911,1524,1,10
E5600056,P016,911,1524,5,10
E5600056,P017,911,1524,2,10
E5600056,P018,911,1524,3,10
E5600056,P021,911,1524,3,10
E5600056,P022,911,1524,3,10
E5600056,P023,911,1524,1,10
E5600056,P024,911,1524,3,10
E5600869,P001,911,1518,4,10
E5602998,P001,922,1330,1,10
E5602998,P001,923,1330,105,10
E5602998,P001,924,1330,2,10
E5602998,P001,926,1330,14,10
E5602998,P001,937,1330,8,10
E5602998,P001,936,1330,8,10
E5602998,P002,922,1330,0,10
E5602998,P002,923,1330,88,10
E5602998,P002,924,1330,0,10
E5602998,P002,926,1330,14,10
E5602998,P002,937,1330,8,10
E5602998,P002,936,1330,8,10
E5602998,P003,922,1330,0,00
E5602998,P003,923,1330,0,00
E5602998,P003,924,1330,0,00
E5602998,P003,926,1330,0,00
E5602998,P003,937,1330,0,00
E5602998,P003,936,1330,0,00
E5602998,P004,922,1330,9,10
E5602998,P004,923,1330,55,10
E5602998,P004,924,1330,2,10
E5602998,P004,926,1330,17,10
E5602998,P004,937,1330,9,10
E5602998,P004,936,1330,11,10
E5602998,P001,911,1342,0,10
E5602998,P002,911,1342,4,10
E5602998,P003,911,1342,0,00
E5602998,P004,911,1342,3,10
E5602998,P001,911,1348,0,10
E5602998,P002,911,1348,4,10
E5602998,P003,911,1348,0,00
E5602998,P004,911,1348,3,10
E5602998,P001,911,1354,0,10
E5602998,P001,222,1300,1,10
E5602998,P001,922,1345,1,10
E5602998,P001,223,1300,97,10
E5602998,P001,923,1345,86,10
E5602998,P001,224,1300,2,10
E5602998,P001,924,1345,0,10
E5602998,P001,226,1300,15,10
E5602998,P001,926,1345,13,10
E5602998,P001,237,1300,8,10
E5602998,P001,937,1345,9,10
E5602998,P001,236,1300,9,10
E5602998,P001,936,1345,7,10
E5602998,P001,248,1300,90754,10
E5602998,P001,259,1300,149,10
E5602998,P002,911,1354,4,10
E5602998,P002,222,1300,0,10
E5602998,P002,922,1345,0,10
E5602998,P002,223,1300,94,10
E5602998,P002,923,1345,95,10
E5602998,P002,224,1300,0,10
E5602998,P002,924,1345,0,10
E5602998,P002,226,1300,13,10
E5602998,P002,926,1345,12,10
E5602998,P002,237,1300,8,10
E5602998,P002,937,1345,8,10
E5602998,P002,236,1300,8,10
E5602998,P002,936,1345,8,10
E5602998,P002,248,1300,109580,10
E5602998,P002,259,1300,145,10
E5602998,P003,911,1354,0,00
E5602998,P003,222,1300,0,00
E5602998,P003,922,1345,0,00
E5602998,P003,223,1300,0,00
E5602998,P003,923,1345,0,00
E5602998,P003,224,1300,0,00
E5602998,P003,924,1345,0,00
E5602998,P003,226,1300,0,00
E5602998,P003,926,1345,0,00
E5602998,P003,237,1300,0,00
E5602998,P003,937,1345,0,00
E5602998,P003,236,1300,0,00
E5602998,P003,936,1345,0,00
E5602998,P003,248,1300,0,00
E5602998,P003,259,1300,0,00
E5602998,P004,911,1354,3,10
E5602998,P004,222,1300,7,10
E5602998,P004,922,1345,6,10
E5602998,P004,223,1300,58,10
E5602998,P004,923,1345,55,10
E5602998,P004,224,1300,2,10
E5602998,P004,924,1345,2,10
E5602998,P004,226,1300,14,10
E5602998,P004,926,1345,11,10
E5602998,P004,237,1300,9,10
E5602998,P004,937,1345,10,10
E5602998,P004,236,1300,11,10
E5602998,P004,936,1345,11,10
E5602998,P004,248,1300,70486,10
E5602998,P004,259,1300,151,10
E5602998,P001,911,1400,0,10
E5602998,P002,911,1400,4,10
E5602998,P003,911,1400,0,00
E5602998,P004,911,1400,3,10
E5602998,P001,911,1406,0,10
E5602998,P002,911,1406,4,10
E5602998,P003,911,1406,0,00
E5602998,P004,911,1406,3,10
E5602998,P001,922,1400,2,10
E5602998,P001,923,1400,76,10
E5602998,P001,924,1400,0,10
E5602998,P001,926,1400,18,10
E5602998,P001,937,1400,10,10
E5602998,P001,936,1400,7,10
E5602998,P002,922,1400,0,10
E5602998,P002,923,1400,93,10
E5602998,P002,924,1400,0,10
E5602998,P002,926,1400,13,10
E5602998,P002,937,1400,8,10
E5602998,P002,936,1400,8,10
E5602998,P003,922,1400,0,00
E5602998,P003,923,1400,0,00
E5602998,P003,924,1400,0,00
E5602998,P003,926,1400,0,00
E5602998,P003,937,1400,0,00
E5602998,P003,936,1400,0,00
E5602998,P004,922,1400,9,10
E5602998,P004,923,1400,35,10
E5602998,P004,924,1400,1,10
E5602998,P004,926,1400,19,10
E5602998,P004,937,1400,10,10
E5602998,P004,936,1400,11,10
E5602998,P001,911,1412,0,10
E5602998,P002,911,1412,4,10
E5602998,P003,911,1412,0,00
E5602998,P004,911,1412,3,10
E5602998,P001,911,1418,0,10
E5602998,P002,911,1418,4,10
E5602998,P003,911,1418,0,00
E5602998,P004,911,1418,3,10
E5602998,P001,911,1424,0,10
E5602998,P001,922,1415,1,10
E5602998,P001,923,1415,80,10
E5602998,P001,924,1415,0,10
E5602998,P001,926,1415,17,10
E5602998,P001,937,1415,10,10
E5602998,P001,936,1415,7,10
E5602998,P002,911,1424,4,10
E5602998,P002,922,1415,0,10
E5602998,P002,923,1415,96,10
E5602998,P002,924,1415,0,10
E5602998,P002,926,1415,14,10
E5602998,P002,937,1415,8,10
E5602998,P002,936,1415,8,10
E5602998,P003,911,1424,0,00
E5602998,P003,922,1415,0,00
E5602998,P003,923,1415,0,00
E5602998,P003,924,1415,0,00
E5602998,P003,926,1415,0,00
E5602998,P003,937,1415,0,00
E5602998,P003,936,1415,0,00
E5602998,P004,911,1424,3,10
E5602998,P004,922,1415,4,10
E5602998,P004,923,1415,35,10
E5602998,P004,924,1415,1,10
E5602998,P004,926,1415,9,10
E5602998,P004,937,1415,10,10
E5602998,P004,936,1415,11,10
E5602998,P001,911,1430,0,10
E5602998,P002,911,1430,4,10
E5602998,P003,911,1430,0,00
E5602998,P004,911,1430,3,10
E5602998,P001,911,1436,0,10
E5602998,P002,911,1436,4,10
E5602998,P003,911,1436,0,00
E5602998,P004,911,1436,3,10
E5602998,P001,922,1430,1,10
E5602998,P001,923,1430,82,10
E5602998,P001,924,1430,2,10
E5602998,P001,926,1430,17,10
E5602998,P001,937,1430,9,10
E5602998,P001,936,1430,8,10
E5602998,P002,922,1430,0,10
E5602998,P002,923,1430,106,10
E5602998,P002,924,1430,0,10
E5602998,P002,926,1430,14,10
E5602998,P002,937,1430,8,10
E5602998,P002,936,1430,8,10
E5602998,P003,922,1430,0,00
E5602998,P003,923,1430,0,00
E5602998,P003,924,1430,0,00
E5602998,P003,926,1430,0,00
E5602998,P003,937,1430,0,00
E5602998,P003,936,1430,0,00
E5602998,P004,922,1430,8,10
E5602998,P004,923,1430,46,10
E5602998,P004,924,1430,2,10
E5602998,P004,926,1430,17,10
E5602998,P004,937,1430,10,10
E5602998,P004,936,1430,11,10
E5602998,P001,911,1442,0,10
E5602998,P002,911,1442,4,10
E5602998,P003,911,1442,0,00
E5602998,P004,911,1442,3,10
E5602998,P001,911,1448,0,10
E5602998,P002,911,1448,4,10
E5602998,P003,911,1448,0,00
E5602998,P004,911,1448,3,10
E5602998,P001,911,1454,0,10
E5602998,P001,222,1400,2,10
E5602998,P001,922,1445,1,10
E5602998,P001,223,1400,86,10
E5602998,P001,923,1445,105,10
E5602998,P001,224,1400,1,10
E5602998,P001,924,1445,1,10
E5602998,P001,226,1400,18,10
E5602998,P001,926,1445,21,10
E5602998,P001,237,1400,9,10
E5602998,P001,937,1445,8,10
E5602998,P001,236,1400,8,10
E5602998,P001,936,1445,10,10
E5602998,P001,248,1400,95078,10
E5602998,P001,259,1400,151,10
E5602998,P002,911,1454,4,10
E5602998,P002,222,1400,0,10
E5602998,P002,922,1445,0,10
E5602998,P002,223,1400,98,10
E5602998,P002,923,1445,97,10
E5602998,P002,224,1400,0,10
E5602998,P002,924,1445,0,10
E5602998,P002,226,1400,14,10
E5602998,P002,926,1445,17,10
E5602998,P002,237,1400,7,10
E5602998,P002,937,1445,6,10
E5602998,P002,236,1400,9,10
E5602998,P002,936,1445,10,10
E5602998,P002,248,1400,103641,10
E5602998,P002,259,1400,145,10
E5602998,P003,911,1454,0,00
E5602998,P003,222,1400,0,00
E5602998,P003,922,1445,0,00
E5602998,P003,223,1400,0,00
E5602998,P003,923,1445,0,00
E5602998,P003,224,1400,0,00
E5602998,P003,924,1445,0,00
E5602998,P003,226,1400,0,00
E5602998,P003,926,1445,0,00
E5602998,P003,237,1400,0,00
E5602998,P003,937,1445,0,00
E5602998,P003,236,1400,0,00
E5602998,P003,936,1445,0,00
E5602998,P003,248,1400,0,00
E5602998,P003,259,1400,0,00
E5602998,P004,911,1454,3,10
E5602998,P004,222,1400,7,10
E5602998,P004,922,1445,6,10
E5602998,P004,223,1400,40,10
E5602998,P004,923,1445,45,10
E5602998,P004,224,1400,2,10
E5602998,P004,924,1445,2,10
E5602998,P004,226,1400,14,10
E5602998,P004,926,1445,12,10
E5602998,P004,237,1400,10,10
E5602998,P004,937,1445,9,10
E5602998,P004,236,1400,11,10
E5602998,P004,936,1445,11,10
E5602998,P004,248,1400,73962,10
E5602998,P004,259,1400,151,10
E5602998,P001,911,1500,0,10
E5602998,P002,911,1500,4,10
E5602998,P003,911,1500,0,00
E5602998,P004,911,1500,3,10
E5600896,P004,911,1506,0,00
E5600896,P005,911,1506,0,00
E5600896,P007,911,1506,5,10
E5600896,P008,911,1506,8,10
E5400878,P010,911,1506,1,10
E5602998,P001,911,1506,0,10
E5602998,P002,911,1506,4,10
E5602998,P003,911,1506,0,00
E5602998,P004,911,1506,3,10
S2300429,P701,911,1518,0,00
S2300429,PF01,911,1518,9,10
E5600850,PC01,911,1518,0,00
S1901066,P004,911,1518,5,10
E5002890,P001,911,1518,5,10
E5002890,P002,911,1518,5,10
E5002890,P003,911,1518,0,00
S1900710,P015,911,1524,0,00
S1900710,P050,911,1524,5,10
S1900710,P056,911,1524,4,10
S1900710,P060,911,1524,3,10
S1900710,P070,911,1524,6,10
S1900685,P002,911,1518,12,10
S1900685,P421,911,1518,14,10
S1900685,P411,911,1518,4,10
S2202553,P001,911,1518,1,10
S2202553,P002,911,1518,1,10
S2202553,P003,911,1518,1,10
S2100223,P015,911,1524,0,10
S2100223,P015,922,1515,0,10
S2100223,P015,923,1515,0,10
S2100223,P015,924,1515,0,10
S2100223,P015,936,1515,0,10
E5602998,P001,922,1500,1,10
E5602998,P001,923,1500,108,10
E5602998,P001,924,1500,0,10
E5602998,P001,926,1500,18,10
E5602998,P001,937,1500,7,10
E5602998,P001,936,1500,11,10
E5602998,P002,922,1500,0,10
E5602998,P002,923,1500,87,10
E5602998,P002,924,1500,0,10
E5602998,P002,926,1500,16,10
E5602998,P002,937,1500,7,10
E5602998,P002,936,1500,10,10
E5602998,P003,922,1500,0,00
E5602998,P003,923,1500,0,00
E5602998,P003,924,1500,0,00
E5602998,P003,926,1500,0,00
E5602998,P003,937,1500,0,00
E5602998,P003,936,1500,0,00
E5602998,P004,922,1500,7,10
E5602998,P004,923,1500,33,10
E5602998,P004,924,1500,1,10
E5602998,P004,926,1500,14,10
E5602998,P004,937,1500,7,10
E5602998,P004,936,1500,10,10
E5602998,P001,911,1512,0,10
E5602998,P002,911,1512,4,10
E5602998,P003,911,1512,0,00
E5602998,P004,911,1512,3,10
S2201109,P711,911,1518,15,10
S2201109,P731,911,1518,19,10
S2201109,P741,911,1518,0,31
S2201109,P751,911,1518,13,10
E4900744,P001,911,1524,0,00
E4900744,P002,911,1524,0,00
E4900744,P023,911,1524,0,00
E4900744,P001,923,1515,0,00
E4900744,P023,923,1515,0,00
E4900744,P001,936,1515,0,00
E4900744,P023,936,1515,0,00
E5600841,P001,911,1518,5,10
E5600841,P002,911,1518,5,10
E5600841,P003,911,1518,9,10
E5600841,P004,911,1518,6,10
E5600841,P005,911,1518,9,10
E5600841,P006,911,1518,12,10
E5600841,P007,911,1518,13,10
E5600841,P008,911,1518,7,10
E5600841,P009,911,1518,9,10
E5600841,P010,911,1518,7,10
E5600841,PC23,911,1518,9,10
E5600841,PC83,911,1518,14,10
E5600841,PPB1,911,1518,8,10
E5600841,PPC1,911,1518,5,10
E5600841,PR54,911,1518,3,10
E5600841,PR61,911,1518,7,10
E5600841,PR62,911,1518,4,10
E5600841,PS11,911,1518,11,10
E5600841,PS12,911,1518,8,10
E5600841,PS31,911,1518,7,10
E5600841,PS32,911,1518,4,10
E5600841,PS51,911,1518,12,10
E5600841,PS52,911,1518,9,10
E5600841,PS71,911,1518,0,00
E5600841,PS72,911,1518,0,00
E5600896,P004,922,1500,0,00
E5600896,P004,923,1500,0,00
E5600896,P004,936,1500,0,00
E5600896,P005,922,1500,0,00
E5600896,P005,923,1500,0,00
E5600896,P005,936,1500,0,00
E5600896,P007,922,1500,0,10
E5600896,P007,923,1500,70,10
E5600896,P007,936,1500,5,10
E5600896,P008,922,1500,0,10
E5600896,P008,923,1500,61,10
E5600896,P008,936,1500,2,10
E4900333,P001,911,1518,9,10
E4900333,P002,911,1518,0,00
E4900333,P003,911,1518,0,32
E4900333,P103,911,1518,0,32
E4900333,P021,911,1518,6,10
E4900333,P105,911,1518,9,10
E5400878,P001,923,1500,21,10
E5400878,P001,936,1500,15,10
E5400878,P002,923,1500,18,10
E5400878,P002,936,1500,14,10
E5400878,P003,923,1500,16,10
E5400878,P003,936,1500,15,10
E5400878,P010,923,1500,18,10
E5400878,P010,936,1500,13,10
S2300438,P001,922,1515,0,10
S2300438,P001,923,1515,32,10
S2300438,P001,936,1515,6,10
S2300438,P001,911,1524,5,10
E5601197,P002,911,1524,3,10
E5601197,P003,911,1524,3,10
E5600789,P001,911,1524,0,00
E5600056,P004,911,1530,0,00
E5600056,P006,911,1530,3,10
E5600056,P007,911,1530,0,00
E5600056,P008,911,1530,5,10
E5600056,P009,911,1530,2,10
E5600056,P016,911,1530,5,10
E5600056,P017,911,1530,2,10
E5600056,P018,911,1530,3,10
E5600056,P021,911,1530,2,10
E5600056,P022,911,1530,3,10
E5600056,P023,911,1530,1,10
E5600056,P024,911,1530,3,10
E5600056,P004,922,1530,0,00
E5600056,P004,923,1530,0,00
E5600056,P004,924,1530,0,00
E5600056,P004,936,1530,0,00
E5600056,P006,922,1530,31,10
E5600056,P006,923,1530,70,10
E5600056,P006,924,1530,1,10
E5600056,P006,936,1530,5,10
E5600056,P007,922,1530,0,00
E5600056,P007,923,1530,0,00
E5600056,P007,924,1530,0,00
E5600056,P007,936,1530,0,00
E5600056,P008,922,1530,49,10
E5600056,P008,923,1530,64,10
E5600056,P008,924,1530,43,10
E5600056,P008,936,1530,5,10
E5600056,P016,922,1530,0,10
E5600056,P016,923,1530,35,10
E5600056,P016,936,1530,12,10
E5600056,P017,922,1530,2,10
E5600056,P017,923,1530,22,10
E5600056,P017,924,1530,0,10
E5600056,P017,936,1530,3,10
E5600056,P018,922,1530,0,10
E5600056,P018,923,1530,17,10
E5600056,P018,936,1530,3,10
E5600056,P021,922,1530,0,10
E5600056,P021,923,1530,48,10
E5600056,P021,936,1530,4,10
E5600056,P024,922,1530,3,10
E5600056,P024,923,1530,26,10
E5600056,P024,924,1530,2,10
E5600056,P024,936,1530,6,10
E5600056,P034,923,1530,47,10
E5600056,P034,936,1530,1,10
E5600869,P001,911,1524,4,10
E5600869,P001,922,1515,131,10
E5600869,P001,923,1515,126,10
E5600869,P001,936,1515,7,10
S2300429,P701,922,1515,0,00
S2300429,P701,923,1515,0,00
S2300429,P701,936,1515,0,00
S2300429,PF01,922,1515,22,10
S2300429,PF01,923,1515,27,10
S2300429,PF01,936,1515,5,10
E5600850,PC01,923,1515,0,00
E5600850,PC01,924,1515,0,00
E5600850,PC01,936,1515,0,00
E5600850,PC01,926,1515,0,00
S1901066,P004,922,1515,231,10
S1901066,P004,923,1515,187,10
S1901066,P004,924,1515,0,10
S1901066,P004,936,1515,5,10
S1901066,P004,937,1515,11,10
E5600896,P004,911,1512,0,00
E5600896,P005,911,1512,0,00
E5600896,P007,911,1512,5,10
E5600896,P008,911,1512,8,10
E5400878,P010,911,1512,1,10
S2300429,P701,911,1524,0,00
S2300429,PF01,911,1524,9,10
E5600850,PC01,911,1524,0,00
S1901066,P004,911,1524,5,10
E5002890,P001,911,1524,5,10
E5002890,P002,911,1524,5,10
E5002890,P003,911,1524,0,00
E5002890,P001,922,1515,0,10
E5002890,P002,922,1515,0,10
E5002890,P003,922,1515,0,00
E5002890,P001,923,1515,121,10
E5002890,P002,923,1515,139,10
E5002890,P003,923,1515,0,00
E5002890,P001,924,1515,6,10
E5002890,P002,924,1515,5,10
E5002890,P003,924,1515,0,00
E5002890,P001,926,1515,10,10
E5002890,P002,926,1515,5,10
E5002890,P003,926,1515,0,00
E5002890,P001,936,1515,13,10
E5002890,P002,936,1515,10,10
E5002890,P003,936,1515,0,00
S1900710,P015,911,1530,0,00
S1900710,P050,911,1530,6,10
S1900710,P056,911,1530,5,10
S1900710,P060,911,1530,2,10
S1900710,P070,911,1530,6,10
S1900710,P015,923,1530,0,00
S1900710,P015,936,1530,0,00
S1900710,P015,922,1530,0,00
S1900710,P050,923,1530,116,10
S1900710,P050,936,1530,6,10
S1900710,P050,922,1530,70,10
S1900710,P056,923,1530,37,10
S1900710,P056,936,1530,4,10
S1900710,P056,922,1530,24,10
S1900710,P060,923,1530,24,10
S1900710,P060,936,1530,5,10
S1900710,P060,922,1530,26,10
S1900710,P070,923,1530,24,10
S1900710,P070,936,1530,8,10
S1900710,P070,922,1530,16,10
S1900685,P002,911,1524,12,10
S1900685,P421,911,1524,13,10
S1900685,P421,922,1515,13,10
S1900685,P421,923,1515,77,10
S1900685,P421,936,1515,6,10
S1900685,P411,911,1524,4,10
S1900685,P411,922,1515,17,10
S1900685,P411,923,1515,68,10
S1900685,P411,936,1515,12,10
S2202553,P001,911,1524,1,10
S2202553,P002,911,1524,1,10
S2202553,P003,911,1524,1,10
S2202553,P001,922,1515,7,10
S2202553,P002,922,1515,15,10
S2202553,P003,922,1515,10,10
S2202553,P001,923,1515,91,10
S2202553,P002,923,1515,81,10
S2202553,P003,923,1515,70,10
S2202553,P001,924,1515,5,10
S2202553,P002,924,1515,1,10
S2202553,P003,924,1515,4,10
S2202553,P001,926,1515,18,10
S2202553,P002,926,1515,18,10
S2202553,P003,926,1515,21,10
S2202553,P001,936,1515,11,10
S2202553,P002,936,1515,10,10
S2202553,P003,936,1515,9,10
S2100223,P015,911,1530,0,10
E5600332,P001,911,1336,0,00
E5600332,P002,911,1336,0,00
E5600332,P003,911,1336,0,00
E5600332,P001,911,1342,0,00
E5600332,P002,911,1342,0,00
E5600332,P003,911,1342,0,00
S2201109,P711,923,1515,23,10
S2201109,P711,936,1515,6,10
S2201109,P711,922,1515,3,10
S2201109,P731,923,1515,53,10
S2201109,P731,936,1515,7,10
S2201109,P731,922,1515,13,10
S2201109,P741,923,1515,56,10
S2201109,P741,936,1515,5,10
S2201109,P741,922,1515,25,10
S2201109,P751,923,1515,51,10
S2201109,P751,936,1515,6,10
S2201109,P751,922,1515,11,10
S2201109,P711,911,1524,15,10
S2201109,P731,911,1524,18,10
S2201109,P741,911,1524,0,31
S2201109,P751,911,1524,14,10
E4900744,P001,911,1530,0,00
E4900744,P002,911,1530,0,00
E4900744,P023,911,1530,0,00
E5600841,P001,923,1515,17,10
E5600841,P001,936,1515,5,10
E5600841,P001,911,1524,5,10
E5600841,P001,922,1515,28,10
E5600841,P002,923,1515,23,10
E5600841,P002,936,1515,5,10
E5600841,P002,911,1524,5,10
E5600841,P002,922,1515,21,10
E5600841,P003,923,1515,15,10
E5600841,P003,936,1515,6,10
E5600841,P003,911,1524,9,10
E5600841,P003,922,1515,26,10
E5600841,P004,923,1515,18,10
E5600841,P004,936,1515,4,10
E5600841,P004,911,1524,6,10
E5600841,P004,922,1515,22,10
E5600841,P005,923,1515,15,10
E5600841,P005,936,1515,4,10
E5600841,P005,911,1524,9,10
E5600841,P005,922,1515,22,10
E5600841,P006,923,1515,56,10
E5600841,P006,936,1515,6,10
E5600841,P006,911,1524,12,10
E5600841,P006,922,1515,70,10
E5600841,P007,923,1515,39,10
E5600841,P007,936,1515,7,10
E5600841,P007,911,1524,13,10
E5600841,P007,922,1515,66,10
E5600841,P008,923,1515,48,10
E5600841,P008,936,1515,9,10
E5600841,P008,911,1524,7,10
E5600841,P008,922,1515,8,10
E5600841,P009,923,1515,11,10
E5600841,P009,936,1515,6,10
E5600841,P009,911,1524,9,10
E5600841,P009,922,1515,23,10
E5600841,P010,923,1515,10,10
E5600841,P010,936,1515,6,10
E5600841,P010,911,1524,7,10
E5600841,P010,922,1515,19,10
E5600841,PC23,923,1515,55,10
E5600841,PC23,936,1515,8,10
E5600841,PC23,911,1524,9,10
E5600841,PC23,922,1515,30,10
E5600841,PC83,923,1515,49,10
E5600841,PC83,936,1515,6,10
E5600841,PC83,911,1524,15,10
E5600841,PC83,922,1515,24,10
E5600841,PPB1,923,1515,9,10
E5600841,PPB1,936,1515,8,10
E5600841,PPB1,911,1524,8,10
E5600841,PPB1,922,1515,24,10
E5600841,PPC1,923,1515,13,10
E5600841,PPC1,936,1515,4,10
E5600841,PPC1,911,1524,5,10
E5600841,PPC1,922,1515,21,10
E5600841,PR54,923,1515,72,10
E5600841,PR54,936,1515,6,10
E5600841,PR54,911,1524,3,10
E5600841,PR54,922,1515,33,10
E5600841,PR61,923,1515,77,10
E5600841,PR61,936,1515,3,10
E5600841,PR61,911,1524,7,10
E5600841,PR61,922,1515,43,10
E5600841,PR62,923,1515,40,10
E5600841,PR62,936,1515,3,10
E5600841,PR62,911,1524,4,10
E5600841,PR62,922,1515,21,10
E5600841,PS11,923,1515,34,10
E5600841,PS11,936,1515,11,10
E5600841,PS11,911,1524,11,10
E5600841,PS11,922,1515,63,10
E5600841,PS12,911,1524,7,10
E5600841,PS31,923,1515,135,10
E5600841,PS31,936,1515,12,10
E5600841,PS31,911,1524,7,10
E5600841,PS31,922,1515,88,10
E5600841,PS32,911,1524,4,10
E5600841,PS51,923,1515,39,10
E5600841,PS51,936,1515,11,10
E5600841,PS51,911,1524,12,10
E5600841,PS51,922,1515,17,10
E5600841,PS52,911,1524,10,10
E5600841,PS71,923,1515,0,00
E5600841,PS71,936,1515,0,00
E5600841,PS71,911,1524,0,00
E5600841,PS71,922,1515,0,00
E5600841,PS72,911,1524,0,00
E5600332,P001,911,1348,0,00
E5600332,P002,911,1348,0,00
E5600332,P003,911,1348,0,00
E5600332,P001,911,1354,0,00
E5600332,P002,911,1354,0,00
E5600332,P003,911,1354,0,00
E5600332,P001,911,1400,0,00
E5600332,P002,911,1400,0,00
E5600332,P003,911,1400,0,00
E5600332,P001,911,1406,0,00
E5600332,P002,911,1406,0,00
E5600332,P003,911,1406,0,00
E5600332,P001,911,1412,0,00
E5600332,P002,911,1412,0,00
E5600332,P003,911,1412,0,00
E5600332,P001,911,1418,0,00
E5600332,P002,911,1418,0,00
E5600332,P003,911,1418,0,00
E5600332,P001,911,1424,0,00
E5600332,P002,911,1424,0,00
E5600332,P003,911,1424,0,00
E5600332,P001,911,1430,0,00
E5600332,P002,911,1430,0,00
E5600332,P003,911,1430,0,00
E5600332,P001,911,1436,0,00
E5600332,P002,911,1436,0,00
E5600332,P003,911,1436,0,00
E5600332,P001,911,1442,0,00
E5600332,P002,911,1442,0,00
E5600332,P003,911,1442,0,00
E4900333,P001,911,1524,9,10
E4900333,P002,911,1524,0,00
E4900333,P003,911,1524,0,32
E4900333,P103,911,1524,0,32
E4900333,P021,911,1524,6,10
E4900333,P105,911,1524,9,10
E4900333,P001,922,1515,1,10
E4900333,P002,922,1515,0,00
E4900333,P003,922,1515,0,32
E4900333,P103,922,1515,0,32
E4900333,P021,922,1515,0,10
E4900333,P105,922,1515,57,10
E4900333,P001,923,1515,81,10
E4900333,P002,923,1515,0,00
E4900333,P003,923,1515,0,32
E4900333,P103,923,1515,0,32
E4900333,P021,923,1515,34,10
E4900333,P105,923,1515,77,10
E4900333,P001,936,1515,13,10
E4900333,P002,936,1515,0,00
E4900333,P003,936,1515,0,32
E4900333,P103,936,1515,0,32
E4900333,P021,936,1515,8,10
E4900333,P105,936,1515,10,10
E5600332,P001,911,1448,0,00
E5600332,P002,911,1448,0,00
E5600332,P003,911,1448,0,00
E5600332,P001,911,1454,0,00
E5600332,P002,911,1454,0,00
E5600332,P003,911,1454,0,00
E5600332,P001,911,1500,0,00
E5600332,P002,911,1500,0,00
E5600332,P003,911,1500,0,00
E5600332,P001,911,1506,0,00
E5600332,P002,911,1506,0,00
E5600332,P003,911,1506,0,00
E5600332,P001,911,1512,0,00
E5600332,P002,911,1512,0,00
E5600332,P003,911,1512,0,00
E5600332,P001,911,1518,0,00
E5600332,P002,911,1518,0,00
E5600332,P003,911,1518,0,00
E5600332,P001,911,1524,0,00
E5600332,P002,911,1524,0,00
E5600332,P003,911,1524,0,00
S2300438,P001,911,1530,5,10
E5601197,P002,911,1530,3,10
E5601197,P003,911,1530,3,10
E5600789,P001,911,1530,0,00
E5600056,P004,911,1536,0,00
E5600056,P006,911,1536,3,10
E5600056,P007,911,1536,0,00
E5600056,P008,911,1536,5,10
E5600056,P009,911,1536,2,10
E5600056,P016,911,1536,5,10
E5600056,P017,911,1536,2,10
E5600056,P018,911,1536,3,10
E5600056,P021,911,1536,2,10
E5600056,P022,911,1536,3,10
E5600056,P023,911,1536,1,10
E5600056,P024,911,1536,4,10
E5600869,P001,911,1530,4,10
E5600896,P004,911,1518,0,00
E5600896,P005,911,1518,0,00
E5600896,P007,911,1518,5,10
E5600896,P008,911,1518,7,10
E5400878,P010,911,1518,1,10
E5600332,P001,911,1530,0,00
E5600332,P002,911,1530,0,00
E5600332,P003,911,1530,0,00
E5600850,PC01,911,1530,0,00
S1901066,P004,911,1530,5,10
E5002890,P001,911,1530,5,10
E5002890,P002,911,1530,5,10
E5002890,P003,911,1530,0,00
S1900710,P015,911,1536,0,00
S1900710,P050,911,1536,5,10
S1900710,P056,911,1536,4,10
S1900710,P060,911,1536,2,10
S1900710,P070,911,1536,6,10
S1900685,P002,911,1530,12,10
S1900685,P421,911,1530,12,10
S1900685,P411,911,1530,4,10
S2202553,P001,911,1530,1,10
S2202553,P002,911,1530,1,10
S2202553,P003,911,1530,1,10
S2100223,P015,911,1536,0,10
E5602998,P001,911,1518,0,10
E5602998,P002,911,1518,4,10
E5602998,P003,911,1518,0,00
E5602998,P004,911,1518,3,10
E5602998,P001,911,1524,0,10
E5602998,P001,922,1515,1,10
E5602998,P001,923,1515,92,10
E5602998,P001,924,1515,2,10
E5602998,P001,926,1515,16,10
E5602998,P001,937,1515,8,10
E5602998,P001,936,1515,9,10
E5602998,P002,911,1524,4,10
E5602998,P002,922,1515,0,10
E5602998,P002,923,1515,93,10
E5602998,P002,924,1515,0,10
E5602998,P002,926,1515,14,10
E5602998,P002,937,1515,8,10
E5602998,P002,936,1515,8,10
E5602998,P003,911,1524,0,00
E5602998,P003,922,1515,0,00
E5602998,P003,923,1515,0,00
E5602998,P003,924,1515,0,00
E5602998,P003,926,1515,0,00
E5602998,P003,937,1515,0,00
E5602998,P003,936,1515,0,00
E5602998,P004,911,1524,3,10
E5602998,P004,922,1515,7,10
E5602998,P004,923,1515,48,10
E5602998,P004,924,1515,2,10
E5602998,P004,926,1515,13,10
E5602998,P004,937,1515,9,10
E5602998,P004,936,1515,11,10
E5602998,P001,911,1530,0,10
E5602998,P002,911,1530,4,10
E5602998,P003,911,1530,0,00
E5602998,P004,911,1530,3,10
E4900744,P001,911,1536,0,00
E4900744,P002,911,1536,0,00
E4900744,P023,911,1536,0,00
E5600841,P001,911,1530,5,10
E5600841,P002,911,1530,5,10
E5600841,P003,911,1530,9,10
E5600841,P004,911,1530,6,10
E5600841,P005,911,1530,9,10
E5600841,P006,911,1530,12,10
E5600841,P007,911,1530,13,10
E5600841,P008,911,1530,7,10
E5600841,P009,911,1530,9,10
E5600841,P010,911,1530,7,10
E5600841,PC23,911,1530,9,10
E5600841,PC83,911,1530,14,10
E5600841,PPB1,911,1530,8,10
E5600841,PPC1,911,1530,5,10
E5600841,PR54,911,1530,3,10
E5600841,PR61,911,1530,7,10
E5600841,PR62,911,1530,4,10
E5600841,PS11,911,1530,11,10
E5600841,PS12,911,1530,8,10
E5600841,PS31,911,1530,7,10
E5600841,PS32,911,1530,4,10
E5600841,PS51,911,1530,12,10
E5600841,PS52,911,1530,9,10
E5600841,PS71,911,1530,0,00
E5600841,PS72,911,1530,0,00
E4900333,P001,911,1530,9,10
E4900333,P002,911,1530,0,00
E4900333,P003,911,1530,0,32
E4900333,P103,911,1530,0,32
E4900333,P021,911,1530,6,10
E4900333,P105,911,1530,9,10
S2100223,P015,922,1530,0,10
S2100223,P015,923,1530,0,10
S2100223,P015,924,1530,0,10
S2100223,P015,936,1530,0,10
E5600332,P001,911,1536,0,00
E5600332,P002,911,1536,0,00
E5600332,P003,911,1536,0,00
S2300438,P001,911,1536,5,10
E5601197,P002,911,1536,3,10
E5601197,P003,911,1536,3,10
E5600789,P001,911,1536,0,00
E5600056,P004,911,1542,0,00
E5600056,P006,911,1542,3,10
E5600056,P007,911,1542,0,00
E5600056,P008,911,1542,5,10
E5600056,P009,911,1542,2,10
E5600056,P016,911,1542,5,10
E5600056,P017,911,1542,2,10
E5600056,P018,911,1542,3,10
E5600056,P021,911,1542,2,10
E5600056,P022,911,1542,3,10
E5600056,P023,911,1542,1,10
E5600056,P024,911,1542,3,10
E5600869,P001,911,1536,4,10
E4900744,P001,923,1530,0,00
E4900744,P023,923,1530,0,00
E4900744,P001,936,1530,0,00
E4900744,P023,936,1530,0,00
E5600896,P004,922,1515,0,00
E5600896,P004,923,1515,0,00
E5600896,P004,936,1515,0,00
E5600896,P005,922,1515,0,00
E5600896,P005,923,1515,0,00
E5600896,P005,936,1515,0,00
E5600896,P007,922,1515,0,10
E5600896,P007,923,1515,70,10
E5600896,P007,936,1515,5,10
E5600896,P008,922,1515,0,10
E5600896,P008,923,1515,62,10
E5600896,P008,936,1515,2,10
E5600896,P004,911,1524,0,00
E5600896,P005,911,1524,0,00
E5600896,P007,911,1524,5,10
E5600896,P008,911,1524,7,10
E5400878,P001,923,1515,21,10
E5400878,P001,936,1515,15,10
E5400878,P002,923,1515,18,10
E5400878,P002,936,1515,14,10
E5400878,P003,923,1515,16,10
E5400878,P003,936,1515,15,10
E5400878,P010,923,1515,18,10
E5400878,P010,936,1515,13,10
E5400878,P010,911,1524,1,10
S2300429,P701,911,1536,0,00
S2300429,PF01,911,1536,8,10
E5600850,PC01,911,1536,0,00
S1901066,P004,911,1536,5,10
E5002890,P001,911,1536,5,10
E5002890,P002,911,1536,5,10
E5002890,P003,911,1536,0,00
S1900710,P015,911,1542,0,00
S1900710,P050,911,1542,6,10
S1900710,P056,911,1542,4,10
S1900710,P060,911,1542,2,10
S1900710,P070,911,1542,6,10
S1900685,P002,911,1536,12,10
S1900685,P421,911,1536,12,10
S1900685,P411,911,1536,4,10
S2202553,P001,911,1536,1,10
S2202553,P002,911,1536,1,10
S2202553,P003,911,1536,1,10
S2100223,P015,911,1542,0,10
E5600850,PC01,923,1530,0,00
E5600850,PC01,924,1530,0,00
E5600850,PC01,936,1530,0,00
E5600850,PC01,926,1530,0,00
S2300438,P001,922,1530,0,10
S2300438,P001,923,1530,31,10
S2300438,P001,936,1530,7,10
S1901066,P004,922,1530,230,10
S1901066,P004,923,1530,187,10
S1901066,P004,924,1530,0,10
S1901066,P004,936,1530,5,10
S1901066,P004,937,1530,11,10
S2201109,P711,911,1536,15,10
S2201109,P731,911,1536,18,10
S2201109,P741,911,1536,0,31
S2201109,P751,911,1536,13,10
E5600869,P001,922,1530,132,10
E5600869,P001,923,1530,127,10
E5600869,P001,936,1530,7,10
S1900710,P070,923,1545,22,10
S1900710,P070,936,1545,8,10
S1900710,P070,922,1545,16,10
S1900710,P015,923,1545,0,00
S1900710,P015,936,1545,0,00
S1900710,P015,922,1545,0,00
S1900710,P050,923,1545,116,10
S1900710,P050,936,1545,6,10
S1900710,P050,922,1545,69,10
S1900710,P056,923,1545,36,10
S1900710,P056,936,1545,4,10
S1900710,P056,922,1545,24,10
S1900710,P060,923,1545,23,10
S1900710,P060,936,1545,5,10
S1900710,P060,922,1545,26,10
S1900685,P421,922,1530,13,10
S1900685,P421,923,1530,74,10
S1900685,P421,936,1530,6,10
S1900685,P411,922,1530,18,10
S1900685,P411,923,1530,67,10
S1900685,P411,936,1530,12,10
E4900744,P001,911,1542,0,00
E4900744,P002,911,1542,0,00
E4900744,P023,911,1542,0,00
E5600841,P001,911,1536,5,10
E5600841,P002,911,1536,5,10
E5600841,P003,911,1536,9,10
E5600841,P004,911,1536,6,10
E5600841,P005,911,1536,9,10
E5600841,P006,911,1536,12,10
E5600841,P007,911,1536,13,10
E5600841,P008,911,1536,7,10
E5600841,P009,911,1536,9,10
E5600841,P010,911,1536,7,10
E5600841,PC23,911,1536,9,10
E5600841,PC83,911,1536,14,10
E5600841,PPB1,911,1536,8,10
E5600841,PPC1,911,1536,5,10
E5600841,PR54,911,1536,3,10
E5600841,PR61,911,1536,7,10
E5600841,PR62,911,1536,4,10
E5600841,PS11,911,1536,11,10
E5600841,PS12,911,1536,9,10
E5600841,PS31,911,1536,7,10
E5600841,PS32,911,1536,4,10
E5600841,PS51,911,1536,12,10
E5600841,PS52,911,1536,9,10
E5600841,PS71,911,1536,0,00
E5600841,PS72,911,1536,0,00
S2300429,P701,911,1530,0,00
S2300429,P701,922,1530,0,00
S2300429,P701,923,1530,0,00
S2300429,P701,936,1530,0,00
S2300429,PF01,911,1530,9,10
S2300429,PF01,922,1530,20,10
S2300429,PF01,923,1530,28,10
S2300429,PF01,936,1530,6,10
E4900333,P001,911,1536,9,10
E4900333,P002,911,1536,0,00
E4900333,P003,911,1536,0,32
E4900333,P103,911,1536,0,32
E4900333,P021,911,1536,6,10
E4900333,P105,911,1536,9,10
E5002890,P001,922,1530,0,10
E5002890,P002,922,1530,0,10
E5002890,P003,922,1530,0,00
E5002890,P001,923,1530,127,10
E5002890,P002,923,1530,132,10
E5002890,P003,923,1530,0,00
E5002890,P001,924,1530,3,10
E5002890,P002,924,1530,4,10
E5002890,P003,924,1530,0,00
E5002890,P001,926,1530,16,10
E5002890,P002,926,1530,3,10
E5002890,P003,926,1530,0,00
E5002890,P001,936,1530,10,10
E5002890,P002,936,1530,11,10
E5002890,P003,936,1530,0,00
S2202553,P001,922,1530,12,10
S2202553,P002,922,1530,20,10
S2202553,P003,922,1530,9,10
S2202553,P001,923,1530,79,10
S2202553,P002,923,1530,85,10
S2202553,P003,923,1530,92,10
S2202553,P001,924,1530,6,10
S2202553,P002,924,1530,2,10
S2202553,P003,924,1530,3,10
S2202553,P001,926,1530,21,10
S2202553,P002,926,1530,27,10
S2202553,P003,926,1530,22,10
S2202553,P001,936,1530,10,10
S2202553,P002,936,1530,10,10
S2202553,P003,936,1530,8,10
E5600850,PC01,911,1542,0,00
S2300438,P001,911,1542,5,10
E5601197,P002,911,1542,3,10
E5601197,P003,911,1542,3,10
S1601990,P001,911,1542,2,10
S1601990,P004,911,1542,3,10
S1601990,P049,911,1542,1,10
E5600332,P001,911,1542,0,00
E5600332,P002,911,1542,0,00
E5600332,P003,911,1542,0,00
E4900333,P001,922,1530,1,10
E4900333,P002,922,1530,0,00
E4900333,P003,922,1530,0,32
E4900333,P103,922,1530,0,32
E4900333,P021,922,1530,0,10
E4900333,P105,922,1530,58,10
E4900333,P001,923,1530,80,10
E4900333,P002,923,1530,0,00
E4900333,P003,923,1530,0,32
E4900333,P103,923,1530,0,32
E4900333,P021,923,1530,33,10
E4900333,P105,923,1530,76,10
E4900333,P001,936,1530,13,10
E4900333,P002,936,1530,0,00
E4900333,P003,936,1530,0,32
E4900333,P103,936,1530,0,32
E4900333,P021,936,1530,7,10
E4900333,P105,936,1530,10,10
E5600869,P001,911,1542,4,10
E5600841,P001,923,1530,30,10
E5600841,P001,936,1530,5,10
E5600841,P001,922,1530,30,10
E5600841,P002,923,1530,53,10
E5600841,P002,936,1530,4,10
E5600841,P002,922,1530,23,10
E5600841,P003,923,1530,32,10
E5600841,P003,936,1530,5,10
E5600841,P003,922,1530,28,10
E5600841,P004,923,1530,21,10
E5600841,P004,936,1530,4,10
E5600841,P004,922,1530,20,10
E5600841,P005,923,1530,15,10
E5600841,P005,936,1530,4,10
E5600841,P005,922,1530,20,10
E5600841,P006,923,1530,56,10
E5600841,P006,936,1530,6,10
E5600841,P006,922,1530,71,10
E5600841,P007,923,1530,37,10
E5600841,P007,936,1530,7,10
E5600841,P007,922,1530,65,10
E5600841,P008,923,1530,42,10
E5600841,P008,936,1530,9,10
E5600841,P008,922,1530,8,10
E5600841,P009,923,1530,10,10
E5600841,P009,936,1530,5,10
E5600841,P009,922,1530,24,10
E5600841,P010,923,1530,9,10
E5600841,P010,936,1530,5,10
E5600841,P010,922,1530,20,10
E5600841,PC23,923,1530,60,10
E5600841,PC23,936,1530,8,10
E5600841,PC23,922,1530,31,10
E5600841,PC83,923,1530,48,10
E5600841,PC83,936,1530,6,10
E5600841,PC83,922,1530,25,10
E5600841,PPB1,923,1530,7,10
E5600841,PPB1,936,1530,7,10
E5600841,PPB1,922,1530,24,10
E5600841,PPC1,923,1530,12,10
E5600841,PPC1,936,1530,3,10
E5600841,PPC1,922,1530,21,10
E5600841,PR54,923,1530,60,10
E5600841,PR54,936,1530,4,10
E5600841,PR54,922,1530,41,10
E5600841,PR61,923,1530,74,10
E5600841,PR61,936,1530,3,10
E5600841,PR61,922,1530,45,10
E5600841,PR62,923,1530,36,10
E5600841,PR62,936,1530,3,10
E5600841,PR62,922,1530,23,10
E5600841,PS11,923,1530,35,10
E5600841,PS11,936,1530,11,10
E5600841,PS11,922,1530,62,10
E5600841,PS31,923,1530,132,10
E5600841,PS31,936,1530,12,10
E5600841,PS31,922,1530,95,10
E5600841,PS51,923,1530,39,10
E5600841,PS51,936,1530,11,10
E5600841,PS51,922,1530,18,10
E5600841,PS71,923,1530,0,00
E5600841,PS71,936,1530,0,00
E5600841,PS71,922,1530,0,00
E5600896,P004,911,1530,0,00
E5600896,P005,911,1530,0,00
E5600896,P007,911,1530,5,10
E5600896,P008,911,1530,7,10
E5400878,P010,911,1530,1,10
S1901066,P004,911,1542,5,10
E5600056,P004,922,1545,0,00
E5600056,P004,923,1545,0,00
E5600056,P004,924,1545,0,00
E5600056,P004,936,1545,0,00
E5600056,P006,922,1545,34,10
E5600056,P006,923,1545,62,10
E5600056,P006,924,1545,1,10
E5600056,P006,936,1545,5,10
E5600056,P007,922,1545,0,00
E5600056,P007,923,1545,0,00
E5600056,P007,924,1545,0,00
E5600056,P007,936,1545,0,00
E5600056,P008,922,1545,47,10
E5600056,P008,923,1545,68,10
E5600056,P008,924,1545,0,10
E5600056,P008,936,1545,5,10
E5600056,P016,922,1545,0,10
E5600056,P016,923,1545,35,10
E5600056,P016,936,1545,12,10
E5600056,P017,922,1545,2,10
E5600056,P017,923,1545,22,10
E5600056,P017,924,1545,0,10
E5600056,P017,936,1545,3,10
E5600056,P018,922,1545,0,10
E5600056,P018,923,1545,16,10
E5600056,P018,924,1545,0,10
E5600056,P018,936,1545,3,10
E5600056,P021,922,1545,0,10
E5600056,P021,923,1545,48,10
E5600056,P021,924,1545,0,10
E5600056,P021,936,1545,4,10
E5600056,P024,922,1545,3,10
E5600056,P024,923,1545,31,10
E5600056,P024,924,1545,2,10
E5600056,P024,936,1545,6,10
E5600056,P034,922,1545,5,10
E5600056,P034,923,1545,47,10
E5600056,P034,936,1545,1,10
E5600789,P001,911,1542,0,00
E5600056,P004,911,1548,0,00
E5600056,P006,911,1548,3,10
E5600056,P007,911,1548,0,00
E5600056,P008,911,1548,5,10
E5600056,P009,911,1548,2,10
E5600056,P016,911,1548,5,10
E5600056,P017,911,1548,2,10
E5600056,P018,911,1548,3,10
E5600056,P021,911,1548,2,10
E5600056,P022,911,1548,2,10
E5600056,P023,911,1548,1,10
E5600056,P024,911,1548,3,10
E5002890,P001,911,1542,5,10
E5002890,P002,911,1542,6,10
E5002890,P003,911,1542,0,00
S1900710,P070,911,1548,6,10
S1900710,P015,911,1548,0,00
S1900710,P050,911,1548,6,10
S1900710,P056,911,1548,4,10
S1900710,P060,911,1548,2,10
S1900685,P002,911,1542,12,10
S1900685,P421,911,1542,15,10
S1900685,P411,911,1542,4,10
S2100223,P015,911,1548,0,10
S2201109,P711,911,1530,15,10
S2201109,P731,911,1530,18,10
S2201109,P741,911,1530,0,31
S2201109,P751,911,1530,13,10
S2201109,P711,923,1530,22,10
S2201109,P711,936,1530,6,10
S2201109,P711,922,1530,4,10
S2201109,P731,923,1530,50,10
S2201109,P731,936,1530,7,10
S2201109,P731,922,1530,14,10
S2201109,P741,923,1530,53,10
S2201109,P741,936,1530,5,10
S2201109,P741,922,1530,23,10
S2201109,P751,923,1530,52,10
S2201109,P751,936,1530,6,10
S2201109,P751,922,1530,12,10
S2201109,P711,911,1542,15,10
S2201109,P731,911,1542,18,10
S2201109,P741,911,1542,0,31
S2201109,P751,911,1542,14,10
S2300429,P701,911,1542,0,00
S2300429,PF01,911,1542,9,10
S2202553,P001,911,1542,1,10
S2202553,P002,911,1542,1,10
S2202553,P003,911,1542,1,10
E4900744,P001,911,1548,0,00
E4900744,P002,911,1548,0,00
E4900744,P023,911,1548,0,00
E5600841,P001,911,1542,5,10
E5600841,P002,911,1542,5,10
E5600841,P003,911,1542,9,10
E5600841,P004,911,1542,6,10
E5600841,P005,911,1542,9,10
E5600841,P006,911,1542,12,10
E5600841,P007,911,1542,13,10
E5600841,P008,911,1542,7,10
E5600841,P009,911,1542,9,10
E5600841,P010,911,1542,7,10
E5600841,PC23,911,1542,9,10
E5600841,PC83,911,1542,15,10
E5600841,PPB1,911,1542,8,10
E5600841,PPC1,911,1542,5,10
E5600841,PR54,911,1542,3,10
E5600841,PR61,911,1542,7,10
E5600841,PR62,911,1542,4,10
E5600841,PS11,911,1542,10,10
E5600841,PS12,911,1542,9,10
E5600841,PS31,911,1542,7,10
E5600841,PS32,911,1542,4,10
E5600841,PS51,911,1542,12,10
E5600841,PS52,911,1542,9,10
E5600841,PS71,911,1542,0,00
E5600841,PS72,911,1542,0,00
E4900333,P001,911,1542,9,10
E4900333,P002,911,1542,0,00
E4900333,P003,911,1542,0,32
E4900333,P103,911,1542,0,32
E4900333,P021,911,1542,6,10
E4900333,P105,911,1542,9,10
E5600850,PC01,911,1548,0,00
S2300438,P001,911,1548,5,10
E5601197,P002,911,1548,3,10
E5601197,P003,911,1548,3,10
E5600896,P004,911,1536,0,00
E5600896,P005,911,1536,0,00
E5600896,P007,911,1536,5,10
E5600896,P008,911,1536,7,10
E5600332,P001,911,1548,0,00
E5600332,P002,911,1548,0,00
E5600332,P003,911,1548,0,00
E5600789,P001,911,1548,0,00
E5600869,P001,911,1548,4,10
E5400878,P010,911,1536,1,10
S1901066,P004,911,1548,5,10
E5600056,P004,911,1554,0,00
E5600056,P006,911,1554,3,10
E5600056,P007,911,1554,0,00
E5600056,P008,911,1554,5,10
E5600056,P009,911,1554,2,10
E5600056,P016,911,1554,5,10
E5600056,P017,911,1554,2,10
E5600056,P018,911,1554,3,10
E5600056,P021,911,1554,2,10
E5600056,P022,911,1554,3,10
E5600056,P023,911,1554,1,10
E5600056,P024,911,1554,3,10
E5002890,P001,911,1548,5,10
E5002890,P002,911,1548,5,10
E5002890,P003,911,1548,0,00
S1900710,P015,911,1554,0,00
S1900710,P050,911,1554,6,10
S1900710,P056,911,1554,4,10
S1900710,P060,911,1554,2,10
S1900710,P070,911,1554,6,10
S2100223,P015,911,1554,0,10
S2100223,P015,922,1545,0,10
S2100223,P015,923,1545,0,10
S2100223,P015,924,1545,0,10
S2100223,P015,936,1545,0,10
S2100223,P015,222,1500,0,
S2100223,P015,223,1500,0,
S2100223,P015,224,1500,0,
S2100223,P015,236,1500,0,
S2100223,P015,248,1500,0,
S2100223,P015,259,1500,0,
S2201109,P711,911,1548,15,10
S2201109,P731,911,1548,19,10
S2201109,P741,911,1548,14,10
S2201109,P751,911,1548,14,10
S2300429,P701,911,1548,0,00
S2300429,PF01,911,1548,8,10
S1900685,P002,911,1548,12,10
S1900685,P421,911,1548,13,10
S1900685,P411,911,1548,4,10
S2202553,P001,911,1548,1,10
S2202553,P002,911,1548,1,10
S2202553,P003,911,1548,1,10
E5600896,P004,922,1530,0,00
E5600896,P004,923,1530,0,00
E5600896,P004,936,1530,0,00
E5600896,P005,922,1530,0,00
E5600896,P005,923,1530,0,00
E5600896,P005,936,1530,0,00
E5600896,P007,922,1530,0,10
E5600896,P007,923,1530,70,11
E5600896,P007,936,1530,5,10
E5600896,P008,922,1530,0,10
E5600896,P008,923,1530,61,10
E5600896,P008,936,1530,2,10
E4900744,P001,911,1554,0,00
E4900744,P002,911,1554,0,00
E4900744,P023,911,1554,0,00
E4900744,P001,923,1545,0,00
E4900744,P023,923,1545,0,00
E4900744,P001,936,1545,0,00
E4900744,P023,936,1545,0,00
E4900744,P001,223,1500,0,00
E4900744,P023,223,1500,0,00
E4900744,P001,236,1500,0,00
E4900744,P023,236,1500,0,00
E4900744,P001,248,1500,0,00
E4900744,P023,248,1500,0,00
E4900744,P001,259,1500,0,00
E4900744,P023,259,1500,0,00
E5600841,P001,911,1548,5,10
E5600841,P002,911,1548,5,10
E5600841,P003,911,1548,9,10
E5600841,P004,911,1548,6,10
E5600841,P005,911,1548,9,10
E5600841,P006,911,1548,12,10
E5600841,P007,911,1548,13,10
E5600841,P008,911,1548,6,10
E5600841,P009,911,1548,10,10
E5600841,P010,911,1548,7,10
E5600841,PC23,911,1548,9,10
E5600841,PC83,911,1548,15,10
E5600841,PPB1,911,1548,8,10
E5600841,PPC1,911,1548,5,10
E5600841,PR54,911,1548,3,10
E5600841,PR61,911,1548,7,10
E5600841,PR62,911,1548,4,10
E5600841,PS11,911,1548,11,10
E5600841,PS12,911,1548,8,10
E5600841,PS31,911,1548,7,10
E5600841,PS32,911,1548,4,10
E5600841,PS51,911,1548,12,10
E5600841,PS52,911,1548,9,10
E5600841,PS71,911,1548,0,00
E5600841,PS72,911,1548,0,00
E5400878,P001,923,1530,21,10
E5400878,P001,936,1530,15,10
E5400878,P002,923,1530,18,10
E5400878,P002,936,1530,14,10
E5400878,P003,923,1530,16,10
E5400878,P003,936,1530,15,10
E5400878,P010,923,1530,18,10
E5400878,P010,936,1530,13,10
E4900333,P001,911,1548,9,10
E4900333,P002,911,1548,0,00
E4900333,P003,911,1548,0,32
E4900333,P103,911,1548,0,32
E4900333,P021,911,1548,6,10
E4900333,P105,911,1548,9,10
S2300438,P001,922,1545,0,10
S2300438,P001,923,1545,31,10
S2300438,P001,936,1545,7,10
S2300438,P001,911,1554,5,10
E5601197,P002,911,1554,3,10
E5601197,P003,911,1554,3,10
E5600850,PC01,923,1545,0,00
E5600850,PC01,924,1545,0,00
E5600850,PC01,936,1545,0,00
E5600850,PC01,926,1545,0,00
E5600896,P004,911,1542,0,00
E5600896,P005,911,1542,0,00
E5600896,P007,911,1542,5,10
E5600896,P008,911,1542,7,10
E5600332,P001,911,1554,0,00
E5600332,P002,911,1554,0,00
E5600332,P003,911,1554,0,00
E5600850,PC01,911,1554,0,00
E5600789,P001,911,1554,0,00
E5600869,P001,911,1554,4,10
E5600869,P001,922,1545,130,10
E5600869,P001,923,1545,126,10
E5600869,P001,936,1545,7,10
E5600869,P001,222,1500,130,10
E5600869,P001,223,1500,126,10
E5600869,P001,236,1500,7,10
E5600869,P001,248,1500,54324,10
E5600869,P001,259,1500,108,10
S2100223,P015,911,1600,0,10
S1901066,P004,922,1545,231,10
S1901066,P004,923,1545,185,10
S1901066,P004,924,1545,0,10
S1901066,P004,936,1545,4,10
S1901066,P004,937,1545,11,10
E5400878,P010,911,1542,1,10
S1901066,P004,911,1554,5,10
E5600056,P004,911,1600,0,00
E5600056,P006,911,1600,3,10
E5600056,P007,911,1600,0,00
E5600056,P008,911,1600,5,10
E5600056,P009,911,1600,2,10
E5600056,P016,911,1600,4,10
E5600056,P017,911,1600,2,10
E5600056,P018,911,1600,3,10
E5600056,P021,911,1600,2,10
E5600056,P022,911,1600,3,10
E5600056,P023,911,1600,1,10
E5600056,P024,911,1600,4,10
E5600056,P004,922,1600,0,00
E5600056,P004,923,1600,0,00
E5600056,P004,924,1600,0,00
E5600056,P004,936,1600,0,00
E5600056,P006,922,1600,32,10
E5600056,P006,923,1600,63,10
E5600056,P006,924,1600,1,10
E5600056,P006,936,1600,6,10
E5600056,P007,922,1600,0,00
E5600056,P007,923,1600,0,00
E5600056,P007,924,1600,0,00
E5600056,P007,936,1600,0,00
E5600056,P008,922,1600,49,10
E5600056,P008,923,1600,68,10
E5600056,P008,924,1600,0,10
E5600056,P008,936,1600,5,10
E5600056,P016,922,1600,0,10
E5600056,P016,923,1600,36,10
E5600056,P016,936,1600,12,10
E5600056,P017,922,1600,2,10
E5600056,P017,923,1600,22,10
E5600056,P017,924,1600,0,10
E5600056,P017,936,1600,3,10
E5600056,P018,922,1600,0,10
E5600056,P018,923,1600,15,10
E5600056,P018,936,1600,3,10
E5600056,P021,922,1600,0,10
E5600056,P021,923,1600,48,10
E5600056,P021,936,1600,4,10
E5600056,P024,922,1600,3,10
E5600056,P024,923,1600,30,10
E5600056,P024,924,1600,2,10
E5600056,P024,936,1600,6,10
E5600056,P034,923,1600,48,10
E5600056,P034,936,1600,1,10
E5600056,P004,222,1600,0,00
E5600056,P004,223,1600,0,00
E5600056,P004,224,1600,0,00
E5600056,P004,236,1600,0,00
E5600056,P004,248,1600,0,00
E5600056,P004,259,1600,0,00
E5600056,P006,222,1600,31,10
E5600056,P006,223,1600,63,10
E5600056,P006,224,1600,1,10
E5600056,P006,236,1600,5,10
E5002890,P001,911,1554,5,10
E5002890,P002,911,1554,5,10
E5002890,P003,911,1554,0,00
E5002890,P001,922,1545,1,10
E5002890,P002,922,1545,0,10
E5002890,P003,922,1545,0,00
E5002890,P001,923,1545,125,10
E5002890,P002,923,1545,141,10
E5002890,P003,923,1545,0,00
E5002890,P001,924,1545,3,10
E5002890,P002,924,1545,3,10
E5002890,P003,924,1545,0,00
E5002890,P001,926,1545,16,10
E5002890,P002,926,1545,5,10
E5002890,P003,926,1545,0,00
E5002890,P001,936,1545,10,10
E5002890,P002,936,1545,11,10
E5002890,P003,936,1545,0,00
E5002890,P001,222,1500,0,10
E5002890,P002,222,1500,0,10
E5002890,P003,222,1500,0,00
E5002890,P001,223,1500,124,10
E5002890,P002,223,1500,139,10
E5002890,P003,223,1500,0,00
E5002890,P001,224,1500,4,10
E5002890,P002,224,1500,4,10
E5002890,P003,224,1500,0,00
E5002890,P001,226,1500,13,10
E5002890,P002,226,1500,5,10
E5002890,P003,226,1500,0,00
E5002890,P001,236,1500,11,10
E5002890,P002,236,1500,11,10
E5002890,P003,236,1500,0,00
E5002890,P001,248,1500,58114,10
E5002890,P002,248,1500,76953,10
E5002890,P003,248,1500,0,00
E5002890,P001,259,1500,166,10
E5002890,P002,259,1500,160,10
E5002890,P003,259,1500,0,00
S1900710,P015,911,1600,0,00
S1900710,P050,911,1600,6,10
S1900710,P056,911,1600,4,10
S1900710,P060,911,1600,3,10
S1900710,P070,911,1600,6,10
S1900710,P015,923,1600,0,00
S1900710,P015,936,1600,0,00
S1900710,P015,922,1600,0,00
S1900710,P050,923,1600,117,10
S1900710,P050,936,1600,6,10
S1900710,P050,922,1600,70,10
S1900710,P056,923,1600,36,10
S1900710,P056,936,1600,4,10
S1900710,P056,922,1600,24,10
S1900710,P060,923,1600,23,10
S1900710,P060,936,1600,5,10
S1900710,P060,922,1600,26,10
S1900710,P070,923,1600,22,10
S1900710,P070,936,1600,8,10
S1900710,P070,922,1600,16,10
S1900710,P015,248,1600,0,00
S1900710,P015,223,1600,0,00
S1900710,P015,236,1600,0,00
S1900710,P015,222,1600,0,00
S1900710,P015,259,1600,0,00
S1900710,P050,248,1600,94752,10
S1900710,P050,223,1600,116,10
S1900710,P050,236,1600,6,10
S1900710,P050,222,1600,70,10
S1900710,P050,259,1600,149,10
S1900710,P056,248,1600,182268,10
S1900710,P056,223,1600,37,10
S1900710,P056,236,1600,4,10
S1900710,P056,222,1600,24,10
S1900710,P056,259,1600,127,10
S1900710,P060,248,1600,185040,10
S1900710,P060,223,1600,23,10
S1900710,P060,236,1600,5,10
S1900710,P060,222,1600,26,10
S1900710,P060,259,1600,123,10
S1900710,P070,248,1600,173952,10
S1900710,P070,223,1600,22,10
S1900710,P070,236,1600,8,10
S1900710,P070,222,1600,16,10
S1900710,P070,259,1600,86,10
S2201109,P711,923,1545,22,10
S2201109,P711,936,1545,6,10
S2201109,P711,922,1545,3,10
S2201109,P731,923,1545,52,10
S2201109,P731,936,1545,7,10
S2201109,P731,922,1545,13,10
S2201109,P741,923,1545,54,10
S2201109,P741,936,1545,5,10
S2201109,P741,922,1545,23,10
S2201109,P751,923,1545,52,10
S2201109,P751,936,1545,6,10
S2201109,P751,922,1545,12,10
S2300429,P701,922,1545,0,00
S2300429,P701,923,1545,0,00
S2300429,P701,936,1545,0,00
S2300429,PF01,922,1545,22,10
S2300429,PF01,923,1545,29,10
S2300429,PF01,936,1545,5,10
S2201109,P711,911,1554,15,10
S2201109,P731,911,1554,18,10
S2201109,P741,911,1554,14,10
S2201109,P751,911,1554,14,10
S2300429,P701,911,1554,0,00
S2300429,PF01,911,1554,8,10
S1900685,P002,911,1554,12,10
S1900685,P421,911,1554,12,10
S1900685,P421,922,1545,11,10
S1900685,P421,923,1545,68,10
S1900685,P421,936,1545,6,10
S1900685,P421,222,1500,12,10
S1900685,P421,223,1500,74,10
S1900685,P421,236,1500,6,10
S1900685,P421,248,1500,306537,10
S1900685,P421,259,1500,53,10
S1900685,P411,911,1554,4,10
S1900685,P411,222,1500,17,10
S1900685,P411,922,1545,18,10
S1900685,P411,223,1500,68,10
S1900685,P411,923,1545,67,10
S1900685,P411,236,1500,12,10
S1900685,P411,936,1545,12,10
S1900685,P411,248,1500,20339,10
S1900685,P411,259,1500,134,10
S2202553,P001,911,1554,1,10
S2202553,P002,911,1554,1,10
S2202553,P003,911,1554,1,10
S2202553,P001,922,1545,16,10
S2202553,P002,922,1545,29,10
S2202553,P003,922,1545,10,10
S2202553,P001,923,1545,82,10
S2202553,P002,923,1545,64,10
S2202553,P003,923,1545,78,10
S2202553,P001,924,1545,11,10
S2202553,P002,924,1545,59,10
S2202553,P003,924,1545,9,10
S2202553,P001,926,1545,33,11
S2202553,P002,926,1545,27,10
S2202553,P003,926,1545,21,10
S2202553,P001,936,1545,11,10
S2202553,P002,936,1545,10,10
S2202553,P003,936,1545,8,10
S2202553,P001,222,1500,12,10
S2202553,P002,222,1500,20,10
S2202553,P003,222,1500,10,10
S2202553,P001,223,1500,84,10
S2202553,P002,223,1500,75,10
S2202553,P003,223,1500,82,10
S2202553,P001,224,1500,6,10
S2202553,P002,224,1500,16,10
S2202553,P003,224,1500,6,10
S2202553,P001,226,1500,25,10
S2202553,P002,226,1500,23,10
S2202553,P003,226,1500,22,10
S2202553,P001,236,1500,11,10
S2202553,P002,236,1500,10,10
S2202553,P003,236,1500,9,10
S2202553,P001,248,1500,105607,10
S2202553,P002,248,1500,110285,10
S2202553,P003,248,1500,112197,10
S2202553,P001,259,1500,142,10
S2202553,P002,259,1500,136,10
S2202553,P003,259,1500,149,10
E4900744,P001,911,1600,0,00
E4900744,P002,911,1600,0,00
E4900744,P023,911,1600,0,00
E4900333,P001,911,1554,9,10
E4900333,P002,911,1554,0,00
E4900333,P003,911,1554,0,32
E4900333,P103,911,1554,0,32
E4900333,P021,911,1554,6,10
E4900333,P105,911,1554,9,10
E4900333,P001,922,1545,1,10
E4900333,P002,922,1545,0,00
E4900333,P003,922,1545,0,32
E4900333,P103,922,1545,0,32
E4900333,P021,922,1545,0,10
E4900333,P105,922,1545,58,10
E4900333,P001,923,1545,85,10
E4900333,P002,923,1545,0,00
E4900333,P003,923,1545,0,32
E4900333,P103,923,1545,0,32
E4900333,P021,923,1545,34,10
E4900333,P105,923,1545,78,10
E4900333,P001,936,1545,13,10
E4900333,P002,936,1545,0,00
E4900333,P003,936,1545,0,32
E4900333,P103,936,1545,0,32
E4900333,P021,936,1545,7,10
E4900333,P105,936,1545,10,10
E4900333,P001,259,1500,89,10
E4900333,P002,259,1500,0,00
E4900333,P003,259,1500,0,32
E4900333,P103,259,1500,0,32
E4900333,P021,259,1500,126,10
E4900333,P105,259,1500,167,10
E4900333,P001,222,1500,1,10
E4900333,P002,222,1500,0,00
E4900333,P003,222,1500,0,32
E4900333,P103,222,1500,0,32
E4900333,P021,222,1500,0,10
E4900333,P105,222,1500,58,10
E4900333,P001,223,1500,81,10
E4900333,P002,223,1500,0,00
E4900333,P003,223,1500,0,32
E4900333,P103,223,1500,0,32
E4900333,P021,223,1500,35,10
E4900333,P105,223,1500,77,10
E4900333,P001,236,1500,13,10
E4900333,P002,236,1500,0,00
E4900333,P003,236,1500,0,32
E4900333,P103,236,1500,0,32
E4900333,P021,236,1500,7,10
E4900333,P105,236,1500,10,10
E4900333,P001,248,1500,37624,10
E4900333,P002,248,1500,0,00
E4900333,P003,248,1500,0,32
E4900333,P103,248,1500,0,32
E4900333,P021,248,1500,100193,10
E4900333,P105,248,1500,153242,10
S2300438,P001,911,1600,5,10
E5601197,P002,911,1600,3,10
E5601197,P003,911,1600,3,10
E5600841,P001,248,1500,175099,10
E5600841,P001,923,1545,20,10
E5600841,P001,223,1500,25,10
E5600841,P001,936,1545,4,10
E5600841,P001,236,1500,5,10
E5600841,P001,911,1554,5,10
E5600841,P001,922,1545,26,10
E5600841,P001,222,1500,30,10
E5600841,P001,259,1500,162,10
E5600841,P002,248,1500,209934,10
E5600841,P002,923,1545,34,10
E5600841,P002,223,1500,40,10
E5600841,P002,936,1545,4,10
E5600841,P002,236,1500,4,10
E5600841,P002,911,1554,5,10
E5600841,P002,922,1545,20,10
E5600841,P002,222,1500,22,10
E5600841,P002,259,1500,161,10
E5600841,P003,248,1500,0,31
E5600841,P003,923,1545,21,10
E5600841,P003,223,1500,26,10
E5600841,P003,936,1545,5,10
E5600841,P003,236,1500,5,10
E5600841,P003,911,1554,9,10
E5600841,P003,922,1545,24,10
E5600841,P003,222,1500,27,10
E5600841,P003,259,1500,160,10
E5600841,P004,248,1500,186288,10
E5600841,P004,923,1545,20,10
E5600841,P004,223,1500,20,10
E5600841,P004,936,1545,4,10
E5600841,P004,236,1500,4,10
E5600841,P004,911,1554,6,10
E5600841,P004,922,1545,19,10
E5600841,P004,222,1500,21,10
E5600841,P004,259,1500,187,10
E5600841,P005,248,1500,193098,10
E5600841,P005,923,1545,15,10
E5600841,P005,223,1500,15,10
E5600841,P005,936,1545,4,10
E5600841,P005,236,1500,4,10
E5600841,P005,911,1554,9,10
E5600841,P005,922,1545,18,10
E5600841,P005,222,1500,21,10
E5600841,P005,259,1500,196,10
E5600841,P006,248,1500,230204,10
E5600841,P006,923,1545,54,10
E5600841,P006,223,1500,56,10
E5600841,P006,936,1545,5,10
E5600841,P006,236,1500,6,10
E5600841,P006,911,1554,12,10
E5600841,P006,922,1545,73,10
E5600841,P006,222,1500,71,10
E5600841,P006,259,1500,127,10
E5600841,P007,248,1500,237606,10
E5600841,P007,923,1545,39,10
E5600841,P007,223,1500,39,10
E5600841,P007,936,1545,7,10
E5600841,P007,236,1500,7,10
E5600841,P007,911,1554,13,10
E5600841,P007,922,1545,69,10
E5600841,P007,222,1500,66,10
E5600841,P007,259,1500,138,10
E5600841,P008,248,1500,180608,10
E5600841,P008,923,1545,41,10
E5600841,P008,223,1500,46,10
E5600841,P008,936,1545,9,10
E5600841,P008,236,1500,9,10
E5600841,P008,911,1554,6,10
E5600841,P008,922,1545,8,10
E5600841,P008,222,1500,8,10
E5600841,P008,259,1500,51,10
E5600841,P009,248,1500,270885,10
E5600841,P009,923,1545,10,10
E5600841,P009,223,1500,10,10
E5600841,P009,936,1545,6,10
E5600841,P009,236,1500,6,10
E5600841,P009,911,1554,10,10
E5600841,P009,922,1545,23,10
E5600841,P009,222,1500,24,10
E5600841,P009,259,1500,121,10
E5600841,P010,248,1500,336913,10
E5600841,P010,923,1545,10,10
E5600841,P010,223,1500,10,10
E5600841,P010,936,1545,6,10
E5600841,P010,236,1500,6,10
E5600841,P010,911,1554,7,10
E5600841,P010,922,1545,19,10
E5600841,P010,222,1500,19,10
E5600841,P010,259,1500,107,10
E5600841,PC23,248,1500,31840,10
E5600841,PC23,923,1545,73,10
E5600841,PC23,223,1500,68,10
E5600841,PC23,936,1545,8,10
E5600841,PC23,236,1500,8,10
E5600841,PC23,911,1554,9,10
E5600841,PC23,922,1545,32,10
E5600841,PC23,222,1500,31,10
E5600841,PC23,259,1500,157,10
E5600841,PC83,248,1500,211492,10
E5600841,PC83,923,1545,49,10
E5600841,PC83,223,1500,48,10
E5600841,PC83,936,1545,6,10
E5600841,PC83,236,1500,6,10
E5600841,PC83,911,1554,15,10
E5600841,PC83,922,1545,25,10
E5600841,PC83,222,1500,25,10
E5600841,PC83,259,1500,170,10
E5600841,PPB1,248,1500,191559,10
E5600841,PPB1,923,1545,8,10
E5600841,PPB1,223,1500,8,10
E5600841,PPB1,936,1545,9,10
E5600841,PPB1,236,1500,8,10
E5600841,PPB1,911,1554,8,10
E5600841,PPB1,922,1545,25,10
E5600841,PPB1,222,1500,25,10
E5600841,PPB1,259,1500,135,10
E5600841,PPC1,248,1500,557000,10
E5600841,PPC1,923,1545,12,10
E5600841,PPC1,223,1500,12,10
E5600841,PPC1,936,1545,3,10
E5600841,PPC1,236,1500,3,10
E5600841,PPC1,911,1554,5,10
E5600841,PPC1,922,1545,18,10
E5600841,PPC1,222,1500,21,10
E5600841,PPC1,259,1500,126,10
E5600841,PR54,248,1500,50632,10
E5600841,PR54,923,1545,63,10
E5600841,PR54,223,1500,67,10
E5600841,PR54,936,1545,3,10
E5600841,PR54,236,1500,5,10
E5600841,PR54,911,1554,3,10
E5600841,PR54,922,1545,48,10
E5600841,PR54,222,1500,38,10
E5600841,PR54,259,1500,218,10
E5600841,PR61,248,1500,180957,10
E5600841,PR61,923,1545,80,10
E5600841,PR61,223,1500,78,10
E5600841,PR61,936,1545,3,10
E5600841,PR61,236,1500,3,10
E5600841,PR61,911,1554,7,10
E5600841,PR61,922,1545,41,10
E5600841,PR61,222,1500,44,10
E5600841,PR61,259,1500,345,10
E5600841,PR62,248,1500,120795,10
E5600841,PR62,923,1545,37,10
E5600841,PR62,223,1500,37,10
E5600841,PR62,936,1545,3,10
E5600841,PR62,236,1500,3,10
E5600841,PR62,911,1554,4,10
E5600841,PR62,922,1545,21,10
E5600841,PR62,222,1500,22,10
E5600841,PR62,259,1500,337,10
E5600841,PS11,248,1500,835821,10
E5600841,PS11,923,1545,36,10
E5600841,PS11,223,1500,35,10
E5600841,PS11,936,1545,11,10
E5600841,PS11,236,1500,11,10
E5600841,PS11,911,1554,11,10
E5600841,PS11,922,1545,64,10
E5600841,PS11,222,1500,63,10
E5600841,PS11,259,1500,172,10
E5600841,PS12,911,1554,7,10
E5600841,PS31,248,1500,742301,10
E5600841,PS31,923,1545,122,10
E5600841,PS31,223,1500,131,10
E5600841,PS31,936,1545,12,10
E5600841,PS31,236,1500,12,10
E5600841,PS31,911,1554,7,10
E5600841,PS31,922,1545,84,10
E5600841,PS31,222,1500,91,10
E5600841,PS31,259,1500,125,10
E5600841,PS32,911,1554,4,10
E5600841,PS51,248,1500,915716,10
E5600841,PS51,923,1545,39,10
E5600841,PS51,223,1500,39,10
E5600841,PS51,936,1545,11,10
E5600841,PS51,236,1500,11,10
E5600841,PS51,911,1554,12,10
E5600841,PS51,922,1545,17,10
E5600841,PS51,222,1500,17,10
E5600841,PS51,259,1500,136,10
E5600841,PS52,911,1554,9,10
E5600841,PS71,248,1500,0,00
E5600841,PS71,923,1545,0,00
E5600841,PS71,223,1500,0,00
E5600841,PS71,936,1545,0,00
E5600841,PS71,236,1500,0,00
E5600841,PS71,911,1554,0,00
E5600841,PS71,922,1545,0,00
E5600841,PS71,222,1500,0,00
E5600841,PS71,259,1500,0,00
E5600841,PS72,911,1554,0,00
E5600896,P004,911,1548,0,00
E5600896,P005,911,1548,0,00
E5600896,P007,911,1548,5,10
E5600896,P008,911,1548,7,10
E5600332,P001,911,1600,0,00
E5600332,P002,911,1600,0,00
E5600332,P003,911,1600,0,00
E5600850,PC01,911,1600,0,00
E5600789,P001,911,1600,0,00
E5600869,P001,911,1600,4,10
S2202553,P001,911,1600,1,10
S2202553,P002,911,1600,1,10
S2202553,P003,911,1600,1,10
S2100223,P015,911,1606,0,10
E5400878,P010,911,1548,1,10
S1901066,P004,911,1600,5,10
E5600056,P004,911,1606,0,00
E5600056,P006,911,1606,3,10
E5600056,P007,911,1606,0,00
E5600056,P008,911,1606,5,10
E5600056,P009,911,1606,2,10
E5600056,P016,911,1606,4,10
E5600056,P017,911,1606,2,10
E5600056,P018,911,1606,3,10
E5600056,P021,911,1606,2,10
E5600056,P022,911,1606,3,10
E5600056,P023,911,1606,1,10
E5600056,P024,911,1606,3,10
E5002890,P001,911,1600,5,10
E5002890,P002,911,1600,6,10
E5002890,P003,911,1600,0,00
S1900710,P015,911,1606,0,00
S1900710,P050,911,1606,5,10
S1900710,P056,911,1606,4,10
S1900710,P060,911,1606,2,10
S1900710,P070,911,1606,6,10
S1900685,P002,911,1600,12,10
S1900685,P421,911,1600,12,10
S1900685,P411,911,1600,4,10
E5600841,P001,911,1600,5,10
E5600841,P002,911,1600,5,10
E5600841,P003,911,1600,9,10
E5600841,P004,911,1600,6,10
E5600841,P005,911,1600,9,10
E5600841,P006,911,1600,12,10
E5600841,P007,911,1600,13,10
E5600841,P008,911,1600,7,10
E5600841,P009,911,1600,10,10
E5600841,P010,911,1600,7,10
E5600841,PC23,911,1600,9,10
E5600841,PC83,911,1600,14,10
E5600841,PPB1,911,1600,8,10
E5600841,PPC1,911,1600,5,10
E5600841,PR54,911,1600,3,10
E5600841,PR61,911,1600,7,10
E5600841,PR62,911,1600,4,10
E5600841,PS11,911,1600,10,10
E5600841,PS12,911,1600,7,10
E5600841,PS31,911,1600,7,10
E5600841,PS32,911,1600,4,10
E5600841,PS51,911,1600,12,10
E5600841,PS52,911,1600,9,10
E5600841,PS71,911,1600,0,00
E5600841,PS72,911,1600,0,00
E4900744,P001,911,1606,0,00
E4900744,P002,911,1606,0,00
E4900744,P023,911,1606,0,00
S2100223,P015,922,1600,0,10
S2100223,P015,923,1600,0,10
S2100223,P015,924,1600,0,10
S2100223,P015,936,1600,0,10
S1602755,P101,911,0618,5,10
S1602755,P201,911,0618,5,10
S1602755,P301,911,0618,5,10
S1602755,P101,911,0624,5,10
S1602755,P201,911,0624,5,10
S1602755,P301,911,0624,5,10
S1602755,P101,922,0615,2,10
S1602755,P201,922,0615,2,10
S1602755,P301,922,0615,2,10
S1602755,P101,923,0615,74,10
S1602755,P201,923,0615,72,10
S1602755,P301,923,0615,60,10
S1602755,P101,924,0615,4,10
S1602755,P201,924,0615,14,10
S1602755,P301,924,0615,2,10
S1602755,P101,926,0615,6,10
S1602755,P201,926,0615,6,10
S1602755,P301,926,0615,11,10
S1602755,P101,936,0615,10,10
S1602755,P201,936,0615,9,10
S1602755,P301,936,0615,9,10
S1602755,P101,911,0630,5,10
S1602755,P201,911,0630,5,10
S1602755,P301,911,0630,5,10
S1602755,P101,911,0636,5,10
S1602755,P201,911,0636,5,10
S1602755,P301,911,0636,5,10
S1602755,P101,922,0630,1,10
S1602755,P201,922,0630,2,10
S1602755,P301,922,0630,2,10
S1602755,P101,923,0630,56,10
S1602755,P201,923,0630,71,10
S1602755,P301,923,0630,58,10
S1602755,P101,924,0630,10,10
S1602755,P201,924,0630,14,10
S1602755,P301,924,0630,9,10
S1602755,P101,926,0630,4,10
S1602755,P201,926,0630,6,10
S1602755,P301,926,0630,10,10
S1602755,P101,936,0630,8,10
S1602755,P201,936,0630,8,10
S1602755,P301,936,0630,9,10
S1602755,P101,911,0642,5,10
S1602755,P201,911,0642,5,10
S1602755,P301,911,0642,5,10
S1602755,P101,911,0648,5,10
S1602755,P201,911,0648,5,10
S1602755,P301,911,0648,5,10
S1602755,P101,911,0654,5,10
S1602755,P201,911,0654,5,10
S1602755,P301,911,0654,5,10
S1602755,P101,922,0645,2,10
S1602755,P201,922,0645,2,10
S1602755,P301,922,0645,2,10
S1602755,P101,923,0645,61,10
S1602755,P201,923,0645,68,10
S1602755,P301,923,0645,60,10
S1602755,P101,924,0645,6,10
S1602755,P201,924,0645,5,10
S1602755,P301,924,0645,7,10
S1602755,P101,926,0645,4,10
S1602755,P201,926,0645,7,10
S1602755,P301,926,0645,10,10
S1602755,P101,936,0645,9,10
S1602755,P201,936,0645,9,10
S1602755,P301,936,0645,9,10
S1602755,P101,222,0600,2,10
S1602755,P201,222,0600,2,10
S1602755,P301,222,0600,2,10
S1602755,P101,223,0600,68,10
S1602755,P201,223,0600,69,10
S1602755,P301,223,0600,59,10
S1602755,P101,224,0600,7,10
S1602755,P201,224,0600,12,10
S1602755,P301,224,0600,5,10
S1602755,P101,226,0600,5,10
S1602755,P201,226,0600,6,10
S1602755,P301,226,0600,10,10
S1602755,P101,236,0600,9,10
S1602755,P201,236,0600,9,10
S1602755,P301,236,0600,9,10
S1602755,P101,248,0600,100548,10
S1602755,P201,248,0600,83824,10
S1602755,P301,248,0600,96267,10
S1602755,P101,259,0600,137,10
S1602755,P201,259,0600,131,10
S1602755,P301,259,0600,137,10
S1602755,P101,911,0700,5,10
S1602755,P201,911,0700,5,10
S1602755,P301,911,0700,5,10
S1602755,P101,911,0706,5,10
S1602755,P201,911,0706,5,10
S1602755,P301,911,0706,5,10
S1602755,P101,922,0700,2,10
S1602755,P201,922,0700,2,10
S1602755,P301,922,0700,2,10
S1602755,P101,923,0700,91,10
S1602755,P201,923,0700,81,10
S1602755,P301,923,0700,56,10
S1602755,P101,924,0700,2,10
S1602755,P201,924,0700,2,10
S1602755,P301,924,0700,14,10
S1602755,P101,926,0700,5,10
S1602755,P201,926,0700,7,10
S1602755,P301,926,0700,9,10
S1602755,P101,936,0700,10,10
S1602755,P201,936,0700,10,10
S1602755,P301,936,0700,9,10
S1602755,P101,911,0712,5,10
S1602755,P201,911,0712,5,10
S1602755,P301,911,0712,5,10
S1602755,P101,911,0718,5,10
S1602755,P201,911,0718,5,10
S1602755,P301,911,0718,5,10
S1602755,P101,911,0724,5,10
S1602755,P201,911,0724,5,10
S1602755,P301,911,0724,5,10
S1602755,P101,922,0715,2,10
S1602755,P201,922,0715,2,10
S1602755,P301,922,0715,2,10
S1602755,P101,923,0715,82,10
S1602755,P201,923,0715,81,10
S1602755,P301,923,0715,59,10
S1602755,P101,924,0715,2,10
S1602755,P201,924,0715,3,10
S1602755,P301,924,0715,2,10
S1602755,P101,926,0715,4,10
S1602755,P201,926,0715,6,10
S1602755,P301,926,0715,9,10
S1602755,P101,936,0715,9,10
S1602755,P201,936,0715,9,10
S1602755,P301,936,0715,9,10
S1602755,P101,911,0730,5,10
S1602755,P201,911,0730,5,10
S1602755,P301,911,0730,5,10
S1602755,P101,911,0736,5,10
S1602755,P201,911,0736,5,10
S1602755,P301,911,0736,6,10
S1602755,P101,922,0730,2,10
S1602755,P201,922,0730,1,10
S1602755,P301,922,0730,2,10
S1602755,P101,923,0730,47,10
S1602755,P201,923,0730,66,10
S1602755,P301,923,0730,61,10
S1602755,P101,924,0730,4,10
S1602755,P201,924,0730,8,10
S1602755,P301,924,0730,2,10
S1602755,P101,926,0730,4,10
S1602755,P201,926,0730,7,10
S1602755,P301,926,0730,9,10
S1602755,P101,936,0730,11,10
S1602755,P201,936,0730,8,10
S1602755,P301,936,0730,9,10
S1602755,P101,911,0742,5,10
S1602755,P201,911,0742,5,10
S1602755,P301,911,0742,5,10
S1602755,P101,911,0748,5,10
S1602755,P201,911,0748,5,10
S1602755,P301,911,0748,5,10
S1602755,P101,911,0754,5,10
S1602755,P201,911,0754,5,10
S1602755,P301,911,0754,6,10
S1602755,P101,922,0745,2,10
S1602755,P201,922,0745,1,10
S1602755,P301,922,0745,2,10
S1602755,P101,923,0745,74,10
S1602755,P201,923,0745,69,10
S1602755,P301,923,0745,54,10
S1602755,P101,924,0745,6,10
S1602755,P201,924,0745,6,10
S1602755,P301,924,0745,4,10
S1602755,P101,926,0745,3,10
S1602755,P201,926,0745,8,10
S1602755,P301,926,0745,7,10
S1602755,P101,936,0745,9,10
S1602755,P201,936,0745,8,10
S1602755,P301,936,0745,9,10
S1602755,P101,222,0700,2,10
S1602755,P201,222,0700,2,10
S1602755,P301,222,0700,2,10
S1602755,P101,223,0700,73,10
S1602755,P201,223,0700,74,10
S1602755,P301,223,0700,58,10
S1602755,P101,224,0700,4,10
S1602755,P201,224,0700,5,10
S1602755,P301,224,0700,6,10
S1602755,P101,226,0700,4,10
S1602755,P201,226,0700,7,10
S1602755,P301,226,0700,9,10
S1602755,P101,236,0700,10,10
S1602755,P201,236,0700,9,10
S1602755,P301,236,0700,9,10
S1602755,P101,248,0700,95384,10
S1602755,P201,248,0700,85228,10
S1602755,P301,248,0700,96366,10
S1602755,P101,259,0700,137,10
S1602755,P201,259,0700,131,10
S1602755,P301,259,0700,137,10
S1602755,P101,911,0800,5,10
S1602755,P201,911,0800,5,10
S1602755,P301,911,0800,5,10
S1602755,P101,911,0806,5,10
S1602755,P201,911,0806,5,10
S1602755,P301,911,0806,5,10
S1602755,P101,922,0800,2,10
S1602755,P201,922,0800,1,10
S1602755,P301,922,0800,2,10
S1602755,P101,923,0800,92,10
S1602755,P201,923,0800,66,10
S1602755,P301,923,0800,65,10
S1602755,P101,924,0800,4,10
S1602755,P201,924,0800,16,10
S1602755,P301,924,0800,2,10
S1602755,P101,926,0800,3,10
S1602755,P201,926,0800,9,10
S1602755,P301,926,0800,9,10
S1602755,P101,936,0800,9,10
S1602755,P201,936,0800,8,10
S1602755,P301,936,0800,9,10
S1602755,P101,911,0812,5,10
S1602755,P201,911,0812,5,10
S1602755,P301,911,0812,6,10
S1602755,P101,911,0818,5,10
S1602755,P201,911,0818,5,10
S1602755,P301,911,0818,6,10
S1602755,P101,911,0824,5,10
S1602755,P201,911,0824,5,10
S1602755,P301,911,0824,6,10
S1602755,P101,922,0815,2,10
S1602755,P201,922,0815,2,10
S1602755,P301,922,0815,2,10
S1602755,P101,923,0815,57,10
S1602755,P201,923,0815,73,10
S1602755,P301,923,0815,64,10
S1602755,P101,924,0815,3,10
S1602755,P201,924,0815,4,10
S1602755,P301,924,0815,2,10
S1602755,P101,926,0815,3,10
S1602755,P201,926,0815,9,10
S1602755,P301,926,0815,8,10
S1602755,P101,936,0815,10,10
S1602755,P201,936,0815,9,10
S1602755,P301,936,0815,9,10
S1602755,P101,911,0830,5,10
S1602755,P201,911,0830,5,10
S1602755,P301,911,0830,6,10
S1602755,P101,911,0836,5,10
S1602755,P201,911,0836,5,10
S1602755,P301,911,0836,6,10
S1602755,P101,922,0830,2,10
S1602755,P201,922,0830,2,10
S1602755,P301,922,0830,2,10
S1602755,P101,923,0830,57,10
S1602755,P201,923,0830,74,10
S1602755,P301,923,0830,68,10
S1602755,P101,924,0830,7,10
S1602755,P201,924,0830,4,10
S1602755,P301,924,0830,4,10
S1602755,P101,926,0830,2,10
S1602755,P201,926,0830,8,10
S1602755,P301,926,0830,8,10
S1602755,P101,936,0830,9,10
S1602755,P201,936,0830,9,10
S1602755,P301,936,0830,9,10
S1602755,P101,911,0842,5,10
S1602755,P201,911,0842,5,10
S1602755,P301,911,0842,6,10
S1602755,P101,911,0848,5,10
S1602755,P201,911,0848,5,10
S1602755,P301,911,0848,6,10
S1602755,P101,911,0854,5,10
S1602755,P201,911,0854,5,10
S1602755,P301,911,0854,6,10
S1602755,P101,922,0845,2,10
S1602755,P201,922,0845,1,10
S1602755,P301,922,0845,2,10
S1602755,P101,923,0845,90,10
S1602755,P201,923,0845,68,10
S1602755,P301,923,0845,73,10
S1602755,P101,924,0845,9,10
S1602755,P201,924,0845,19,10
S1602755,P301,924,0845,2,10
S1602755,P101,926,0845,2,10
S1602755,P201,926,0845,8,10
S1602755,P301,926,0845,8,10
S1602755,P101,936,0845,9,10
S1602755,P201,936,0845,8,10
S1602755,P301,936,0845,10,10
S1602755,P101,222,0800,2,10
S1602755,P201,222,0800,1,10
S1602755,P301,222,0800,2,10
S1602755,P101,223,0800,74,10
S1602755,P201,223,0800,70,10
S1602755,P301,223,0800,67,10
S1602755,P101,224,0800,6,10
S1602755,P201,224,0800,11,10
S1602755,P301,224,0800,2,10
S1602755,P101,226,0800,3,10
S1602755,P201,226,0800,8,10
S1602755,P301,226,0800,8,10
S1602755,P101,236,0800,9,10
S1602755,P201,236,0800,8,10
S1602755,P301,236,0800,9,10
S1602755,P101,248,0800,98490,10
S1602755,P201,248,0800,87928,10
S1602755,P301,248,0800,95926,10
S1602755,P101,259,0800,137,10
S1602755,P201,259,0800,132,10
S1602755,P301,259,0800,137,10
S1602755,P101,911,0900,5,10
S1602755,P201,911,0900,5,10
S1602755,P301,911,0900,6,10
S1602755,P101,911,0906,5,10
S1602755,P201,911,0906,5,10
S1602755,P301,911,0906,6,10
S1602755,P101,922,0900,2,10
S1602755,P201,922,0900,1,10
S1602755,P301,922,0900,2,10
S1602755,P101,923,0900,85,10
S1602755,P201,923,0900,68,10
S1602755,P301,923,0900,68,10
S1602755,P101,924,0900,3,10
S1602755,P201,924,0900,18,10
S1602755,P301,924,0900,2,10
S1602755,P101,926,0900,3,10
S1602755,P201,926,0900,7,10
S1602755,P301,926,0900,6,10
S1602755,P101,936,0900,9,10
S1602755,P201,936,0900,8,10
S1602755,P301,936,0900,9,10
S1602755,P101,911,0912,5,10
S1602755,P201,911,0912,5,10
S1602755,P301,911,0912,6,10
S1602755,P101,911,0918,5,10
S1602755,P201,911,0918,5,10
S1602755,P301,911,0918,6,10
S1602755,P101,911,0924,5,10
S1602755,P201,911,0924,5,10
S1602755,P301,911,0924,6,10
S1602755,P101,922,0915,1,10
S1602755,P201,922,0915,1,10
S1602755,P301,922,0915,1,10
S1602755,P101,923,0915,52,10
S1602755,P201,923,0915,71,10
S1602755,P301,923,0915,69,10
S1602755,P101,924,0915,23,10
S1602755,P201,924,0915,18,10
S1602755,P301,924,0915,14,10
S1602755,P101,926,0915,2,10
S1602755,P201,926,0915,8,10
S1602755,P301,926,0915,6,10
S1602755,P101,936,0915,8,10
S1602755,P201,936,0915,8,10
S1602755,P301,936,0915,8,10
S1602755,P101,911,0930,5,10
S1602755,P201,911,0930,5,10
S1602755,P301,911,0930,6,10
S1602755,P101,911,0936,5,10
S1602755,P201,911,0936,5,10
S1602755,P301,911,0936,6,10
S1602755,P101,922,0930,2,10
S1602755,P201,922,0930,4,10
S1602755,P301,922,0930,2,10
S1602755,P101,923,0930,84,10
S1602755,P201,923,0930,48,10
S1602755,P301,923,0930,51,10
S1602755,P101,924,0930,6,10
S1602755,P201,924,0930,55,10
S1602755,P301,924,0930,88,11
S1602755,P101,926,0930,3,10
S1602755,P201,926,0930,10,10
S1602755,P301,926,0930,6,10
S1602755,P101,936,0930,9,10
S1602755,P201,936,0930,6,10
S1602755,P301,936,0930,8,10
S1602755,P101,911,0942,5,10
S1602755,P201,911,0942,5,10
S1602755,P301,911,0942,6,10
S1602755,P101,911,0948,5,10
S1602755,P201,911,0948,5,10
S1602755,P301,911,0948,6,10
S1602755,P101,911,0954,5,10
S1602755,P201,911,0954,5,10
S1602755,P301,911,0954,5,10
S1602755,P101,922,0945,2,10
S1602755,P201,922,0945,2,10
S1602755,P301,922,0945,3,10
S1602755,P101,923,0945,95,10
S1602755,P201,923,0945,62,10
S1602755,P301,923,0945,53,10
S1602755,P101,924,0945,5,10
S1602755,P201,924,0945,28,10
S1602755,P301,924,0945,44,10
S1602755,P101,926,0945,3,10
S1602755,P201,926,0945,13,10
S1602755,P301,926,0945,7,10
S1602755,P101,936,0945,9,10
S1602755,P201,936,0945,8,10
S1602755,P301,936,0945,8,10
S1602755,P101,222,0900,2,10
S1602755,P201,222,0900,2,10
S1602755,P301,222,0900,2,10
S1602755,P101,223,0900,79,10
S1602755,P201,223,0900,62,10
S1602755,P301,223,0900,60,10
S1602755,P101,224,0900,9,10
S1602755,P201,224,0900,30,10
S1602755,P301,224,0900,37,10
S1602755,P101,226,0900,3,10
S1602755,P201,226,0900,10,10
S1602755,P301,226,0900,6,10
S1602755,P101,236,0900,9,10
S1602755,P201,236,0900,8,10
S1602755,P301,236,0900,8,10
S1602755,P101,248,0900,101369,10
S1602755,P201,248,0900,92306,10
S1602755,P301,248,0900,104662,10
S1602755,P101,259,0900,138,10
S1602755,P201,259,0900,133,10
S1602755,P301,259,0900,137,10
S1602755,P101,911,1000,5,10
S1602755,P201,911,1000,5,10
S1602755,P301,911,1000,6,10
S1602755,P101,911,1006,5,10
S1602755,P201,911,1006,5,10
S1602755,P301,911,1006,6,10
S1602755,P101,922,1000,1,10
S1602755,P201,922,1000,1,10
S1602755,P301,922,1000,3,10
S1602755,P101,923,1000,54,10
S1602755,P201,923,1000,65,10
S1602755,P301,923,1000,42,10
S1602755,P101,924,1000,30,10
S1602755,P201,924,1000,18,10
S1602755,P301,924,1000,73,11
S1602755,P101,926,1000,2,10
S1602755,P201,926,1000,11,10
S1602755,P301,926,1000,7,10
S1602755,P101,936,1000,8,10
S1602755,P201,936,1000,8,10
S1602755,P301,936,1000,7,10
S1602755,P101,911,1012,5,10
S1602755,P201,911,1012,5,10
S1602755,P301,911,1012,6,10
S1602755,P101,911,1018,5,10
S1602755,P201,911,1018,5,10
S1602755,P301,911,1018,6,10
S1602755,P101,911,1024,5,10
S1602755,P201,911,1024,5,10
S1602755,P301,911,1024,6,10
S1602755,P101,922,1015,1,10
S1602755,P201,922,1015,2,10
S1602755,P301,922,1015,3,10
S1602755,P101,923,1015,68,10
S1602755,P201,923,1015,67,10
S1602755,P301,923,1015,54,10
S1602755,P101,924,1015,45,10
S1602755,P201,924,1015,10,10
S1602755,P301,924,1015,14,10
S1602755,P101,926,1015,2,10
S1602755,P201,926,1015,8,10
S1602755,P301,926,1015,9,10
S1602755,P101,936,1015,8,10
S1602755,P201,936,1015,9,10
S1602755,P301,936,1015,8,10
S1602755,P101,911,1030,5,10
S1602755,P201,911,1030,5,10
S1602755,P301,911,1030,6,10
S1602755,P101,911,1036,5,10
S1602755,P201,911,1036,5,10
S1602755,P301,911,1036,6,10
S1602755,P101,922,1030,1,10
S1602755,P201,922,1030,2,10
S1602755,P301,922,1030,2,10
S1602755,P101,923,1030,89,10
S1602755,P201,923,1030,68,10
S1602755,P301,923,1030,71,10
S1602755,P101,924,1030,19,10
S1602755,P201,924,1030,13,10
S1602755,P301,924,1030,5,10
S1602755,P101,926,1030,3,10
S1602755,P201,926,1030,8,10
S1602755,P301,926,1030,11,10
S1602755,P101,936,1030,8,10
S1602755,P201,936,1030,9,10
S1602755,P301,936,1030,9,10
S1602755,P101,911,1042,5,10
S1602755,P201,911,1042,5,10
S1602755,P301,911,1042,6,10
S1602755,P101,911,1048,5,10
S1602755,P201,911,1048,5,10
S1602755,P301,911,1048,6,10
S1602755,P101,911,1054,5,10
S1602755,P201,911,1054,5,10
S1602755,P301,911,1054,6,10
S1602755,P101,922,1045,2,10
S1602755,P201,922,1045,2,10
S1602755,P301,922,1045,3,10
S1602755,P101,923,1045,77,10
S1602755,P201,923,1045,65,10
S1602755,P301,923,1045,70,10
S1602755,P101,924,1045,4,10
S1602755,P201,924,1045,75,11
S1602755,P301,924,1045,10,10
S1602755,P101,926,1045,4,10
S1602755,P201,926,1045,7,10
S1602755,P301,926,1045,13,10
S1602755,P101,936,1045,10,10
S1602755,P201,936,1045,9,10
S1602755,P301,936,1045,9,10
S1602755,P101,222,1000,2,10
S1602755,P201,222,1000,2,10
S1602755,P301,222,1000,3,10
S1602755,P101,223,1000,72,10
S1602755,P201,223,1000,66,10
S1602755,P301,223,1000,59,10
S1602755,P101,224,1000,24,10
S1602755,P201,224,1000,29,10
S1602755,P301,224,1000,25,10
S1602755,P101,226,1000,3,10
S1602755,P201,226,1000,8,10
S1602755,P301,226,1000,10,10
S1602755,P101,236,1000,9,10
S1602755,P201,236,1000,9,10
S1602755,P301,236,1000,8,10
S1602755,P101,248,1000,102251,10
S1602755,P201,248,1000,87677,10
S1602755,P301,248,1000,107849,10
S1602755,P101,259,1000,138,10
S1602755,P201,259,1000,132,10
S1602755,P301,259,1000,138,10
S1602755,P101,911,1100,5,10
S1602755,P201,911,1100,5,10
S1602755,P301,911,1100,6,10
S1602755,P101,911,1106,5,10
S1602755,P201,911,1106,5,10
S1602755,P301,911,1106,6,10
S1602755,P101,922,1100,1,10
S1602755,P201,922,1100,2,10
S1602755,P301,922,1100,2,10
S1602755,P101,923,1100,48,10
S1602755,P201,923,1100,68,10
S1602755,P301,923,1100,60,10
S1602755,P101,924,1100,78,11
S1602755,P201,924,1100,24,10
S1602755,P301,924,1100,20,10
S1602755,P101,926,1100,4,10
S1602755,P201,926,1100,8,10
S1602755,P301,926,1100,11,10
S1602755,P101,936,1100,8,10
S1602755,P201,936,1100,9,10
S1602755,P301,936,1100,9,10
S1602755,P101,911,1112,5,10
S1602755,P201,911,1112,5,10
S1602755,P301,911,1112,6,10
S1602755,P101,911,1118,5,10
S1602755,P201,911,1118,5,10
S1602755,P301,911,1118,6,10
S1602755,P101,911,1124,5,10
S1602755,P201,911,1124,5,10
S1602755,P301,911,1124,6,10
S1602755,P101,922,1115,2,10
S1602755,P201,922,1115,2,10
S1602755,P301,922,1115,3,10
S1602755,P101,923,1115,79,10
S1602755,P201,923,1115,77,10
S1602755,P301,923,1115,55,10
S1602755,P101,924,1115,23,10
S1602755,P201,924,1115,4,10
S1602755,P301,924,1115,32,10
S1602755,P101,926,1115,5,10
S1602755,P201,926,1115,7,10
S1602755,P301,926,1115,11,10
S1602755,P101,936,1115,9,10
S1602755,P201,936,1115,9,10
S1602755,P301,936,1115,8,10
S1602755,P101,911,1130,5,10
S1602755,P201,911,1130,5,10
S1602755,P301,911,1130,6,10
S1602755,P101,911,1136,5,10
S1602755,P201,911,1136,5,10
S1602755,P301,911,1136,6,10
S1602755,P101,922,1130,3,10
S1602755,P201,922,1130,1,10
S1602755,P301,922,1130,2,10
S1602755,P101,923,1130,85,10
S1602755,P201,923,1130,70,10
S1602755,P301,923,1130,62,10
S1602755,P101,924,1130,11,10
S1602755,P201,924,1130,10,10
S1602755,P301,924,1130,4,10
S1602755,P101,926,1130,8,10
S1602755,P201,926,1130,7,10
S1602755,P301,926,1130,11,10
S1602755,P101,936,1130,9,10
S1602755,P201,936,1130,8,10
S1602755,P301,936,1130,9,10
S1602755,P101,911,1142,5,10
S1602755,P201,911,1142,5,10
S1602755,P301,911,1142,6,10
S1602755,P101,911,1148,5,10
S1602755,P201,911,1148,5,10
S1602755,P301,911,1148,6,10
S1602755,P101,911,1154,5,10
S1602755,P201,911,1154,5,10
S1602755,P301,911,1154,6,10
S1602755,P101,922,1145,2,10
S1602755,P201,922,1145,1,10
S1602755,P301,922,1145,4,10
S1602755,P101,923,1145,71,10
S1602755,P201,923,1145,64,10
S1602755,P301,923,1145,60,10
S1602755,P101,924,1145,4,10
S1602755,P201,924,1145,13,10
S1602755,P301,924,1145,4,10
S1602755,P101,926,1145,8,10
S1602755,P201,926,1145,7,10
S1602755,P301,926,1145,12,10
S1602755,P101,936,1145,9,10
S1602755,P201,936,1145,8,10
S1602755,P301,936,1145,9,10
S1602755,P101,222,1100,2,10
S1602755,P201,222,1100,2,10
S1602755,P301,222,1100,3,10
S1602755,P101,223,1100,70,10
S1602755,P201,223,1100,70,10
S1602755,P301,223,1100,59,10
S1602755,P101,224,1100,29,10
S1602755,P201,224,1100,13,10
S1602755,P301,224,1100,15,10
S1602755,P101,226,1100,6,10
S1602755,P201,226,1100,7,10
S1602755,P301,226,1100,11,10
S1602755,P101,236,1100,9,10
S1602755,P201,236,1100,8,10
S1602755,P301,236,1100,9,10
S1602755,P101,248,1100,102174,10
S1602755,P201,248,1100,88450,10
S1602755,P301,248,1100,107468,10
S1602755,P101,259,1100,138,10
S1602755,P201,259,1100,133,10
S1602755,P301,259,1100,138,10
S1602755,P101,911,1200,5,10
S1602755,P201,911,1200,5,10
S1602755,P301,911,1200,6,10
S1602755,P101,911,1206,5,10
S1602755,P201,911,1206,5,10
S1602755,P301,911,1206,6,10
S1602755,P101,922,1200,2,10
S1602755,P201,922,1200,2,10
S1602755,P301,922,1200,5,10
S1602755,P101,923,1200,70,10
S1602755,P201,923,1200,79,10
S1602755,P301,923,1200,55,10
S1602755,P101,924,1200,6,10
S1602755,P201,924,1200,2,10
S1602755,P301,924,1200,22,10
S1602755,P101,926,1200,9,10
S1602755,P201,926,1200,8,10
S1602755,P301,926,1200,13,10
S1602755,P101,936,1200,10,10
S1602755,P201,936,1200,9,10
S1602755,P301,936,1200,9,10
S1602755,P101,911,1212,5,10
S1602755,P201,911,1212,5,10
S1602755,P301,911,1212,6,10
S1602755,P101,911,1218,5,10
S1602755,P201,911,1218,5,10
S1602755,P301,911,1218,6,10
S1602755,P101,911,1224,5,10
S1602755,P201,911,1224,5,10
S1602755,P301,911,1224,6,10
S1602755,P101,922,1215,2,10
S1602755,P201,922,1215,1,10
S1602755,P301,922,1215,6,10
S1602755,P101,923,1215,101,11
S1602755,P201,923,1215,63,10
S1602755,P301,923,1215,68,10
S1602755,P101,924,1215,3,10
S1602755,P201,924,1215,32,10
S1602755,P301,924,1215,8,10
S1602755,P101,926,1215,6,10
S1602755,P201,926,1215,7,10
S1602755,P301,926,1215,15,10
S1602755,P101,936,1215,11,10
S1602755,P201,936,1215,8,10
S1602755,P301,936,1215,9,10
S1602755,P101,911,1230,5,10
S1602755,P201,911,1230,5,10
S1602755,P301,911,1230,6,10
S1602755,P101,911,1236,5,10
S1602755,P201,911,1236,5,10
S1602755,P301,911,1236,6,10
S1602755,P101,922,1230,2,10
S1602755,P201,922,1230,1,10
S1602755,P301,922,1230,2,10
S1602755,P101,923,1230,65,10
S1602755,P201,923,1230,66,10
S1602755,P301,923,1230,77,10
S1602755,P101,924,1230,3,10
S1602755,P201,924,1230,6,10
S1602755,P301,924,1230,2,10
S1602755,P101,926,1230,4,10
S1602755,P201,926,1230,6,10
S1602755,P301,926,1230,12,10
S1602755,P101,936,1230,11,10
S1602755,P201,936,1230,8,10
S1602755,P301,936,1230,10,10
S1602755,P101,911,1242,5,10
S1602755,P201,911,1242,5,10
S1602755,P301,911,1242,6,10
S1602755,P101,911,1248,5,10
S1602755,P201,911,1248,5,10
S1602755,P301,911,1248,6,10
S1602755,P101,911,1254,5,10
S1602755,P201,911,1254,5,10
S1602755,P301,911,1254,6,10
S1602755,P101,922,1245,2,10
S1602755,P201,922,1245,2,10
S1602755,P301,922,1245,2,10
S1602755,P101,923,1245,47,10
S1602755,P201,923,1245,66,10
S1602755,P301,923,1245,69,10
S1602755,P101,924,1245,4,10
S1602755,P201,924,1245,7,10
S1602755,P301,924,1245,3,10
S1602755,P101,926,1245,2,10
S1602755,P201,926,1245,7,10
S1602755,P301,926,1245,11,10
S1602755,P101,936,1245,11,10
S1602755,P201,936,1245,9,10
S1602755,P301,936,1245,9,10
S1602755,P101,222,1200,2,10
S1602755,P201,222,1200,2,10
S1602755,P301,222,1200,4,10
S1602755,P101,223,1200,71,10
S1602755,P201,223,1200,68,10
S1602755,P301,223,1200,67,10
S1602755,P101,224,1200,4,10
S1602755,P201,224,1200,12,10
S1602755,P301,224,1200,9,10
S1602755,P101,226,1200,5,10
S1602755,P201,226,1200,7,10
S1602755,P301,226,1200,13,10
S1602755,P101,236,1200,11,10
S1602755,P201,236,1200,9,10
S1602755,P301,236,1200,9,10
S1602755,P101,248,1200,85057,10
S1602755,P201,248,1200,86163,10
S1602755,P301,248,1200,103236,10
S1602755,P101,259,1200,137,10
S1602755,P201,259,1200,134,10
S1602755,P301,259,1200,137,10
S1602755,P101,911,1300,5,10
S1602755,P201,911,1300,5,10
S1602755,P301,911,1300,6,10
S1602755,P101,911,1306,5,10
S1602755,P201,911,1306,5,10
S1602755,P301,911,1306,6,10
S1602755,P101,922,1300,2,10
S1602755,P201,922,1300,1,10
S1602755,P301,922,1300,2,10
S1602755,P101,923,1300,89,10
S1602755,P201,923,1300,62,10
S1602755,P301,923,1300,76,10
S1602755,P101,924,1300,3,10
S1602755,P201,924,1300,40,10
S1602755,P301,924,1300,4,10
S1602755,P101,926,1300,2,10
S1602755,P201,926,1300,6,10
S1602755,P301,926,1300,11,10
S1602755,P101,936,1300,9,10
S1602755,P201,936,1300,8,10
S1602755,P301,936,1300,10,10
S1602755,P101,911,1312,5,10
S1602755,P201,911,1312,5,10
S1602755,P301,911,1312,6,10
S1602755,P101,911,1318,5,10
S1602755,P201,911,1318,5,10
S1602755,P301,911,1318,6,10
S1602755,P101,911,1324,5,10
S1602755,P201,911,1324,5,10
S1602755,P301,911,1324,6,10
S1602755,P101,922,1315,2,10
S1602755,P201,922,1315,1,10
S1602755,P301,922,1315,2,10
S1602755,P101,923,1315,81,10
S1602755,P201,923,1315,61,10
S1602755,P301,923,1315,84,10
S1602755,P101,924,1315,21,10
S1602755,P201,924,1315,47,10
S1602755,P301,924,1315,2,10
S1602755,P101,926,1315,2,10
S1602755,P201,926,1315,6,10
S1602755,P301,926,1315,10,10
S1602755,P101,936,1315,9,10
S1602755,P201,936,1315,8,10
S1602755,P301,936,1315,11,10
S1602755,P101,911,1330,5,10
S1602755,P201,911,1330,5,10
S1602755,P301,911,1330,6,10
S1602755,P101,911,1336,5,10
S1602755,P201,911,1336,5,10
S1602755,P301,911,1336,6,10
S1602755,P101,922,1330,1,10
S1602755,P201,922,1330,1,10
S1602755,P301,922,1330,2,10
S1602755,P101,923,1330,53,10
S1602755,P201,923,1330,69,10
S1602755,P301,923,1330,51,10
S1602755,P101,924,1330,31,10
S1602755,P201,924,1330,15,10
S1602755,P301,924,1330,4,10
S1602755,P101,926,1330,2,10
S1602755,P201,926,1330,6,10
S1602755,P301,926,1330,7,10
S1602755,P101,936,1330,8,10
S1602755,P201,936,1330,8,10
S1602755,P301,936,1330,12,10
S1602755,P101,911,1342,5,10
S1602755,P201,911,1342,5,10
S1602755,P301,911,1342,6,10
S1602755,P101,911,1348,5,10
S1602755,P201,911,1348,5,10
S1602755,P301,911,1348,6,10
S1602755,P101,911,1354,5,10
S1602755,P201,911,1354,5,10
S1602755,P301,911,1354,6,10
S1602755,P101,922,1345,1,10
S1602755,P201,922,1345,2,10
S1602755,P301,922,1345,2,10
S1602755,P101,923,1345,62,10
S1602755,P201,923,1345,72,10
S1602755,P301,923,1345,75,10
S1602755,P101,924,1345,51,10
S1602755,P201,924,1345,3,10
S1602755,P301,924,1345,3,10
S1602755,P101,926,1345,2,10
S1602755,P201,926,1345,7,10
S1602755,P301,926,1345,7,10
S1602755,P101,936,1345,8,10
S1602755,P201,936,1345,9,10
S1602755,P301,936,1345,12,10
S1602755,P101,222,1300,2,10
S1602755,P201,222,1300,1,10
S1602755,P301,222,1300,2,10
S1602755,P101,223,1300,71,10
S1602755,P201,223,1300,66,10
S1602755,P301,223,1300,72,10
S1602755,P101,224,1300,26,10
S1602755,P201,224,1300,26,10
S1602755,P301,224,1300,3,10
S1602755,P101,226,1300,2,10
S1602755,P201,226,1300,6,10
S1602755,P301,226,1300,9,10
S1602755,P101,236,1300,9,10
S1602755,P201,236,1300,8,10
S1602755,P301,236,1300,11,10
S1602755,P101,248,1300,101733,10
S1602755,P201,248,1300,87911,10
S1602755,P301,248,1300,83992,10
S1602755,P101,259,1300,138,10
S1602755,P201,259,1300,132,10
S1602755,P301,259,1300,137,10
S1602755,P101,911,1400,5,10
S1602755,P201,911,1400,5,10
S1602755,P301,911,1400,6,10
S1602755,P101,911,1406,5,10
S1602755,P201,911,1406,5,10
S1602755,P301,911,1406,6,10
S1602755,P101,922,1400,1,10
S1602755,P201,922,1400,2,10
S1602755,P301,922,1400,2,10
S1602755,P101,923,1400,78,10
S1602755,P201,923,1400,77,10
S1602755,P301,923,1400,84,10
S1602755,P101,924,1400,15,10
S1602755,P201,924,1400,2,10
S1602755,P301,924,1400,2,10
S1602755,P101,926,1400,3,10
S1602755,P201,926,1400,7,10
S1602755,P301,926,1400,8,10
S1602755,P101,936,1400,8,10
S1602755,P201,936,1400,9,10
S1602755,P301,936,1400,12,10
S1602755,P101,911,1412,5,10
S1602755,P201,911,1412,5,10
S1602755,P301,911,1412,6,10
S1602755,P101,911,1418,5,10
S1602755,P201,911,1418,5,10
S1602755,P301,911,1418,6,10
S1602755,P101,911,1424,5,10
S1602755,P201,911,1424,5,10
S1602755,P301,911,1424,6,10
S1602755,P101,922,1415,2,10
S1602755,P201,922,1415,1,10
S1602755,P301,922,1415,2,10
S1602755,P101,923,1415,90,10
S1602755,P201,923,1415,72,10
S1602755,P301,923,1415,41,10
S1602755,P101,924,1415,8,10
S1602755,P201,924,1415,4,10
S1602755,P301,924,1415,3,10
S1602755,P101,926,1415,4,10
S1602755,P201,926,1415,6,10
S1602755,P301,926,1415,6,10
S1602755,P101,936,1415,9,10
S1602755,P201,936,1415,8,10
S1602755,P301,936,1415,10,10
S1602755,P101,911,1430,5,10
S1602755,P201,911,1430,5,10
S1602755,P301,911,1430,6,10
S1602755,P101,911,1436,5,10
S1602755,P201,911,1436,5,10
S1602755,P301,911,1436,6,10
S1602755,P101,922,1430,2,10
S1602755,P201,922,1430,1,10
S1602755,P301,922,1430,2,10
S1602755,P101,923,1430,71,10
S1602755,P201,923,1430,63,10
S1602755,P301,923,1430,66,10
S1602755,P101,924,1430,4,10
S1602755,P201,924,1430,23,10
S1602755,P301,924,1430,2,10
S1602755,P101,926,1430,4,10
S1602755,P201,926,1430,6,10
S1602755,P301,926,1430,7,10
S1602755,P101,936,1430,9,10
S1602755,P201,936,1430,8,10
S1602755,P301,936,1430,10,10
S1602755,P101,911,1442,5,10
S1602755,P201,911,1442,5,10
S1602755,P301,911,1442,6,10
S1602755,P101,911,1448,5,10
S1602755,P201,911,1448,5,10
S1602755,P301,911,1448,6,10
S1602755,P101,911,1454,5,10
S1602755,P201,911,1454,5,10
S1602755,P301,911,1454,6,10
S1602755,P101,922,1445,1,10
S1602755,P201,922,1445,2,10
S1602755,P301,922,1445,2,10
S1602755,P101,923,1445,57,10
S1602755,P201,923,1445,63,10
S1602755,P301,923,1445,68,10
S1602755,P101,924,1445,28,10
S1602755,P201,924,1445,29,10
S1602755,P301,924,1445,2,10
S1602755,P101,926,1445,4,10
S1602755,P201,926,1445,6,10
S1602755,P301,926,1445,7,10
S1602755,P101,936,1445,8,10
S1602755,P201,936,1445,9,10
S1602755,P301,936,1445,10,10
S1602755,P101,222,1400,2,10
S1602755,P201,222,1400,2,10
S1602755,P301,222,1400,2,10
S1602755,P101,223,1400,74,10
S1602755,P201,223,1400,68,10
S1602755,P301,223,1400,65,10
S1602755,P101,224,1400,14,10
S1602755,P201,224,1400,15,10
S1602755,P301,224,1400,2,10
S1602755,P101,226,1400,3,10
S1602755,P201,226,1400,6,10
S1602755,P301,226,1400,7,10
S1602755,P101,236,1400,9,10
S1602755,P201,236,1400,9,10
S1602755,P301,236,1400,10,10
S1602755,P101,248,1400,101356,10
S1602755,P201,248,1400,86086,10
S1602755,P301,248,1400,90763,10
S1602755,P101,259,1400,138,10
S1602755,P201,259,1400,132,10
S1602755,P301,259,1400,137,10
S1602755,P101,911,1500,5,10
S1602755,P201,911,1500,5,10
S1602755,P301,911,1500,6,10
S1602755,P101,911,1506,5,10
S1602755,P201,911,1506,5,10
S1602755,P301,911,1506,6,10
S1602755,P101,922,1500,2,10
S1602755,P201,922,1500,2,10
S1602755,P301,922,1500,2,10
S1602755,P101,923,1500,84,10
S1602755,P201,923,1500,59,10
S1602755,P301,923,1500,73,10
S1602755,P101,924,1500,32,10
S1602755,P201,924,1500,55,10
S1602755,P301,924,1500,2,10
S1602755,P101,926,1500,5,10
S1602755,P201,926,1500,7,10
S1602755,P301,926,1500,7,10
S1602755,P101,936,1500,9,10
S1602755,P201,936,1500,9,10
S1602755,P301,936,1500,11,10
S1602755,P101,911,1512,5,10
S1602755,P201,911,1512,5,10
S1602755,P301,911,1512,6,10
S1602755,P101,911,1518,5,10
S1602755,P201,911,1518,5,10
S1602755,P301,911,1518,6,10
S1602755,P101,911,1524,5,10
S1602755,P201,911,1524,5,10
S1602755,P301,911,1524,6,10
S1602755,P101,922,1515,2,10
S1602755,P201,922,1515,2,10
S1602755,P301,922,1515,2,10
S1602755,P101,923,1515,77,10
S1602755,P201,923,1515,60,10
S1602755,P301,923,1515,67,10
S1602755,P101,924,1515,17,10
S1602755,P201,924,1515,28,10
S1602755,P301,924,1515,2,10
S1602755,P101,926,1515,6,10
S1602755,P201,926,1515,7,10
S1602755,P301,926,1515,7,10
S1602755,P101,936,1515,9,10
S1602755,P201,936,1515,9,10
S1602755,P301,936,1515,9,10
S1602755,P101,911,1530,5,10
S1602755,P201,911,1530,5,10
S1602755,P301,911,1530,6,10
S1602755,P101,911,1536,5,10
S1602755,P201,911,1536,5,10
S1602755,P301,911,1536,6,10
S1602755,P101,922,1530,2,10
S1602755,P201,922,1530,2,10
S1602755,P301,922,1530,2,10
S1602755,P101,923,1530,62,10
S1602755,P201,923,1530,72,10
S1602755,P301,923,1530,71,10
S1602755,P101,924,1530,20,10
S1602755,P201,924,1530,12,10
S1602755,P301,924,1530,2,10
S1602755,P101,926,1530,7,10
S1602755,P201,926,1530,8,10
S1602755,P301,926,1530,6,10
S1602755,P101,936,1530,9,10
S1602755,P201,936,1530,9,10
S1602755,P301,936,1530,9,10
S1602755,P101,911,1542,5,10
S1602755,P201,911,1542,5,10
S1602755,P301,911,1542,6,10
S1602755,P101,911,1548,5,10
S1602755,P201,911,1548,5,10
S1602755,P301,911,1548,6,10
S1602755,P101,911,1554,5,10
S1602755,P201,911,1554,5,10
S1602755,P301,911,1554,6,10
S1602755,P101,922,1545,2,10
S1602755,P201,922,1545,2,10
S1602755,P301,922,1545,2,10
S1602755,P101,923,1545,86,10
S1602755,P201,923,1545,86,10
S1602755,P301,923,1545,93,10
S1602755,P101,924,1545,5,10
S1602755,P201,924,1545,4,10
S1602755,P301,924,1545,3,10
S1602755,P101,926,1545,5,10
S1602755,P201,926,1545,8,10
S1602755,P301,926,1545,7,10
S1602755,P101,936,1545,9,10
S1602755,P201,936,1545,9,10
S1602755,P301,936,1545,12,10
S1602755,P101,222,1500,2,10
S1602755,P201,222,1500,2,10
S1602755,P301,222,1500,2,10
S1602755,P101,223,1500,77,10
S1602755,P201,223,1500,69,10
S1602755,P301,223,1500,76,10
S1602755,P101,224,1500,19,10
S1602755,P201,224,1500,25,10
S1602755,P301,224,1500,2,10
S1602755,P101,226,1500,6,10
S1602755,P201,226,1500,8,10
S1602755,P301,226,1500,7,10
S1602755,P101,236,1500,9,10
S1602755,P201,236,1500,9,10
S1602755,P301,236,1500,10,10
S1602755,P101,248,1500,99422,10
S1602755,P201,248,1500,84131,10
S1602755,P301,248,1500,91916,10
S1602755,P101,259,1500,137,10
S1602755,P201,259,1500,133,10
S1602755,P301,259,1500,137,10
E4900333,P001,911,1600,9,10
E4900333,P002,911,1600,0,00
E4900333,P003,911,1600,0,32
E4900333,P103,911,1600,0,32
E4900333,P021,911,1600,6,10
E4900333,P105,911,1600,9,10
S1602755,P101,911,1600,5,10
S1602755,P201,911,1600,5,10
S1602755,P301,911,1600,6,10
S1602755,P101,911,1606,5,10
S1602755,P201,911,1606,5,10
S1602755,P301,911,1606,6,10
S2300438,P001,911,1606,5,10
E5601197,P002,911,1606,3,10
E5601197,P003,911,1606,3,10
S1900685,P002,911,1606,12,10
S1900685,P421,911,1606,14,10
S1900685,P411,911,1606,4,10
E4900744,P001,923,1600,0,00
E4900744,P023,923,1600,0,00
E4900744,P001,936,1600,0,00
E4900744,P023,936,1600,0,00
E5600896,P004,222,1500,0,00
E5600896,P004,223,1500,0,00
E5600896,P004,236,1500,0,00
E5600896,P004,248,1500,0,00
E5600896,P004,259,1500,0,00
E5600896,P005,222,1500,0,00
E5600896,P005,223,1500,0,00
E5600896,P005,236,1500,0,00
E5600896,P005,248,1500,0,00
E5600896,P005,259,1500,0,00
E5600896,P007,222,1500,0,10
E5600896,P007,223,1500,70,10
E5600896,P007,236,1500,5,10
E5600896,P007,248,1500,1478497,10
E5600896,P007,259,1500,158,10
E5600896,P008,222,1500,0,10
E5600896,P008,223,1500,62,10
E5600896,P008,236,1500,2,10
E5600896,P008,248,1500,1875301,10
E5600896,P008,259,1500,134,10
E5600896,P004,922,1545,0,00
E5600896,P004,923,1545,0,00
E5600896,P004,936,1545,0,00
E5600896,P005,922,1545,0,00
E5600896,P005,923,1545,0,00
E5600896,P005,936,1545,0,00
E5600896,P007,922,1545,0,10
E5600896,P007,923,1545,70,10
E5600896,P007,936,1545,5,10
E5600896,P008,922,1545,0,10
E5600896,P008,923,1545,61,10
E5600896,P008,936,1545,2,10
E5600896,P004,911,1554,0,00
E5600896,P005,911,1554,0,00
E5600896,P007,911,1554,5,10
E5600896,P008,911,1554,7,10
E5400878,P001,223,1500,21,10
E5400878,P001,236,1500,15,10
E5400878,P001,248,1500,1688326,10
E5400878,P001,259,1500,116,10
E5400878,P002,223,1500,18,10
E5400878,P002,236,1500,14,10
E5400878,P002,248,1500,1896635,10
E5400878,P002,259,1500,116,10
E5400878,P003,223,1500,16,10
E5400878,P003,236,1500,15,10
E5400878,P003,248,1500,790658,10
E5400878,P003,259,1500,118,10
E5400878,P010,223,1500,18,10
E5400878,P010,236,1500,13,10
E5400878,P010,248,1500,1402794,10
E5400878,P010,259,1500,99,10
E5400878,P001,923,1545,21,10
E5400878,P001,936,1545,15,10
E5400878,P002,923,1545,19,10
E5400878,P002,936,1545,14,10
E5400878,P003,923,1545,16,10
E5400878,P003,936,1545,15,10
E5400878,P010,923,1545,18,10
E5400878,P010,936,1545,13,10
E5400878,P010,911,1554,1,10
E5600332,P001,911,1606,0,00
E5600332,P002,911,1606,0,00
E5600332,P003,911,1606,0,00
E5600850,PC01,911,1606,0,00
E5600789,P001,911,1606,0,00
E5002890,P001,911,1606,5,10
E5002890,P002,911,1606,6,10
E5002890,P003,911,1606,0,00
E5600869,P001,911,1606,4,10
S2202553,P001,911,1606,1,10
S2202553,P002,911,1606,1,10
S2202553,P003,911,1606,1,10
S2100223,P015,911,1612,0,10
S2300438,P001,922,1600,0,10
S2300438,P001,923,1600,29,10
S2300438,P001,936,1600,6,10
S2300438,P001,222,1500,0,10
S2300438,P001,223,1500,31,10
S2300438,P001,236,1500,6,10
S2300438,P001,248,1500,46506,10
S2300438,P001,259,1500,123,10
S2300429,P701,911,1606,0,00
S2300429,PF01,911,1606,9,10
S1901066,P004,911,1606,5,10
E5600056,P004,911,1612,0,00
E5600056,P006,911,1612,3,10
E5600056,P007,911,1612,0,00
E5600056,P008,911,1612,5,10
E5600056,P009,911,1612,2,10
E5600056,P016,911,1612,5,10
E5600056,P017,911,1612,2,10
E5600056,P018,911,1612,3,10
E5600056,P021,911,1612,2,10
E5600056,P022,911,1612,3,10
E5600056,P023,911,1612,1,10
E5600056,P024,911,1612,4,10
S1900710,P015,911,1612,0,00
S1900710,P050,911,1612,6,10
S1900710,P056,911,1612,4,10
S1900710,P060,911,1612,2,10
S1900710,P070,911,1612,6,10
S1602755,P101,922,1600,2,10
S1602755,P201,922,1600,1,10
S1602755,P301,922,1600,2,10
S1602755,P101,923,1600,78,10
S1602755,P201,923,1600,64,10
S1602755,P301,923,1600,41,10
S1602755,P101,924,1600,14,10
S1602755,P201,924,1600,35,10
S1602755,P301,924,1600,13,10
S1602755,P101,926,1600,4,10
S1602755,P201,926,1600,8,10
S1602755,P301,926,1600,6,10
S1602755,P101,936,1600,9,10
S1602755,P201,936,1600,8,10
S1602755,P301,936,1600,10,10
E5600850,PC01,923,1600,0,00
E5600850,PC01,924,1600,0,00
E5600850,PC01,936,1600,0,00
E5600850,PC01,926,1600,0,00
E5600850,PC01,223,1500,0,00
E5600850,PC01,224,1500,0,00
E5600850,PC01,236,1500,0,00
E5600850,PC01,226,1500,0,00
E5600850,PC01,248,1500,0,00
E5600850,PC01,259,1500,0,00
S2201109,P711,911,1606,15,10
S2201109,P731,911,1606,18,10
S2201109,P741,911,1606,15,10
S2201109,P751,911,1606,14,10
E4900744,P001,911,1612,0,00
E4900744,P002,911,1612,0,00
E4900744,P023,911,1612,0,00
E5600841,P001,911,1606,5,10
E5600841,P002,911,1606,5,10
E5600841,P003,911,1606,9,10
E5600841,P004,911,1606,6,10
E5600841,P005,911,1606,9,10
E5600841,P006,911,1606,12,10
E5600841,P007,911,1606,13,10
E5600841,P008,911,1606,9,10
E5600841,P009,911,1606,10,10
E5600841,P010,911,1606,7,10
E5600841,PC23,911,1606,11,10
E5600841,PC83,911,1606,15,10
E5600841,PPB1,911,1606,8,10
E5600841,PPC1,911,1606,5,10
E5600841,PR54,911,1606,3,10
E5600841,PR61,911,1606,7,10
E5600841,PR62,911,1606,4,10
E5600841,PS11,911,1606,11,10
E5600841,PS12,911,1606,8,10
E5600841,PS31,911,1606,7,10
E5600841,PS32,911,1606,4,10
E5600841,PS51,911,1606,12,10
E5600841,PS52,911,1606,9,10
E5600841,PS71,911,1606,0,00
E5600841,PS72,911,1606,0,00
S1900569,P002,911,0824,0,00
S1900569,P012,911,0824,19,10
S1900569,P002,922,0815,0,00
S1900569,P012,922,0815,15,10
S1900569,P002,923,0815,0,00
S1900569,P012,923,0815,112,10
S1900569,P002,936,0815,0,00
S1900569,P012,936,0815,4,10
S1900569,P002,911,0830,0,00
S1900569,P012,911,0830,15,10
S1900569,P002,911,0836,0,00
S1900569,P012,911,0836,17,10
S1900569,P002,922,0830,0,00
S1900569,P012,922,0830,13,10
S1900569,P002,923,0830,0,00
S1900569,P012,923,0830,125,10
S1900569,P002,936,0830,0,00
S1900569,P012,936,0830,4,10
S1900569,P002,911,0842,0,00
S1900569,P012,911,0842,17,10
S1900569,P002,911,0848,0,00
S1900569,P012,911,0848,18,10
S1900569,P002,911,0854,0,00
S1900569,P012,911,0854,17,10
S1900569,P002,922,0845,0,00
S1900569,P012,922,0845,13,10
S1900569,P002,923,0845,0,00
S1900569,P012,923,0845,129,10
S1900569,P002,936,0845,0,00
S1900569,P012,936,0845,4,10
S1900569,P002,222,0800,0,00
S1900569,P012,222,0800,14,10
S1900569,P002,223,0800,0,00
S1900569,P012,223,0800,121,10
S1900569,P002,236,0800,0,00
S1900569,P012,236,0800,4,10
S1900569,P002,248,0800,0,00
S1900569,P012,248,0800,107737,10
S1900569,P002,259,0800,0,00
S1900569,P012,259,0800,75,10
S1900569,P002,911,0900,0,00
S1900569,P012,911,0900,19,10
S1900569,P002,911,0906,0,00
S1900569,P012,911,0906,16,10
S1900569,P002,922,0900,0,00
S1900569,P012,922,0900,13,10
S1900569,P002,923,0900,0,00
S1900569,P012,923,0900,130,10
S1900569,P002,936,0900,0,00
S1900569,P012,936,0900,4,10
S1900569,P002,911,0912,0,00
S1900569,P012,911,0912,17,10
S1900569,P002,911,0918,0,00
S1900569,P012,911,0918,20,11
S1900569,P002,911,0924,0,00
S1900569,P012,911,0924,16,10
S1900569,P002,922,0915,0,00
S1900569,P012,922,0915,13,10
S1900569,P002,923,0915,0,00
S1900569,P012,923,0915,131,10
S1900569,P002,936,0915,0,00
S1900569,P012,936,0915,3,10
S1900569,P002,911,0930,0,00
S1900569,P012,911,0930,14,10
S1900569,P002,911,0936,0,00
S1900569,P012,911,0936,19,10
S1900569,P002,922,0930,0,00
S1900569,P012,922,0930,12,10
S1900569,P002,923,0930,0,00
S1900569,P012,923,0930,137,10
S1900569,P002,936,0930,0,00
S1900569,P012,936,0930,4,10
S1900569,P002,911,0942,0,00
S1900569,P012,911,0942,17,10
S1900569,P002,911,0948,0,00
S1900569,P012,911,0948,14,10
S1900569,P002,911,0954,0,00
S1900569,P012,911,0954,17,10
S1900569,P002,922,0945,0,00
S1900569,P012,922,0945,12,10
S1900569,P002,923,0945,0,00
S1900569,P012,923,0945,135,10
S1900569,P002,936,0945,0,00
S1900569,P012,936,0945,4,10
S1900569,P002,222,0900,0,00
S1900569,P012,222,0900,12,10
S1900569,P002,223,0900,0,00
S1900569,P012,223,0900,133,10
S1900569,P002,236,0900,0,00
S1900569,P012,236,0900,4,10
S1900569,P002,248,0900,0,00
S1900569,P012,248,0900,105685,10
S1900569,P002,259,0900,0,00
S1900569,P012,259,0900,75,10
S1900569,P002,911,1000,0,00
S1900569,P012,911,1000,15,10
S1900569,P002,911,1006,0,00
S1900569,P012,911,1006,16,10
S1900569,P002,922,1000,0,00
S1900569,P012,922,1000,12,10
S1900569,P002,923,1000,0,00
S1900569,P012,923,1000,126,10
S1900569,P002,936,1000,0,00
S1900569,P012,936,1000,3,10
S1900569,P002,911,1012,0,00
S1900569,P012,911,1012,12,10
S1900569,P002,911,1018,0,00
S1900569,P012,911,1018,13,10
S1900569,P002,911,1024,0,00
S1900569,P012,911,1024,12,10
S1900569,P002,922,1015,0,00
S1900569,P012,922,1015,12,10
S1900569,P002,923,1015,0,00
S1900569,P012,923,1015,130,10
S1900569,P002,936,1015,0,00
S1900569,P012,936,1015,4,10
S1900569,P002,911,1030,0,00
S1900569,P012,911,1030,13,10
S1900569,P002,911,1036,0,00
S1900569,P012,911,1036,13,10
S1900569,P002,922,1030,0,00
S1900569,P012,922,1030,12,10
S1900569,P002,923,1030,0,00
S1900569,P012,923,1030,129,10
S1900569,P002,936,1030,0,00
S1900569,P012,936,1030,3,10
S1900569,P002,911,1042,0,00
S1900569,P012,911,1042,14,10
S1900569,P002,911,1048,0,00
S1900569,P012,911,1048,15,10
S1900569,P002,911,1054,0,00
S1900569,P012,911,1054,15,10
S1900569,P002,922,1045,0,00
S1900569,P012,922,1045,12,10
S1900569,P002,923,1045,0,00
S1900569,P012,923,1045,126,10
S1900569,P002,936,1045,0,00
S1900569,P012,936,1045,3,10
S1900569,P002,222,1000,0,00
S1900569,P012,222,1000,12,10
S1900569,P002,223,1000,0,00
S1900569,P012,223,1000,128,10
S1900569,P002,236,1000,0,00
S1900569,P012,236,1000,3,10
S1900569,P002,248,1000,0,00
S1900569,P012,248,1000,106182,10
S1900569,P002,259,1000,0,00
S1900569,P012,259,1000,75,10
S1900569,P002,911,1100,0,00
S1900569,P012,911,1100,14,10
S1900569,P002,911,1106,0,00
S1900569,P012,911,1106,13,10
S1900569,P002,922,1100,0,00
S1900569,P012,922,1100,13,10
S1900569,P002,923,1100,0,00
S1900569,P012,923,1100,125,10
S1900569,P002,936,1100,0,00
S1900569,P012,936,1100,3,10
S1900569,P002,911,1112,0,00
S1900569,P012,911,1112,14,10
S1900569,P002,911,1118,0,00
S1900569,P012,911,1118,17,10
S1900569,P002,911,1124,0,00
S1900569,P012,911,1124,19,10
S1900569,P002,922,1115,0,00
S1900569,P012,922,1115,13,10
S1900569,P002,923,1115,0,00
S1900569,P012,923,1115,124,10
S1900569,P002,936,1115,0,00
S1900569,P012,936,1115,3,10
S1900569,P002,911,1130,0,00
S1900569,P012,911,1130,13,10
S1900569,P002,911,1136,0,00
S1900569,P012,911,1136,14,10
S1900569,P002,922,1130,0,00
S1900569,P012,922,1130,13,10
S1900569,P002,923,1130,0,00
S1900569,P012,923,1130,126,10
S1900569,P002,936,1130,0,00
S1900569,P012,936,1130,3,10
S1900569,P002,911,1142,0,00
S1900569,P012,911,1142,15,10
S1900569,P002,911,1148,0,00
S1900569,P012,911,1148,16,10
S1900569,P002,911,1154,0,00
S1900569,P012,911,1154,16,10
S1900569,P002,922,1145,0,00
S1900569,P012,922,1145,12,10
S1900569,P002,923,1145,0,00
S1900569,P012,923,1145,125,10
S1900569,P002,936,1145,0,00
S1900569,P012,936,1145,3,10
S1900569,P002,222,1100,0,00
S1900569,P012,222,1100,13,10
S1900569,P002,223,1100,0,00
S1900569,P012,223,1100,125,10
S1900569,P002,236,1100,0,00
S1900569,P012,236,1100,3,10
S1900569,P002,248,1100,0,00
S1900569,P012,248,1100,106290,10
S1900569,P002,259,1100,0,00
S1900569,P012,259,1100,75,10
S1900569,P002,911,1200,0,00
S1900569,P012,911,1200,16,10
S1900569,P002,911,1206,0,00
S1900569,P012,911,1206,16,10
S1900569,P002,922,1200,0,00
S1900569,P012,922,1200,14,10
S1900569,P002,923,1200,0,00
S1900569,P012,923,1200,124,10
S1900569,P002,936,1200,0,00
S1900569,P012,936,1200,3,10
S1900569,P002,911,1212,0,00
S1900569,P012,911,1212,16,10
S1900569,P002,911,1218,0,00
S1900569,P012,911,1218,17,10
S1900569,P002,911,1224,0,00
S1900569,P012,911,1224,16,10
S1900569,P002,922,1215,0,00
S1900569,P012,922,1215,14,10
S1900569,P002,923,1215,0,00
S1900569,P012,923,1215,120,10
S1900569,P002,936,1215,0,00
S1900569,P012,936,1215,3,10
S1900569,P002,911,1230,0,00
S1900569,P012,911,1230,14,10
S1900569,P002,911,1236,0,00
S1900569,P012,911,1236,13,10
S1900569,P002,922,1230,0,00
S1900569,P012,922,1230,14,10
S1900569,P002,923,1230,0,00
S1900569,P012,923,1230,128,10
S1900569,P002,936,1230,0,00
S1900569,P012,936,1230,4,10
S1900569,P002,911,1242,0,00
S1900569,P012,911,1242,14,10
S1900569,P002,911,1248,0,00
S1900569,P012,911,1248,15,10
S1900569,P002,911,1254,0,00
S1900569,P012,911,1254,13,10
S1900569,P002,922,1245,0,00
S1900569,P012,922,1245,14,10
S1900569,P002,923,1245,0,00
S1900569,P012,923,1245,127,10
S1900569,P002,936,1245,0,00
S1900569,P012,936,1245,4,10
S1900569,P002,222,1200,0,00
S1900569,P012,222,1200,14,10
S1900569,P002,223,1200,0,00
S1900569,P012,223,1200,125,10
S1900569,P002,236,1200,0,00
S1900569,P012,236,1200,3,10
S1900569,P002,248,1200,0,00
S1900569,P012,248,1200,106247,10
S1900569,P002,259,1200,0,00
S1900569,P012,259,1200,75,10
S1900569,P002,911,1300,0,00
S1900569,P012,911,1300,13,10
S1900569,P002,911,1306,0,00
S1900569,P012,911,1306,12,10
S1900569,P002,922,1300,0,00
S1900569,P012,922,1300,13,10
S1900569,P002,923,1300,0,00
S1900569,P012,923,1300,132,10
S1900569,P002,936,1300,0,00
S1900569,P012,936,1300,4,10
S1900569,P002,911,1312,0,00
S1900569,P012,911,1312,16,10
S1900569,P002,911,1318,0,00
S1900569,P012,911,1318,18,10
S1900569,P002,911,1324,0,00
S1900569,P012,911,1324,18,10
S1900569,P002,922,1315,0,00
S1900569,P012,922,1315,13,10
S1900569,P002,923,1315,0,00
S1900569,P012,923,1315,121,10
S1900569,P002,936,1315,0,00
S1900569,P012,936,1315,3,10
S1900569,P002,911,1330,0,00
S1900569,P012,911,1330,13,10
S1900569,P002,911,1336,0,00
S1900569,P012,911,1336,12,10
S1900569,P002,922,1330,0,00
S1900569,P012,922,1330,12,10
S1900569,P002,923,1330,0,00
S1900569,P012,923,1330,133,10
S1900569,P002,936,1330,0,00
S1900569,P012,936,1330,4,10
S1900569,P002,911,1342,0,00
S1900569,P012,911,1342,12,10
S1900569,P002,911,1348,0,00
S1900569,P012,911,1348,12,10
S1900569,P002,911,1354,0,00
S1900569,P012,911,1354,15,10
S1900569,P002,922,1345,0,00
S1900569,P012,922,1345,12,10
S1900569,P002,923,1345,0,00
S1900569,P012,923,1345,139,10
S1900569,P002,936,1345,0,00
S1900569,P012,936,1345,4,10
S1900569,P002,222,1300,0,00
S1900569,P012,222,1300,13,10
S1900569,P002,223,1300,0,00
S1900569,P012,223,1300,131,10
S1900569,P002,236,1300,0,00
S1900569,P012,236,1300,4,10
S1900569,P002,248,1300,0,00
S1900569,P012,248,1300,105821,10
S1900569,P002,259,1300,0,00
S1900569,P012,259,1300,75,10
S1900569,P002,911,1400,0,00
S1900569,P012,911,1400,14,10
S1900569,P002,911,1406,0,00
S1900569,P012,911,1406,15,10
S1900569,P002,922,1400,0,00
S1900569,P012,922,1400,13,10
S1900569,P002,923,1400,0,00
S1900569,P012,923,1400,133,10
S1900569,P002,936,1400,0,00
S1900569,P012,936,1400,4,10
S1900569,P002,911,1412,0,00
S1900569,P012,911,1412,15,10
S1900569,P002,911,1418,0,00
S1900569,P012,911,1418,13,10
S1900569,P002,911,1424,0,00
S1900569,P012,911,1424,13,10
S1900569,P002,922,1415,0,00
S1900569,P012,922,1415,13,10
S1900569,P002,923,1415,0,00
S1900569,P012,923,1415,132,10
S1900569,P002,936,1415,0,00
S1900569,P012,936,1415,4,10
S1900569,P002,911,1430,0,00
S1900569,P012,911,1430,12,10
S1900569,P002,911,1436,0,00
S1900569,P012,911,1436,12,10
S1900569,P002,922,1430,0,00
S1900569,P012,922,1430,13,10
S1900569,P002,923,1430,0,00
S1900569,P012,923,1430,132,10
S1900569,P002,936,1430,0,00
S1900569,P012,936,1430,4,10
S1900569,P002,911,1442,0,00
S1900569,P012,911,1442,14,10
S1900569,P002,911,1448,0,00
S1900569,P012,911,1448,13,10
S1900569,P002,911,1454,0,00
S1900569,P012,911,1454,14,10
S1900569,P002,922,1445,0,00
S1900569,P012,922,1445,13,10
S1900569,P002,923,1445,0,00
S1900569,P012,923,1445,129,10
S1900569,P002,936,1445,0,00
S1900569,P012,936,1445,3,10
S1900569,P002,222,1400,0,00
S1900569,P012,222,1400,13,10
S1900569,P002,223,1400,0,00
S1900569,P012,223,1400,131,10
S1900569,P002,236,1400,0,00
S1900569,P012,236,1400,4,10
S1900569,P002,248,1400,0,00
S1900569,P012,248,1400,106440,10
S1900569,P002,259,1400,0,00
S1900569,P012,259,1400,75,10
S1900569,P002,911,1500,0,00
S1900569,P012,911,1500,13,10
S1900569,P002,911,1506,0,00
S1900569,P012,911,1506,11,10
S1900569,P002,922,1500,0,00
S1900569,P012,922,1500,12,10
S1900569,P002,923,1500,0,00
S1900569,P012,923,1500,129,10
S1900569,P002,936,1500,0,00
S1900569,P012,936,1500,4,10
S1900569,P002,911,1512,0,00
S1900569,P012,911,1512,12,10
S1900569,P002,911,1518,0,00
S1900569,P012,911,1518,12,10
S1900569,P002,911,1524,0,00
S1900569,P012,911,1524,14,10
S1900569,P002,922,1515,0,00
S1900569,P012,922,1515,11,10
S1900569,P002,923,1515,0,00
S1900569,P012,923,1515,130,10
S1900569,P002,936,1515,0,00
S1900569,P012,936,1515,3,10
S1900569,P002,911,1530,0,00
S1900569,P012,911,1530,14,10
S1900569,P002,911,1536,0,00
S1900569,P012,911,1536,14,10
S1900569,P002,922,1530,0,00
S1900569,P012,922,1530,11,10
S1900569,P002,923,1530,0,00
S1900569,P012,923,1530,120,10
S1900569,P002,936,1530,0,00
S1900569,P012,936,1530,3,10
S1900569,P002,911,1542,0,00
S1900569,P012,911,1542,13,10
S1900569,P002,911,1548,0,00
S1900569,P012,911,1548,14,10
S2300429,P701,911,1600,0,00
S2300429,P701,922,1600,0,00
S2300429,P701,923,1600,0,00
S2300429,P701,936,1600,0,00
S2300429,PF01,911,1600,8,10
S2300429,PF01,922,1600,21,10
S2300429,PF01,923,1600,31,10
S2300429,PF01,936,1600,5,10
S2300429,P701,222,1500,0,00
S2300429,P701,223,1500,0,00
S2300429,P701,236,1500,0,00
S2300429,P701,248,1500,0,00
S2300429,P701,259,1500,0,00
S2300429,PF01,222,1500,21,10
S2300429,PF01,223,1500,27,10
S2300429,PF01,236,1500,5,10
S2300429,PF01,248,1500,269071,10
S2300429,PF01,259,1500,58,10
S1900569,P002,911,1554,0,00
S1900569,P012,911,1554,14,10
S1900569,P002,922,1545,0,00
S1900569,P012,922,1545,10,10
S1900569,P002,923,1545,0,00
S1900569,P012,923,1545,119,10
S1900569,P002,936,1545,0,00
S1900569,P012,936,1545,3,10
S1900569,P002,222,1500,0,00
S1900569,P012,222,1500,11,10
S1900569,P002,223,1500,0,00
S1900569,P012,223,1500,125,10
S1900569,P002,236,1500,0,00
S1900569,P012,236,1500,3,10
S1900569,P002,248,1500,0,00
S1900569,P012,248,1500,108015,10
S1900569,P002,259,1500,0,00
S1900569,P012,259,1500,75,10
S1901066,P004,922,1600,231,10
S1901066,P004,923,1600,186,10
S1901066,P004,924,1600,0,10
S1901066,P004,936,1600,5,10
S1901066,P004,937,1600,11,10
S1901066,P004,222,1500,230,10
S1901066,P004,223,1500,186,10
S1901066,P004,224,1500,1,10
S1901066,P004,236,1500,5,10
S1901066,P004,237,1500,11,10
S1901066,P004,248,1500,120992,10
S1901066,P004,259,1500,244,10
S1900569,P002,911,1600,0,00
S1900569,P012,911,1600,14,10
E4900333,P001,911,1606,9,10
E4900333,P002,911,1606,0,00
E4900333,P003,911,1606,0,32
E4900333,P103,911,1606,0,32
E4900333,P021,911,1606,6,10
E4900333,P105,911,1606,9,10
S1900569,P002,911,1606,0,00
S1900569,P012,911,1606,14,10
E5002890,P001,922,1600,0,10
E5002890,P002,922,1600,0,10
E5002890,P003,922,1600,0,00
E5002890,P001,923,1600,110,10
E5002890,P002,923,1600,117,10
E5002890,P003,923,1600,0,00
E5002890,P001,924,1600,3,10
E5002890,P002,924,1600,3,10
E5002890,P003,924,1600,0,00
E5002890,P001,926,1600,15,10
E5002890,P002,926,1600,9,10
E5002890,P003,926,1600,0,00
E5002890,P001,936,1600,11,10
E5002890,P002,936,1600,10,10
E5002890,P003,936,1600,0,00
E5600869,P001,922,1600,128,10
E5600869,P001,923,1600,126,10
E5600869,P001,936,1600,7,10
S1900710,P070,923,1615,22,10
S1900710,P070,936,1615,8,10
S1900710,P070,922,1615,16,10
S1900710,P015,923,1615,0,00
S1900710,P015,936,1615,0,00
S1900710,P015,922,1615,0,00
S1900710,P050,923,1615,118,10
S1900710,P050,936,1615,6,10
S1900710,P050,922,1615,70,10
S1900710,P056,923,1615,35,10
S1900710,P056,936,1615,4,10
S1900710,P056,922,1615,24,10
S1900710,P060,923,1615,23,10
S1900710,P060,936,1615,5,10
S1900710,P060,922,1615,26,10
S1900685,P421,922,1600,11,10
S1900685,P421,923,1600,68,10
S1900685,P421,936,1600,6,10
S1900685,P411,922,1600,18,10
S1900685,P411,923,1600,66,10
S1900685,P411,936,1600,12,10
S2202553,P001,922,1600,12,10
S2202553,P002,922,1600,20,10
S2202553,P003,922,1600,15,10
S2202553,P001,923,1600,90,10
S2202553,P002,923,1600,79,10
S2202553,P003,923,1600,84,10
S2202553,P001,924,1600,37,10
S2202553,P002,924,1600,23,10
S2202553,P003,924,1600,13,10
S2202553,P001,926,1600,26,10
S2202553,P002,926,1600,26,10
S2202553,P003,926,1600,28,10
S2202553,P001,936,1600,11,10
S2202553,P002,936,1600,10,10
S2202553,P003,936,1600,8,10
S1602755,P101,911,1612,5,10
S1602755,P201,911,1612,5,10
S1602755,P301,911,1612,6,10
S2300438,P001,911,1612,5,10
E5600056,P004,922,1615,0,00
E5600056,P004,923,1615,0,00
E5600056,P004,924,1615,0,00
E5600056,P004,936,1615,0,00
E5600056,P006,922,1615,28,10
E5600056,P006,923,1615,57,10
E5600056,P006,924,1615,1,10
E5600056,P006,936,1615,6,10
E5600056,P007,922,1615,0,00
E5600056,P007,923,1615,0,00
E5600056,P007,924,1615,0,00
E5600056,P007,936,1615,0,00
E5600056,P008,922,1615,48,10
E5600056,P008,923,1615,67,10
E5600056,P008,924,1615,0,10
E5600056,P008,936,1615,5,10
E5600056,P016,922,1615,0,10
E5600056,P016,923,1615,37,10
E5600056,P016,936,1615,12,10
E5600056,P017,922,1615,2,10
E5600056,P017,923,1615,22,10
E5600056,P017,924,1615,0,10
E5600056,P017,936,1615,3,10
E5600056,P018,922,1615,0,10
E5600056,P018,923,1615,14,10
E5600056,P018,924,1615,0,10
E5600056,P018,936,1615,3,10
E5600056,P021,922,1615,0,10
E5600056,P021,923,1615,47,10
E5600056,P021,924,1615,0,10
E5600056,P021,936,1615,4,10
E5600056,P024,922,1615,3,10
E5600056,P024,923,1615,31,10
E5600056,P024,924,1615,2,10
E5600056,P024,936,1615,6,10
E5600056,P034,922,1615,5,10
E5600056,P034,923,1615,48,10
E5600056,P034,936,1615,1,10
E5601197,P002,911,1612,3,10
E5601197,P003,911,1612,3,10
E5600056,P004,911,1618,0,00
E5600056,P006,911,1618,3,10
E5600056,P007,911,1618,0,00
E5600056,P008,911,1618,5,10
E5600056,P009,911,1618,2,10
E5600056,P016,911,1618,5,10
E5600056,P017,911,1618,2,10
E5600056,P018,911,1618,3,10
E5600056,P021,911,1618,2,10
E5600056,P022,911,1618,3,10
E5600056,P023,911,1618,1,10
E5600056,P024,911,1618,4,10
E5600841,P001,923,1600,14,10
E5600841,P001,936,1600,4,10
E5600841,P001,922,1600,23,10
E5600841,P002,923,1600,18,10
E5600841,P002,936,1600,4,10
E5600841,P002,922,1600,17,10
E5600841,P003,923,1600,11,10
E5600841,P003,936,1600,5,10
E5600841,P003,922,1600,21,10
E5600841,P004,923,1600,20,10
E5600841,P004,936,1600,4,10
E5600841,P004,922,1600,18,10
E5600841,P005,923,1600,15,10
E5600841,P005,936,1600,3,10
E5600841,P005,922,1600,17,10
E5600841,P006,923,1600,54,10
E5600841,P006,936,1600,5,10
E5600841,P006,922,1600,79,10
E5600841,P007,923,1600,34,10
E5600841,P007,936,1600,7,10
E5600841,P007,922,1600,71,10
E5600841,P008,923,1600,42,10
E5600841,P008,936,1600,9,10
E5600841,P008,922,1600,8,10
E5600841,P009,923,1600,10,10
E5600841,P009,936,1600,5,10
E5600841,P009,922,1600,22,10
E5600841,P010,923,1600,11,10
E5600841,P010,936,1600,6,10
E5600841,P010,922,1600,18,10
E5600841,PC23,923,1600,61,10
E5600841,PC23,936,1600,8,10
E5600841,PC23,922,1600,31,10
E5600841,PC83,923,1600,51,10
E5600841,PC83,936,1600,6,10
E5600841,PC83,922,1600,24,10
E5600841,PPB1,923,1600,9,10
E5600841,PPB1,936,1600,9,10
E5600841,PPB1,922,1600,25,10
E5600841,PPC1,923,1600,12,10
E5600841,PPC1,936,1600,3,10
E5600841,PPC1,922,1600,17,10
E5600841,PR54,923,1600,72,10
E5600841,PR54,936,1600,4,10
E5600841,PR54,922,1600,50,10
E5600841,PR61,923,1600,86,10
E5600841,PR61,936,1600,3,10
E5600841,PR61,922,1600,41,10
E5600841,PR62,923,1600,38,10
E5600841,PR62,936,1600,3,10
E5600841,PR62,922,1600,22,10
E5600841,PS11,923,1600,36,10
E5600841,PS11,936,1600,11,10
E5600841,PS11,922,1600,63,10
E5600841,PS31,923,1600,118,10
E5600841,PS31,936,1600,12,10
E5600841,PS31,922,1600,86,10
E5600841,PS51,923,1600,41,10
E5600841,PS51,936,1600,12,10
E5600841,PS51,922,1600,18,10
E5600841,PS71,923,1600,0,00
E5600841,PS71,936,1600,0,00
E5600841,PS71,922,1600,0,00
E5600896,P004,911,1600,0,00
E5600896,P005,911,1600,0,00
E5600896,P007,911,1600,5,10
E5600896,P008,911,1600,7,10
E5400878,P010,911,1600,1,10
E5600332,P001,911,1612,0,00
E5600332,P002,911,1612,0,00
E5600332,P003,911,1612,0,00
E5600850,PC01,911,1612,0,00
E4900333,P001,922,1600,1,10
E4900333,P002,922,1600,0,00
E4900333,P003,922,1600,0,32
E4900333,P103,922,1600,0,32
E4900333,P021,922,1600,1,10
E4900333,P105,922,1600,58,10
E4900333,P001,923,1600,87,10
E4900333,P002,923,1600,0,00
E4900333,P003,923,1600,0,32
E4900333,P103,923,1600,0,32
E4900333,P021,923,1600,37,10
E4900333,P105,923,1600,78,10
E4900333,P001,936,1600,13,10
E4900333,P002,936,1600,0,00
E4900333,P003,936,1600,0,32
E4900333,P103,936,1600,0,32
E4900333,P021,936,1600,7,10
E4900333,P105,936,1600,10,10
S1900569,P002,922,1600,0,00
S1900569,P012,922,1600,11,10
S1900569,P002,923,1600,0,00
S1900569,P012,923,1600,117,10
S1900569,P002,936,1600,0,00
S1900569,P012,936,1600,3,10
E5600789,P001,911,1612,0,00
E5002890,P001,911,1612,5,10
E5002890,P002,911,1612,6,10
E5002890,P003,911,1612,0,00
E5600869,P001,911,1612,4,10
S1900685,P002,911,1612,12,10
S1900685,P421,911,1612,13,10
S1900685,P411,911,1612,4,10
S2202553,P001,911,1612,1,10
S2202553,P002,911,1612,1,10
S2202553,P003,911,1612,1,10
S2100223,P015,911,1618,0,10
S2300429,P701,911,1612,0,00
S2300429,PF01,911,1612,8,10
S1901066,P004,911,1612,5,10
S1900710,P070,911,1618,6,10
S1900710,P015,911,1618,0,00
S1900710,P050,911,1618,5,10
S1900710,P056,911,1618,4,10
S1900710,P060,911,1618,2,10
S1900569,P002,911,1612,0,00
S1900569,P012,911,1612,14,10
S2201109,P711,911,1500,15,10
S2201109,P731,911,1500,19,10
S2201109,P741,911,1500,0,31
S2201109,P751,911,1500,13,10
S2201109,P711,923,1500,23,10
S2201109,P711,936,1500,6,10
S2201109,P711,922,1500,3,10
S2201109,P731,923,1500,54,10
S2201109,P731,936,1500,7,10
S2201109,P731,922,1500,16,10
S2201109,P741,923,1500,56,10
S2201109,P741,936,1500,5,10
S2201109,P741,922,1500,25,10
S2201109,P751,923,1500,49,10
S2201109,P751,936,1500,6,10
S2201109,P751,922,1500,12,10
S2201109,P711,248,1500,7368,10
S2201109,P711,223,1500,23,10
S2201109,P711,236,1500,6,10
S2201109,P711,222,1500,3,10
S2201109,P711,259,1500,53,10
S2201109,P731,248,1500,4238,10
S2201109,P731,223,1500,52,10
S2201109,P731,236,1500,7,10
S2201109,P731,222,1500,14,10
S2201109,P731,259,1500,53,10
S2201109,P741,248,1500,5492,10
S2201109,P741,223,1500,55,10
S2201109,P741,236,1500,5,10
S2201109,P741,222,1500,24,10
S2201109,P741,259,1500,54,10
S2201109,P751,248,1500,5104,10
S2201109,P751,223,1500,51,10
S2201109,P751,236,1500,6,10
S2201109,P751,222,1500,12,10
S2201109,P751,259,1500,51,10
S2201109,P711,911,1612,15,10
S2201109,P731,911,1612,18,10
S2201109,P741,911,1612,15,10
S2201109,P751,911,1612,15,10
E4900744,P001,911,1618,0,00
E4900744,P002,911,1618,0,00
E4900744,P023,911,1618,0,00
E5600841,P001,911,1612,5,10
E5600841,P002,911,1612,5,10
E5600841,P003,911,1612,9,10
E5600841,P004,911,1612,6,10
E5600841,P005,911,1612,9,10
E5600841,P006,911,1612,12,10
E5600841,P007,911,1612,13,10
E5600841,P008,911,1612,10,10
E5600841,P009,911,1612,9,10
E5600841,P010,911,1612,6,10
E5600841,PC23,911,1612,10,10
E5600841,PC83,911,1612,14,10
E5600841,PPB1,911,1612,8,10
E5600841,PPC1,911,1612,5,10
E5600841,PR54,911,1612,3,10
E5600841,PR61,911,1612,7,10
E5600841,PR62,911,1612,4,10
E5600841,PS11,911,1612,10,10
E5600841,PS12,911,1612,9,10
E5600841,PS31,911,1612,7,10
E5600841,PS32,911,1612,4,10
E5600841,PS51,911,1612,12,10
E5600841,PS52,911,1612,9,10
E5600841,PS71,911,1612,0,00
E5600841,PS72,911,1612,0,00
E4900333,P001,911,1612,9,10
E4900333,P002,911,1612,0,00
E4900333,P003,911,1612,0,32
E4900333,P103,911,1612,0,32
E4900333,P021,911,1612,6,10
E4900333,P105,911,1612,9,10
S1602755,P101,911,1618,5,10
S1602755,P201,911,1618,5,10
S1602755,P301,911,1618,6,10
S2300438,P001,911,1618,5,10
E5601197,P002,911,1618,3,10
E5601197,P003,911,1618,3,10
E5600056,P004,911,1624,0,00
E5600056,P006,911,1624,3,10
E5600056,P007,911,1624,0,00
E5600056,P008,911,1624,5,10
E5600056,P009,911,1624,2,10
E5600056,P016,911,1624,5,10
E5600056,P017,911,1624,2,10
E5600056,P018,911,1624,3,10
E5600056,P021,911,1624,2,10
E5600056,P022,911,1624,3,10
E5600056,P023,911,1624,1,10
E5600056,P024,911,1624,4,10
E5600896,P004,911,1606,0,00
E5600896,P005,911,1606,0,00
E5600896,P007,911,1606,5,10
E5600896,P008,911,1606,7,10
E5400878,P010,911,1606,1,10
E5600332,P001,911,1618,0,00
E5600332,P002,911,1618,0,00
E5600332,P003,911,1618,0,00
E5600850,PC01,911,1618,0,00
E5600789,P001,911,1618,0,00
E5002890,P001,911,1618,5,10
E5002890,P002,911,1618,5,10
E5002890,P003,911,1618,0,00
E5600869,P001,911,1618,4,10
S1900685,P002,911,1618,13,10
S1900685,P421,911,1618,13,10
S1900685,P411,911,1618,4,10
S2202553,P001,911,1618,1,10
S2202553,P002,911,1618,1,10
S2202553,P003,911,1618,1,10
S2100223,P015,911,1624,0,10
S2100223,P015,922,1615,0,10
S2100223,P015,923,1615,0,10
S2100223,P015,924,1615,0,10
S2100223,P015,936,1615,0,10
S1901066,P004,911,1618,5,10
S1900710,P015,911,1624,0,00
S1900710,P050,911,1624,5,10
S1900710,P056,911,1624,5,10
S1900710,P060,911,1624,2,10
S1900710,P070,911,1624,6,10
S2201109,P711,911,1618,15,10
S2201109,P731,911,1618,19,10
S2201109,P741,911,1618,15,10
S2201109,P751,911,1618,15,10
S2300429,P701,911,1618,0,00
S2300429,PF01,911,1618,9,10
S2005081,P401,911,1624,7,10
E4900744,P001,911,1624,0,00
E4900744,P002,911,1624,0,00
E4900744,P023,911,1624,0,00
E4900744,P001,923,1615,0,00
E4900744,P023,923,1615,0,00
E4900744,P001,936,1615,0,00
E4900744,P023,936,1615,0,00
E5600841,P001,911,1618,5,10
E5600841,P002,911,1618,5,10
E5600841,P003,911,1618,9,10
E5600841,P004,911,1618,6,10
E5600841,P005,911,1618,9,10
E5600841,P006,911,1618,12,10
E5600841,P007,911,1618,13,10
E5600841,P008,911,1618,10,10
E5600841,P009,911,1618,9,10
E5600841,P010,911,1618,6,10
E5600841,PC23,911,1618,10,10
E5600841,PC83,911,1618,14,10
E5600841,PPB1,911,1618,8,10
E5600841,PPC1,911,1618,5,10
E5600841,PR54,911,1618,3,10
E5600841,PR61,911,1618,7,10
E5600841,PR62,911,1618,4,10
E5600841,PS11,911,1618,11,10
E5600841,PS12,911,1618,8,10
E5600841,PS31,911,1618,7,10
E5600841,PS32,911,1618,4,10
E5600841,PS51,911,1618,12,10
E5600841,PS52,911,1618,9,10
E5600841,PS71,911,1618,0,00
E5600841,PS72,911,1618,0,00
E5600896,P004,922,1600,0,00
E5600896,P004,923,1600,0,00
E5600896,P004,936,1600,0,00
E5600896,P005,922,1600,0,00
E5600896,P005,923,1600,0,00
E5600896,P005,936,1600,0,00
E5600896,P007,922,1600,0,10
E5600896,P007,923,1600,70,10
E5600896,P007,936,1600,5,10
E5600896,P008,922,1600,0,10
E5600896,P008,923,1600,61,10
E5600896,P008,936,1600,2,10
E5400878,P001,923,1600,21,10
E5400878,P001,936,1600,15,10
E5400878,P002,923,1600,18,10
E5400878,P002,936,1600,14,10
E5400878,P003,923,1600,17,10
E5400878,P003,936,1600,15,10
E5400878,P010,923,1600,18,10
E5400878,P010,936,1600,13,10
E4900333,P001,911,1618,9,10
E4900333,P002,911,1618,0,00
E4900333,P003,911,1618,0,32
E4900333,P103,911,1618,0,32
E4900333,P021,911,1618,6,10
E4900333,P105,911,1618,9,10
E5601197,P002,911,1624,3,10
E5601197,P003,911,1624,3,10
S1602755,P101,911,1624,5,10
S1602755,P201,911,1624,5,10
S1602755,P301,911,1624,6,10
S1602755,P101,922,1615,2,10
S1602755,P201,922,1615,2,10
S1602755,P301,922,1615,9,10
S1602755,P101,923,1615,55,10
S1602755,P201,923,1615,65,10
S1602755,P301,923,1615,36,10
S1602755,P101,924,1615,23,10
S1602755,P201,924,1615,12,10
S1602755,P301,924,1615,42,10
S1602755,P101,926,1615,4,10
S1602755,P201,926,1615,12,10
S1602755,P301,926,1615,4,10
S1602755,P101,936,1615,9,10
S1602755,P201,936,1615,9,10
S1602755,P301,936,1615,5,10
S2300438,P001,922,1615,0,10
S2300438,P001,923,1615,27,10
S2300438,P001,936,1615,7,10
S2300438,P001,911,1624,5,10
E5600850,PC01,923,1615,0,00
E5600850,PC01,924,1615,0,00
E5600850,PC01,936,1615,0,00
E5600850,PC01,926,1615,0,00
E5600896,P004,911,1612,0,00
E5600896,P005,911,1612,0,00
E5600896,P007,911,1612,5,10
E5600896,P008,911,1612,7,10
E5400878,P010,911,1612,1,10
E5600332,P001,911,1624,0,00
E5600332,P002,911,1624,0,00
E5600332,P003,911,1624,0,00
E5600850,PC01,911,1624,0,00
E5600789,P001,911,1624,0,00
E5600056,P004,911,1630,0,00
E5600056,P006,911,1630,3,10
E5600056,P007,911,1630,0,00
E5600056,P008,911,1630,5,10
E5600056,P009,911,1630,2,10
E5600056,P016,911,1630,5,10
E5600056,P017,911,1630,2,10
E5600056,P018,911,1630,3,10
E5600056,P021,911,1630,2,10
E5600056,P022,911,1630,3,10
E5600056,P023,911,1630,1,10
E5600056,P024,911,1630,3,10
E5600056,P004,922,1630,0,00
E5600056,P004,923,1630,0,00
E5600056,P004,924,1630,0,00
E5600056,P004,936,1630,0,00
E5600056,P006,922,1630,26,10
E5600056,P006,923,1630,57,10
E5600056,P006,924,1630,1,10
E5600056,P006,936,1630,6,10
E5600056,P007,922,1630,0,00
E5600056,P007,923,1630,0,00
E5600056,P007,924,1630,0,00
E5600056,P007,936,1630,0,00
E5600056,P008,922,1630,45,10
E5600056,P008,923,1630,67,10
E5600056,P008,924,1630,0,10
E5600056,P008,936,1630,5,10
E5600056,P016,922,1630,0,10
E5600056,P016,923,1630,34,10
E5600056,P016,936,1630,12,10
E5600056,P017,922,1630,2,10
E5600056,P017,923,1630,23,10
E5600056,P017,924,1630,0,10
E5600056,P017,936,1630,3,10
E5600056,P018,922,1630,0,10
E5600056,P018,923,1630,14,10
E5600056,P018,936,1630,4,10
E5600056,P021,922,1630,0,10
E5600056,P021,923,1630,47,10
E5600056,P021,936,1630,4,10
E5600056,P024,922,1630,3,10
E5600056,P024,923,1630,33,10
E5600056,P024,924,1630,2,10
E5600056,P024,936,1630,6,10
E5600056,P034,923,1630,49,10
E5600056,P034,936,1630,1,10
E5002890,P001,911,1624,5,10
E5002890,P002,911,1624,6,10
E5002890,P003,911,1624,0,00
E5002890,P001,922,1615,0,10
E5002890,P002,922,1615,0,10
E5002890,P003,922,1615,0,00
E5002890,P001,923,1615,105,10
E5002890,P002,923,1615,117,10
E5002890,P003,923,1615,0,00
E5002890,P001,924,1615,3,10
E5002890,P002,924,1615,3,10
E5002890,P003,924,1615,0,00
E5002890,P001,926,1615,14,10
E5002890,P002,926,1615,9,10
E5002890,P003,926,1615,0,00
E5002890,P001,936,1615,12,10
E5002890,P002,936,1615,10,10
E5002890,P003,936,1615,0,00
E5600869,P001,911,1624,4,10
E5600869,P001,922,1615,139,10
E5600869,P001,923,1615,127,10
E5600869,P001,936,1615,6,10
S1900685,P002,911,1624,12,10
S1900685,P421,911,1624,13,10
S1900685,P421,922,1615,14,10
S1900685,P421,923,1615,66,10
S1900685,P421,936,1615,6,10
S1900685,P411,911,1624,4,10
S1900685,P411,922,1615,19,10
S1900685,P411,923,1615,64,10
S1900685,P411,936,1615,12,10
S2202553,P001,911,1624,1,10
S2202553,P002,911,1624,1,10
S2202553,P003,911,1624,1,10
S2202553,P001,922,1615,15,10
S2202553,P002,922,1615,13,10
S2202553,P003,922,1615,10,10
S2202553,P001,923,1615,88,10
S2202553,P002,923,1615,67,10
S2202553,P003,923,1615,94,10
S2202553,P001,924,1615,27,10
S2202553,P002,924,1615,9,10
S2202553,P003,924,1615,5,10
S2202553,P001,926,1615,29,10
S2202553,P002,926,1615,24,10
S2202553,P003,926,1615,26,10
S2202553,P001,936,1615,12,10
S2202553,P002,936,1615,11,10
S2202553,P003,936,1615,9,10
S2100223,P015,911,1630,0,10
S1901066,P004,922,1615,231,10
S1901066,P004,923,1615,185,10
S1901066,P004,924,1615,0,10
S1901066,P004,936,1615,5,10
S1901066,P004,937,1615,11,10
S1901066,P004,911,1624,5,10
S1900710,P015,911,1630,0,00
S1900710,P050,911,1630,5,10
S1900710,P056,911,1630,4,10
S1900710,P060,911,1630,2,10
S1900710,P070,911,1630,6,10
S1900710,P015,923,1630,0,00
S1900710,P015,936,1630,0,00
S1900710,P015,922,1630,0,00
S1900710,P050,923,1630,124,10
S1900710,P050,936,1630,6,10
S1900710,P050,922,1630,69,10
S1900710,P056,923,1630,36,10
S1900710,P056,936,1630,4,10
S1900710,P056,922,1630,24,10
S1900710,P060,923,1630,24,10
S1900710,P060,936,1630,5,10
S1900710,P060,922,1630,27,10
S1900710,P070,923,1630,20,10
S1900710,P070,936,1630,8,10
S1900710,P070,922,1630,16,10
S2201109,P711,923,1615,25,10
S2201109,P711,936,1615,6,10
S2201109,P711,922,1615,2,10
S2201109,P731,923,1615,57,10
S2201109,P731,936,1615,7,10
S2201109,P731,922,1615,11,10
S2201109,P741,923,1615,54,10
S2201109,P741,936,1615,5,10
S2201109,P741,922,1615,26,10
S2201109,P751,923,1615,50,10
S2201109,P751,936,1615,6,10
S2201109,P751,922,1615,12,10
S2300429,P701,922,1615,0,00
S2300429,P701,923,1615,0,00
S2300429,P701,936,1615,0,00
S2300429,PF01,922,1615,22,10
S2300429,PF01,923,1615,30,10
S2300429,PF01,936,1615,5,10
S2201109,P711,911,1624,15,10
S2201109,P731,911,1624,18,10
S2201109,P741,911,1624,15,10
S2201109,P751,911,1624,15,10
S2300429,P701,911,1624,0,00
S2300429,PF01,911,1624,9,10
E4900744,P001,911,1630,0,00
E4900744,P002,911,1630,0,00
E4900744,P023,911,1630,0,00
E5600841,P001,923,1615,13,10
E5600841,P001,936,1615,5,10
E5600841,P001,911,1624,5,10
E5600841,P001,922,1615,23,10
E5600841,P002,923,1615,18,10
E5600841,P002,936,1615,4,10
E5600841,P002,911,1624,5,10
E5600841,P002,922,1615,16,10
E5600841,P003,923,1615,10,10
E5600841,P003,936,1615,5,10
E5600841,P003,911,1624,9,10
E5600841,P003,922,1615,21,10
E5600841,P004,923,1615,21,10
E5600841,P004,936,1615,4,10
E5600841,P004,911,1624,6,10
E5600841,P004,922,1615,18,10
E5600841,P005,923,1615,15,10
E5600841,P005,936,1615,4,10
E5600841,P005,911,1624,9,10
E5600841,P005,922,1615,17,10
E5600841,P006,923,1615,55,10
E5600841,P006,936,1615,6,10
E5600841,P006,911,1624,12,10
E5600841,P006,922,1615,76,10
E5600841,P007,923,1615,29,10
E5600841,P007,936,1615,6,10
E5600841,P007,911,1624,13,10
E5600841,P007,922,1615,68,10
E5600841,P008,923,1615,50,10
E5600841,P008,936,1615,9,10
E5600841,P008,911,1624,9,10
E5600841,P008,922,1615,8,10
E5600841,P009,923,1615,10,10
E5600841,P009,936,1615,5,10
E5600841,P009,911,1624,9,10
E5600841,P009,922,1615,24,10
E5600841,P010,923,1615,10,10
E5600841,P010,936,1615,6,10
E5600841,P010,911,1624,6,10
E5600841,P010,922,1615,19,10
E5600841,PC23,923,1615,75,10
E5600841,PC23,936,1615,9,10
E5600841,PC23,911,1624,10,10
E5600841,PC23,922,1615,30,10
E5600841,PC83,923,1615,66,10
E5600841,PC83,936,1615,8,10
E5600841,PC83,911,1624,15,10
E5600841,PC83,922,1615,24,10
E5600841,PPB1,923,1615,9,10
E5600841,PPB1,936,1615,9,10
E5600841,PPB1,911,1624,8,10
E5600841,PPB1,922,1615,26,10
E5600841,PPC1,923,1615,11,10
E5600841,PPC1,936,1615,3,10
E5600841,PPC1,911,1624,5,10
E5600841,PPC1,922,1615,17,10
E5600841,PR54,923,1615,77,10
E5600841,PR54,936,1615,5,10
E5600841,PR54,911,1624,3,10
E5600841,PR54,922,1615,39,10
E5600841,PR61,923,1615,87,10
E5600841,PR61,936,1615,3,10
E5600841,PR61,911,1624,7,10
E5600841,PR61,922,1615,42,10
E5600841,PR62,923,1615,39,10
E5600841,PR62,936,1615,3,10
E5600841,PR62,911,1624,4,10
E5600841,PR62,922,1615,23,10
E5600841,PS11,923,1615,36,10
E5600841,PS11,936,1615,11,10
E5600841,PS11,911,1624,11,10
E5600841,PS11,922,1615,59,10
E5600841,PS12,911,1624,8,10
E5600841,PS31,923,1615,111,10
E5600841,PS31,936,1615,12,10
E5600841,PS31,911,1624,7,10
E5600841,PS31,922,1615,85,10
E5600841,PS32,911,1624,4,10
E5600841,PS51,923,1615,40,10
E5600841,PS51,936,1615,12,10
E5600841,PS51,911,1624,12,10
E5600841,PS51,922,1615,18,10
E5600841,PS52,911,1624,9,10
E5600841,PS71,923,1615,0,00
E5600841,PS71,936,1615,0,00
E5600841,PS71,911,1624,0,00
E5600841,PS71,922,1615,0,00
E5600841,PS72,911,1624,0,00
E4900333,P001,911,1624,9,10
E4900333,P002,911,1624,0,00
E4900333,P003,911,1624,0,32
E4900333,P103,911,1624,0,32
E4900333,P021,911,1624,6,10
E4900333,P105,911,1624,9,10
E4900333,P001,922,1615,1,10
E4900333,P002,922,1615,0,00
E4900333,P003,922,1615,0,32
E4900333,P103,922,1615,0,32
E4900333,P021,922,1615,1,10
E4900333,P105,922,1615,58,10
E4900333,P001,923,1615,87,10
E4900333,P002,923,1615,0,00
E4900333,P003,923,1615,0,32
E4900333,P103,923,1615,0,32
E4900333,P021,923,1615,38,10
E4900333,P105,923,1615,77,10
E4900333,P001,936,1615,13,10
E4900333,P002,936,1615,0,00
E4900333,P003,936,1615,0,32
E4900333,P103,936,1615,0,32
E4900333,P021,936,1615,7,10
E4900333,P105,936,1615,10,10
E5601197,P002,911,1630,3,10
E5601197,P003,911,1630,3,10
S1602755,P101,911,1630,5,10
S1602755,P201,911,1630,5,10
S1602755,P301,911,1630,6,10
S2300438,P001,911,1630,5,10
E5600896,P004,911,1618,0,00
E5600896,P005,911,1618,0,00
E5600896,P007,911,1618,5,10
E5600896,P008,911,1618,7,10
E5400878,P010,911,1618,1,10
E5600332,P001,911,1630,0,00
E5600332,P002,911,1630,0,00
E5600332,P003,911,1630,0,00
E5600850,PC01,911,1630,0,00
E5600789,P001,911,1630,0,00
E5600056,P004,911,1636,0,00
E5600056,P006,911,1636,3,10
E5600056,P007,911,1636,0,00
E5600056,P008,911,1636,5,10
E5600056,P009,911,1636,2,10
E5600056,P016,911,1636,5,10
E5600056,P017,911,1636,2,10
E5600056,P018,911,1636,3,10
E5600056,P021,911,1636,2,10
E5600056,P022,911,1636,3,10
E5600056,P023,911,1636,1,10
E5600056,P024,911,1636,3,10
E5002890,P001,911,1630,5,10
E5002890,P002,911,1630,5,10
E5002890,P003,911,1630,0,00
E5600869,P001,911,1630,4,10
S1900685,P002,911,1630,12,10
S1900685,P421,911,1630,15,10
S1900685,P411,911,1630,4,10
S2202553,P001,911,1630,1,10
S2202553,P002,911,1630,1,10
S2202553,P003,911,1630,1,10
S2100223,P015,911,1636,0,10
S1901066,P004,911,1630,5,10
S1900710,P015,911,1636,0,00
S1900710,P050,911,1636,5,10
S1900710,P056,911,1636,4,10
S1900710,P060,911,1636,2,10
S1900710,P070,911,1636,6,10
E4900744,P001,911,1636,0,00
E4900744,P002,911,1636,0,00
E4900744,P023,911,1636,0,00
E5600841,P001,911,1630,5,10
E5600841,P002,911,1630,5,10
E5600841,P003,911,1630,9,10
E5600841,P004,911,1630,6,10
E5600841,P005,911,1630,9,10
E5600841,P006,911,1630,12,10
E5600841,P007,911,1630,13,10
E5600841,P008,911,1630,9,10
E5600841,P009,911,1630,9,10
E5600841,P010,911,1630,6,10
E5600841,PC23,911,1630,10,10
E5600841,PC83,911,1630,14,10
E5600841,PPB1,911,1630,8,10
E5600841,PPC1,911,1630,5,10
E5600841,PR54,911,1630,3,10
E5600841,PR61,911,1630,7,10
E5600841,PR62,911,1630,4,10
E5600841,PS11,911,1630,10,10
E5600841,PS12,911,1630,8,10
E5600841,PS31,911,1630,7,10
E5600841,PS32,911,1630,4,10
E5600841,PS51,911,1630,12,10
E5600841,PS52,911,1630,9,10
E5600841,PS71,911,1630,0,00
E5600841,PS72,911,1630,0,00
E4900333,P001,911,1630,9,10
E4900333,P002,911,1630,0,00
E4900333,P003,911,1630,0,32
E4900333,P103,911,1630,0,32
E4900333,P021,911,1630,6,10
E4900333,P105,911,1630,9,10
S2100223,P015,922,1630,0,10
S2100223,P015,923,1630,0,10
S2100223,P015,924,1630,0,10
S2100223,P015,936,1630,0,10
E5601197,P002,911,1636,3,10
E5601197,P003,911,1636,3,10
S1602755,P101,911,1636,5,10
S1602755,P201,911,1636,5,10
S1602755,P301,911,1636,6,10
E5600850,PC01,911,1636,0,00
S2300438,P001,911,1636,5,10
E4900744,P001,923,1630,0,00
E4900744,P023,923,1630,0,00
E4900744,P001,936,1630,0,00
E4900744,P023,936,1630,0,00
E5600896,P004,922,1615,0,00
E5600896,P004,923,1615,0,00
E5600896,P004,936,1615,0,00
E5600896,P005,922,1615,0,00
E5600896,P005,923,1615,0,00
E5600896,P005,936,1615,0,00
E5600896,P007,922,1615,0,10
E5600896,P007,923,1615,69,10
E5600896,P007,936,1615,5,10
E5600896,P008,922,1615,0,10
E5600896,P008,923,1615,61,10
E5600896,P008,936,1615,2,10
E5600896,P004,911,1624,0,00
E5600896,P005,911,1624,0,00
E5600896,P007,911,1624,5,10
E5600896,P008,911,1624,7,10
E5400878,P001,923,1615,21,10
E5400878,P001,936,1615,15,10
E5400878,P002,923,1615,19,10
E5400878,P002,936,1615,14,10
E5400878,P003,923,1615,16,10
E5400878,P003,936,1615,15,10
E5400878,P010,923,1615,18,10
E5400878,P010,936,1615,13,10
E5400878,P010,911,1624,1,10
S2300429,P701,911,1636,0,00
S2300429,PF01,911,1636,9,10
E5600332,P001,911,1636,0,00
E5600332,P002,911,1636,0,00
E5600332,P003,911,1636,0,00
E5600789,P001,911,1636,0,00
E5600056,P004,911,1642,0,00
E5600056,P006,911,1642,3,10
E5600056,P007,911,1642,0,00
E5600056,P008,911,1642,5,10
E5600056,P009,911,1642,2,10
E5600056,P016,911,1642,4,10
E5600056,P017,911,1642,2,10
E5600056,P018,911,1642,3,10
E5600056,P021,911,1642,2,10
E5600056,P022,911,1642,3,10
E5600056,P023,911,1642,1,10
E5600056,P024,911,1642,3,10
E5002890,P001,911,1636,5,10
E5002890,P002,911,1636,5,10
E5002890,P003,911,1636,0,00
E5600869,P001,911,1636,4,10
S1900685,P002,911,1636,12,10
S1900685,P421,911,1636,14,10
S1900685,P411,911,1636,4,10
S2202553,P001,911,1636,1,10
S2202553,P002,911,1636,1,10
S2202553,P003,911,1636,1,10
S2100223,P015,911,1642,0,10
S2300438,P001,922,1630,0,10
S2300438,P001,923,1630,31,10
S2300438,P001,936,1630,7,10
S1901066,P004,911,1636,5,10
S1900710,P015,911,1642,0,00
S1900710,P050,911,1642,5,10
S1900710,P056,911,1642,4,10
S1900710,P060,911,1642,3,10
S1900710,P070,911,1642,6,10
S1602755,P101,922,1630,2,10
S1602755,P201,922,1630,7,10
S1602755,P301,922,1630,3,10
S1602755,P101,923,1630,80,10
S1602755,P201,923,1630,64,10
S1602755,P301,923,1630,47,10
S1602755,P101,924,1630,10,10
S1602755,P201,924,1630,82,11
S1602755,P301,924,1630,39,10
S1602755,P101,926,1630,5,10
S1602755,P201,926,1630,19,10
S1602755,P301,926,1630,4,10
S1602755,P101,936,1630,9,10
S1602755,P201,936,1630,8,10
S1602755,P301,936,1630,7,10
E4900744,P001,911,1642,0,00
E4900744,P002,911,1642,0,00
E4900744,P023,911,1642,0,00
E5600841,P001,911,1636,5,10
E5600841,P002,911,1636,5,10
E5600841,P003,911,1636,9,10
E5600841,P004,911,1636,6,10
E5600841,P005,911,1636,9,10
E5600841,P006,911,1636,12,10
E5600841,P007,911,1636,13,10
E5600841,P008,911,1636,9,10
E5600841,P009,911,1636,9,10
E5600841,P010,911,1636,6,10
E5600841,PC23,911,1636,10,10
E5600841,PC83,911,1636,15,10
E5600841,PPB1,911,1636,8,10
E5600841,PPC1,911,1636,5,10
E5600841,PR54,911,1636,3,10
E5600841,PR61,911,1636,7,10
E5600841,PR62,911,1636,4,10
E5600841,PS11,911,1636,12,10
E5600841,PS12,911,1636,8,10
E5600841,PS31,911,1636,7,10
E5600841,PS32,911,1636,4,10
E5600841,PS51,911,1636,12,10
E5600841,PS52,911,1636,9,10
E5600841,PS71,911,1636,0,00
E5600841,PS72,911,1636,0,00
E5600850,PC01,923,1630,0,00
E5600850,PC01,924,1630,0,00
E5600850,PC01,936,1630,0,00
E5600850,PC01,926,1630,0,00
S1901066,P004,922,1630,231,10
S1901066,P004,923,1630,186,10
S1901066,P004,924,1630,0,10
S1901066,P004,936,1630,5,10
S1901066,P004,937,1630,11,10
S2201109,P711,911,1636,15,10
S2201109,P731,911,1636,19,10
S2201109,P741,911,1636,16,10
S2201109,P751,911,1636,15,10
E4900333,P001,911,1636,9,10
E4900333,P002,911,1636,0,00
E4900333,P003,911,1636,0,32
E4900333,P103,911,1636,0,32
E4900333,P021,911,1636,6,10
E4900333,P105,911,1636,9,10
E5002890,P001,922,1630,0,10
E5002890,P002,922,1630,0,10
E5002890,P003,922,1630,0,00
E5002890,P001,923,1630,95,10
E5002890,P002,923,1630,113,10
E5002890,P003,923,1630,0,00
E5002890,P001,924,1630,4,10
E5002890,P002,924,1630,3,10
E5002890,P003,924,1630,0,00
E5002890,P001,926,1630,11,10
E5002890,P002,926,1630,7,10
E5002890,P003,926,1630,0,00
E5002890,P001,936,1630,13,10
E5002890,P002,936,1630,11,10
E5002890,P003,936,1630,0,00
E5600869,P001,922,1630,139,10
E5600869,P001,923,1630,128,10
E5600869,P001,936,1630,7,10
S1900710,P070,923,1645,21,10
S1900710,P070,936,1645,8,10
S1900710,P070,922,1645,16,10
S1900710,P015,923,1645,0,00
S1900710,P015,936,1645,0,00
S1900710,P015,922,1645,0,00
S1900710,P050,923,1645,117,10
S1900710,P050,936,1645,5,10
S1900710,P050,922,1645,67,10
S1900710,P056,923,1645,37,10
S1900710,P056,936,1645,4,10
S1900710,P056,922,1645,24,10
S1900710,P060,923,1645,23,10
S1900710,P060,936,1645,5,10
S1900710,P060,922,1645,26,10
S1601990,P001,911,1642,2,10
S1601990,P004,911,1642,3,10
S1601990,P049,911,1642,2,10
S2300429,P701,911,1630,0,00
S2300429,P701,922,1630,0,00
S2300429,P701,923,1630,0,00
S2300429,P701,936,1630,0,00
S2300429,PF01,911,1630,9,10
S2300429,PF01,922,1630,22,10
S2300429,PF01,923,1630,38,10
S2300429,PF01,936,1630,6,10
S1900685,P421,922,1630,12,10
S1900685,P421,923,1630,65,10
S1900685,P421,936,1630,6,10
S1900685,P411,922,1630,18,10
S1900685,P411,923,1630,62,10
S1900685,P411,936,1630,12,10
S2202553,P001,922,1630,8,10
S2202553,P002,922,1630,11,10
S2202553,P003,922,1630,6,10
S2202553,P001,923,1630,92,10
S2202553,P002,923,1630,72,10
S2202553,P003,923,1630,80,10
S2202553,P001,924,1630,9,10
S2202553,P002,924,1630,7,10
S2202553,P003,924,1630,8,10
S2202553,P001,926,1630,15,10
S2202553,P002,926,1630,22,10
S2202553,P003,926,1630,20,10
S2202553,P001,936,1630,11,10
S2202553,P002,936,1630,11,10
S2202553,P003,936,1630,9,10
E5601197,P002,911,1642,3,10
E5601197,P003,911,1642,3,10
S1602755,P101,911,1642,5,10
S1602755,P201,911,1642,5,10
S1602755,P301,911,1642,6,10
E5600850,PC01,911,1642,0,00
S2300438,P001,911,1642,5,10
E5600841,P001,923,1630,13,10
E5600841,P001,936,1630,4,10
E5600841,P001,922,1630,24,10
E5600841,P002,923,1630,19,10
E5600841,P002,936,1630,4,10
E5600841,P002,922,1630,17,10
E5600841,P003,923,1630,10,10
E5600841,P003,936,1630,5,10
E5600841,P003,922,1630,21,10
E5600841,P004,923,1630,19,10
E5600841,P004,936,1630,4,10
E5600841,P004,922,1630,18,10
E5600841,P005,923,1630,14,10
E5600841,P005,936,1630,4,10
E5600841,P005,922,1630,18,10
E5600841,P006,923,1630,47,10
E5600841,P006,936,1630,5,10
E5600841,P006,922,1630,76,10
E5600841,P007,923,1630,31,10
E5600841,P007,936,1630,6,10
E5600841,P007,922,1630,69,10
E5600841,P008,923,1630,42,10
E5600841,P008,936,1630,9,10
E5600841,P008,922,1630,7,10
E5600841,P009,923,1630,10,10
E5600841,P009,936,1630,5,10
E5600841,P009,922,1630,24,10
E5600841,P010,923,1630,10,10
E5600841,P010,936,1630,6,10
E5600841,P010,922,1630,19,10
E5600841,PC23,923,1630,74,10
E5600841,PC23,936,1630,9,10
E5600841,PC23,922,1630,33,10
E5600841,PC83,923,1630,70,10
E5600841,PC83,936,1630,8,10
E5600841,PC83,922,1630,24,10
E5600841,PPB1,923,1630,9,10
E5600841,PPB1,936,1630,9,10
E5600841,PPB1,922,1630,24,10
E5600841,PPC1,923,1630,11,10
E5600841,PPC1,936,1630,3,10
E5600841,PPC1,922,1630,18,10
E5600841,PR54,923,1630,75,10
E5600841,PR54,936,1630,4,10
E5600841,PR54,922,1630,40,10
E5600841,PR61,923,1630,90,10
E5600841,PR61,936,1630,3,10
E5600841,PR61,922,1630,43,10
E5600841,PR62,923,1630,49,10
E5600841,PR62,936,1630,4,10
E5600841,PR62,922,1630,21,10
E5600841,PS11,923,1630,36,10
E5600841,PS11,936,1630,11,10
E5600841,PS11,922,1630,66,10
E5600841,PS31,923,1630,111,10
E5600841,PS31,936,1630,12,10
E5600841,PS31,922,1630,92,10
E5600841,PS51,923,1630,38,10
E5600841,PS51,936,1630,12,10
E5600841,PS51,922,1630,17,10
E5600841,PS71,923,1630,0,00
E5600841,PS71,936,1630,0,00
E5600841,PS71,922,1630,0,00
E5600896,P004,911,1630,0,00
E5600896,P005,911,1630,0,00
E5600896,P007,911,1630,5,10
E5600896,P008,911,1630,7,10
E5400878,P010,911,1630,1,10
S2300429,P701,911,1642,0,00
S2300429,PF01,911,1642,9,10
E5600332,P001,911,1642,0,00
E5600332,P002,911,1642,0,00
E5600332,P003,911,1642,0,00
E5600056,P004,922,1645,0,00
E5600056,P004,923,1645,0,00
E5600056,P004,924,1645,0,00
E5600056,P004,936,1645,0,00
E5600056,P006,922,1645,28,10
E5600056,P006,923,1645,63,10
E5600056,P006,924,1645,1,10
E5600056,P006,936,1645,6,10
E5600056,P007,922,1645,0,00
E5600056,P007,923,1645,0,00
E5600056,P007,924,1645,0,00
E5600056,P007,936,1645,0,00
E5600056,P008,922,1645,45,10
E5600056,P008,923,1645,69,10
E5600056,P008,924,1645,0,10
E5600056,P008,936,1645,6,10
E5600056,P016,922,1645,0,10
E5600056,P016,923,1645,31,10
E5600056,P016,936,1645,12,10
E5600056,P017,922,1645,2,10
E5600056,P017,923,1645,23,10
E5600056,P017,924,1645,0,10
E5600056,P017,936,1645,3,10
E5600056,P018,922,1645,0,10
E5600056,P018,923,1645,15,10
E5600056,P018,924,1645,0,10
E5600056,P018,936,1645,4,10
E5600056,P021,922,1645,0,10
E5600056,P021,923,1645,47,10
E5600056,P021,924,1645,0,10
E5600056,P021,936,1645,4,10
E5600056,P024,922,1645,3,10
E5600056,P024,923,1645,35,10
E5600056,P024,924,1645,2,10
E5600056,P024,936,1645,6,10
E5600056,P034,922,1645,6,10
E5600056,P034,923,1645,50,10
E5600056,P034,936,1645,1,10
E5600789,P001,911,1642,0,00
E5600056,P004,911,1648,0,00
E5600056,P006,911,1648,3,10
E5600056,P007,911,1648,0,00
E5600056,P008,911,1648,5,10
E5600056,P009,911,1648,2,10
E5600056,P016,911,1648,5,10
E5600056,P017,911,1648,2,10
E5600056,P018,911,1648,3,10
E5600056,P021,911,1648,2,10
E5600056,P022,911,1648,2,10
E5600056,P023,911,1648,1,10
E5600056,P024,911,1648,3,10
E5002890,P001,911,1642,5,10
E5002890,P002,911,1642,5,10
E5002890,P003,911,1642,0,00
E5600869,P001,911,1642,4,10
S1900685,P002,911,1642,13,10
S1900685,P421,911,1642,14,10
S1900685,P411,911,1642,4,10
S2202553,P001,911,1642,1,10
S2202553,P002,911,1642,1,10
S2202553,P003,911,1642,1,10
S2100223,P015,911,1648,0,10
S1901066,P004,911,1642,5,10
E4900333,P001,922,1630,1,10
E4900333,P002,922,1630,0,00
E4900333,P003,922,1630,0,32
E4900333,P103,922,1630,0,32
E4900333,P021,922,1630,1,10
E4900333,P105,922,1630,63,10
E4900333,P001,923,1630,87,10
E4900333,P002,923,1630,0,00
E4900333,P003,923,1630,0,32
E4900333,P103,923,1630,0,32
E4900333,P021,923,1630,39,10
E4900333,P105,923,1630,79,10
E4900333,P001,936,1630,13,10
E4900333,P002,936,1630,0,00
E4900333,P003,936,1630,0,32
E4900333,P103,936,1630,0,32
E4900333,P021,936,1630,7,10
E4900333,P105,936,1630,10,10
S1900710,P070,911,1648,6,10
S1900710,P015,911,1648,0,00
S1900710,P050,911,1648,5,10
S1900710,P056,911,1648,4,10
S1900710,P060,911,1648,2,10
E4900744,P001,911,1648,0,00
E4900744,P002,911,1648,0,00
E4900744,P023,911,1648,0,00
E5600841,P001,911,1642,5,10
E5600841,P002,911,1642,5,10
E5600841,P003,911,1642,9,10
E5600841,P004,911,1642,6,10
E5600841,P005,911,1642,9,10
E5600841,P006,911,1642,12,10
E5600841,P007,911,1642,13,10
E5600841,P008,911,1642,9,10
E5600841,P009,911,1642,9,10
E5600841,P010,911,1642,6,10
E5600841,PC23,911,1642,10,10
E5600841,PC83,911,1642,14,10
E5600841,PPB1,911,1642,8,10
E5600841,PPC1,911,1642,5,10
E5600841,PR54,911,1642,3,10
E5600841,PR61,911,1642,7,10
E5600841,PR62,911,1642,4,10
E5600841,PS11,911,1642,11,10
E5600841,PS12,911,1642,8,10
E5600841,PS31,911,1642,7,10
E5600841,PS32,911,1642,4,10
E5600841,PS51,911,1642,12,10
E5600841,PS52,911,1642,9,10
E5600841,PS71,911,1642,0,00
E5600841,PS72,911,1642,0,00
S2201109,P711,911,1630,15,10
S2201109,P731,911,1630,18,10
S2201109,P741,911,1630,15,10
S2201109,P751,911,1630,15,10
S2201109,P711,923,1630,25,10
S2201109,P711,936,1630,6,10
S2201109,P711,922,1630,2,10
S2201109,P731,923,1630,60,10
S2201109,P731,936,1630,7,10
S2201109,P731,922,1630,11,10
S2201109,P741,923,1630,50,10
S2201109,P741,936,1630,5,10
S2201109,P741,922,1630,26,10
S2201109,P751,923,1630,51,10
S2201109,P751,936,1630,6,10
S2201109,P751,922,1630,12,10
S2201109,P711,911,1642,15,10
S2201109,P731,911,1642,19,10
S2201109,P741,911,1642,17,10
S2201109,P751,911,1642,16,10
E4900333,P001,911,1642,9,10
E4900333,P002,911,1642,0,00
E4900333,P003,911,1642,0,32
E4900333,P103,911,1642,0,32
E4900333,P021,911,1642,7,10
E4900333,P105,911,1642,9,10
E5601197,P002,911,1648,3,10
E5601197,P003,911,1648,3,10
S1602755,P101,911,1648,5,10
S1602755,P201,911,1648,5,10
S1602755,P301,911,1648,6,10
E5600850,PC01,911,1648,0,00
S2300438,P001,911,1648,5,10
E5600896,P004,911,1636,0,00
E5600896,P005,911,1636,0,00
E5600896,P007,911,1636,5,10
E5600896,P008,911,1636,7,10
E5400878,P010,911,1636,1,10
S2300429,P701,911,1648,0,00
S2300429,PF01,911,1648,9,10
E5600332,P001,911,1648,0,00
E5600332,P002,911,1648,0,00
E5600332,P003,911,1648,0,00
E5600789,P001,911,1648,0,00
E5600056,P004,911,1654,0,00
E5600056,P006,911,1654,3,10
E5600056,P007,911,1654,0,00
E5600056,P008,911,1654,5,10
E5600056,P009,911,1654,2,10
E5600056,P016,911,1654,5,10
E5600056,P017,911,1654,2,10
E5600056,P018,911,1654,3,10
E5600056,P021,911,1654,2,10
E5600056,P022,911,1654,3,10
E5600056,P023,911,1654,1,10
E5600056,P024,911,1654,4,10
E5002890,P001,911,1648,5,10
E5002890,P002,911,1648,5,10
E5002890,P003,911,1648,0,00
E5600869,P001,911,1648,4,10
S1900685,P002,911,1648,12,10
S1900685,P421,911,1648,10,10
S1900685,P411,911,1648,4,10
S2100223,P015,911,1654,0,10
S2100223,P015,922,1645,0,10
S2100223,P015,923,1645,0,10
S2100223,P015,924,1645,0,10
S2100223,P015,936,1645,0,10
S2100223,P015,222,1600,0,
S2100223,P015,223,1600,0,
S2100223,P015,224,1600,0,
S2100223,P015,236,1600,0,
S2100223,P015,248,1600,0,
S2100223,P015,259,1600,0,
S2201109,P711,911,1648,15,10
S2201109,P731,911,1648,19,10
S2201109,P741,911,1648,21,11
S2201109,P751,911,1648,16,10
S1901066,P004,911,1648,5,10
S1900710,P015,911,1654,0,00
S1900710,P050,911,1654,5,10
S1900710,P056,911,1654,4,10
S1900710,P060,911,1654,5,10
S1900710,P070,911,1654,6,10
S2202553,P001,911,1648,1,10
S2202553,P002,911,1648,1,10
S2202553,P003,911,1648,1,10
E4900744,P001,911,1654,0,00
E4900744,P002,911,1654,0,00
E4900744,P023,911,1654,0,00
E4900744,P001,923,1645,0,00
E4900744,P023,923,1645,0,00
E4900744,P001,936,1645,0,00
E4900744,P023,936,1645,0,00
E4900744,P001,223,1600,0,00
E4900744,P023,223,1600,0,00
E4900744,P001,236,1600,0,00
E4900744,P023,236,1600,0,00
E4900744,P001,248,1600,0,00
E4900744,P023,248,1600,0,00
E4900744,P001,259,1600,0,00
E4900744,P023,259,1600,0,00
E5600841,P001,911,1648,5,10
E5600841,P002,911,1648,5,10
E5600841,P003,911,1648,9,10
E5600841,P004,911,1648,6,10
E5600841,P005,911,1648,9,10
E5600841,P006,911,1648,12,10
E5600841,P007,911,1648,13,10
E5600841,P008,911,1648,10,10
E5600841,P009,911,1648,9,10
E5600841,P010,911,1648,6,10
E5600841,PC23,911,1648,10,10
E5600841,PC83,911,1648,14,10
E5600841,PPB1,911,1648,8,10
E5600841,PPC1,911,1648,5,10
E5600841,PR54,911,1648,3,10
E5600841,PR61,911,1648,7,10
E5600841,PR62,911,1648,4,10
E5600841,PS11,911,1648,11,10
E5600841,PS12,911,1648,8,10
E5600841,PS31,911,1648,7,10
E5600841,PS32,911,1648,4,10
E5600841,PS51,911,1648,12,10
E5600841,PS52,911,1648,9,10
E5600841,PS71,911,1648,0,00
E5600841,PS72,911,1648,0,00
E5600896,P004,922,1630,0,00
E5600896,P004,923,1630,0,00
E5600896,P004,936,1630,0,00
E5600896,P005,922,1630,0,00
E5600896,P005,923,1630,0,00
E5600896,P005,936,1630,0,00
E5600896,P007,922,1630,0,10
E5600896,P007,923,1630,69,10
E5600896,P007,936,1630,5,10
E5600896,P008,922,1630,0,10
E5600896,P008,923,1630,61,10
E5600896,P008,936,1630,2,10
E5400878,P001,923,1630,21,10
E5400878,P001,936,1630,15,10
E5400878,P002,923,1630,19,10
E5400878,P002,936,1630,15,10
E5400878,P003,923,1630,16,10
E5400878,P003,936,1630,15,10
E5400878,P010,923,1630,18,10
E5400878,P010,936,1630,13,10
E4900333,P001,911,1648,9,10
E4900333,P002,911,1648,0,00
E4900333,P003,911,1648,0,32
E4900333,P103,911,1648,0,32
E4900333,P021,911,1648,6,10
E4900333,P105,911,1648,9,10
E5600332,P001,911,1654,0,00
E5600332,P002,911,1654,0,00
E5600332,P003,911,1654,0,00
E5601197,P002,911,1654,3,10
E5601197,P003,911,1654,3,10
S1602755,P101,911,1654,5,10
S1602755,P201,911,1654,5,10
S1602755,P301,911,1654,6,10
S1602755,P101,922,1645,2,10
S1602755,P201,922,1645,7,10
S1602755,P301,922,1645,3,10
S1602755,P101,923,1645,85,10
S1602755,P201,923,1645,70,10
S1602755,P301,923,1645,55,10
S1602755,P101,924,1645,13,10
S1602755,P201,924,1645,56,10
S1602755,P301,924,1645,8,10
S1602755,P101,926,1645,7,10
S1602755,P201,926,1645,24,11
S1602755,P301,926,1645,6,10
S1602755,P101,936,1645,9,10
S1602755,P201,936,1645,9,10
S1602755,P301,936,1645,8,10
S1602755,P101,222,1600,2,10
S1602755,P201,222,1600,4,10
S1602755,P301,222,1600,4,10
S1602755,P101,223,1600,75,10
S1602755,P201,223,1600,66,10
S1602755,P301,223,1600,45,10
S1602755,P101,224,1600,15,10
S1602755,P201,224,1600,46,10
S1602755,P301,224,1600,26,10
S1602755,P101,226,1600,5,10
S1602755,P201,226,1600,16,10
S1602755,P301,226,1600,5,10
S1602755,P101,236,1600,9,10
S1602755,P201,236,1600,8,10
S1602755,P301,236,1600,7,10
S1602755,P101,248,1600,102058,10
S1602755,P201,248,1600,87767,10
S1602755,P301,248,1600,112689,10
S1602755,P101,259,1600,137,10
S1602755,P201,259,1600,134,10
S1602755,P301,259,1600,137,10
E5600850,PC01,923,1645,0,00
E5600850,PC01,924,1645,0,00
E5600850,PC01,936,1645,0,00
E5600850,PC01,926,1645,0,00
S2300438,P001,922,1645,0,10
S2300438,P001,923,1645,30,10
S2300438,P001,936,1645,7,10
E5600850,PC01,911,1654,0,00
S2300438,P001,911,1654,5,10
S2300429,P701,922,1645,0,00
S2300429,P701,923,1645,0,00
S2300429,P701,936,1645,0,00
S2300429,PF01,922,1645,19,10
S2300429,PF01,923,1645,39,10
S2300429,PF01,936,1645,6,10
E5600896,P004,911,1642,0,00
E5600896,P005,911,1642,0,00
E5600896,P007,911,1642,5,10
E5600896,P008,911,1642,7,10
E5400878,P010,911,1642,1,10
S2300429,P701,911,1654,0,00
S2300429,PF01,911,1654,9,10
E5600789,P001,911,1654,0,00
E5600056,P004,911,1700,0,00
E5600056,P006,911,1700,3,10
E5600056,P007,911,1700,0,00
E5600056,P008,911,1700,5,10
E5600056,P009,911,1700,2,10
E5600056,P016,911,1700,4,10
E5600056,P017,911,1700,2,10
E5600056,P018,911,1700,3,10
E5600056,P021,911,1700,3,10
E5600056,P022,911,1700,3,10
E5600056,P023,911,1700,1,10
E5600056,P024,911,1700,3,10
E5600056,P004,922,1700,0,00
E5600056,P004,923,1700,0,00
E5600056,P004,924,1700,0,00
E5600056,P004,936,1700,0,00
E5600056,P006,922,1700,26,10
E5600056,P006,923,1700,79,10
E5600056,P006,924,1700,1,10
E5600056,P006,936,1700,6,10
E5600056,P007,922,1700,0,00
E5600056,P007,923,1700,0,00
E5600056,P007,924,1700,0,00
E5600056,P007,936,1700,0,00
E5600056,P008,922,1700,45,10
E5600056,P008,923,1700,69,10
E5600056,P008,924,1700,0,10
E5600056,P008,936,1700,6,10
E5600056,P016,922,1700,0,10
E5600056,P016,923,1700,33,10
E5600056,P016,936,1700,12,10
E5600056,P017,922,1700,2,10
E5600056,P017,923,1700,23,10
E5600056,P017,924,1700,0,10
E5600056,P017,936,1700,3,10
E5600056,P018,922,1700,0,10
E5600056,P018,923,1700,15,10
E5600056,P018,936,1700,3,10
E5600056,P021,922,1700,0,10
E5600056,P021,923,1700,47,10
E5600056,P021,936,1700,4,10
E5600056,P024,922,1700,3,10
E5600056,P024,923,1700,35,10
E5600056,P024,924,1700,2,10
E5600056,P024,936,1700,6,10
E5600056,P034,923,1700,49,10
E5600056,P034,936,1700,1,10
E5600056,P004,222,1700,0,00
E5600056,P004,223,1700,0,00
E5600056,P004,224,1700,0,00
E5600056,P004,236,1700,0,00
E5600056,P004,248,1700,0,00
E5600056,P004,259,1700,0,00
E5600056,P006,222,1700,27,10
E5600056,P006,223,1700,64,10
E5600056,P006,224,1700,1,10
E5600056,P006,236,1700,6,10
E5002890,P001,911,1654,5,10
E5002890,P002,911,1654,5,10
E5002890,P003,911,1654,0,00
E5002890,P001,922,1645,1,10
E5002890,P002,922,1645,0,10
E5002890,P003,922,1645,0,00
E5002890,P001,923,1645,106,10
E5002890,P002,923,1645,117,10
E5002890,P003,923,1645,0,00
E5002890,P001,924,1645,3,10
E5002890,P002,924,1645,3,10
E5002890,P003,924,1645,0,00
E5002890,P001,926,1645,17,10
E5002890,P002,926,1645,6,10
E5002890,P003,926,1645,0,00
E5002890,P001,936,1645,10,10
E5002890,P002,936,1645,10,10
E5002890,P003,936,1645,0,00
E5002890,P001,222,1600,1,10
E5002890,P002,222,1600,0,10
E5002890,P003,222,1600,0,00
E5002890,P001,223,1600,104,10
E5002890,P002,223,1600,116,10
E5002890,P003,223,1600,0,00
E5002890,P001,224,1600,3,10
E5002890,P002,224,1600,3,10
E5002890,P003,224,1600,0,00
E5002890,P001,226,1600,14,10
E5002890,P002,226,1600,8,10
E5002890,P003,226,1600,0,00
E5002890,P001,236,1600,11,10
E5002890,P002,236,1600,11,10
E5002890,P003,236,1600,0,00
E5002890,P001,248,1600,59131,10
E5002890,P002,248,1600,75480,10
E5002890,P003,248,1600,0,00
E5002890,P001,259,1600,166,10
E5002890,P002,259,1600,160,10
E5002890,P003,259,1600,0,00
E5600869,P001,911,1654,4,10
E5600869,P001,922,1645,132,10
E5600869,P001,923,1645,126,10
E5600869,P001,936,1645,7,10
E5600869,P001,222,1600,134,10
E5600869,P001,223,1600,127,10
E5600869,P001,236,1600,7,10
E5600869,P001,248,1600,56874,10
E5600869,P001,259,1600,109,10
S1900685,P002,911,1654,12,10
S1900685,P421,911,1654,12,10
S1900685,P421,922,1645,14,10
S1900685,P421,923,1645,73,10
S1900685,P421,936,1645,6,10
S1900685,P421,222,1600,13,10
S1900685,P421,223,1600,68,10
S1900685,P421,236,1600,6,10
S1900685,P421,248,1600,307639,10
S1900685,P421,259,1600,53,10
S1900685,P411,911,1654,4,10
S1900685,P411,222,1600,19,10
S1900685,P411,922,1645,23,10
S1900685,P411,223,1600,66,10
S1900685,P411,923,1645,72,10
S1900685,P411,236,1600,12,10
S1900685,P411,936,1645,12,10
S1900685,P411,248,1600,20569,10
S1900685,P411,259,1600,133,10
S2100223,P015,911,1700,0,10
S2201109,P711,923,1645,22,10
S2201109,P711,936,1645,6,10
S2201109,P711,922,1645,2,10
S2201109,P731,923,1645,58,10
S2201109,P731,936,1645,7,10
S2201109,P731,922,1645,12,10
S2201109,P741,923,1645,52,10
S2201109,P741,936,1645,5,10
S2201109,P741,922,1645,25,10
S2201109,P751,923,1645,49,10
S2201109,P751,936,1645,6,10
S2201109,P751,922,1645,12,10
S1901066,P004,922,1645,231,10
S1901066,P004,923,1645,186,10
S1901066,P004,924,1645,0,10
S1901066,P004,936,1645,5,10
S1901066,P004,937,1645,11,10
S2201109,P711,911,1654,15,10
S2201109,P731,911,1654,19,10
S2201109,P741,911,1654,23,11
S2201109,P751,911,1654,16,10
S1901066,P004,911,1654,5,10
S1900710,P015,911,1700,0,00
S1900710,P050,911,1700,5,10
S1900710,P056,911,1700,4,10
S1900710,P060,911,1700,7,10
S1900710,P070,911,1700,6,10
S1900710,P015,923,1700,0,00
S1900710,P015,936,1700,0,00
S1900710,P015,922,1700,0,00
S1900710,P050,923,1700,117,10
S1900710,P050,936,1700,5,10
S1900710,P050,922,1700,67,10
S1900710,P056,923,1700,36,10
S1900710,P056,936,1700,4,10
S1900710,P056,922,1700,23,10
S1900710,P060,923,1700,22,10
S1900710,P060,936,1700,5,10
S1900710,P060,922,1700,26,10
S1900710,P070,923,1700,20,10
S1900710,P070,936,1700,8,10
S1900710,P070,922,1700,16,10
S1900710,P015,248,1700,0,00
S1900710,P015,223,1700,0,00
S1900710,P015,236,1700,0,00
S1900710,P015,222,1700,0,00
S1900710,P015,259,1700,0,00
S1900710,P050,248,1700,103140,10
S1900710,P050,223,1700,119,10
S1900710,P050,236,1700,5,10
S1900710,P050,222,1700,68,10
S1900710,P050,259,1700,152,10
S1900710,P056,248,1700,182340,10
S1900710,P056,223,1700,36,10
S1900710,P056,236,1700,4,10
S1900710,P056,222,1700,24,10
S1900710,P056,259,1700,126,10
S1900710,P060,248,1700,182232,10
S1900710,P060,223,1700,23,10
S1900710,P060,236,1700,5,10
S1900710,P060,222,1700,26,10
S1900710,P060,259,1700,124,10
S1900710,P070,248,1700,172332,10
S1900710,P070,223,1700,21,10
S1900710,P070,236,1700,8,10
S1900710,P070,222,1700,16,10
S1900710,P070,259,1700,86,10
S2202553,P001,911,1654,1,10
S2202553,P002,911,1654,1,10
S2202553,P003,911,1654,1,10
S2202553,P001,922,1645,9,10
S2202553,P002,922,1645,12,10
S2202553,P003,922,1645,10,10
S2202553,P001,923,1645,98,10
S2202553,P002,923,1645,85,10
S2202553,P003,923,1645,90,10
S2202553,P001,924,1645,7,10
S2202553,P002,924,1645,7,10
S2202553,P003,924,1645,7,10
S2202553,P001,926,1645,18,10
S2202553,P002,926,1645,22,10
S2202553,P003,926,1645,20,10
S2202553,P001,936,1645,12,10
S2202553,P002,936,1645,11,10
S2202553,P003,936,1645,10,10
S2202553,P001,222,1600,11,10
S2202553,P002,222,1600,14,10
S2202553,P003,222,1600,10,10
S2202553,P001,223,1600,92,10
S2202553,P002,223,1600,76,10
S2202553,P003,223,1600,87,10
S2202553,P001,224,1600,20,10
S2202553,P002,224,1600,12,10
S2202553,P003,224,1600,8,10
S2202553,P001,226,1600,22,10
S2202553,P002,226,1600,24,10
S2202553,P003,226,1600,23,10
S2202553,P001,236,1600,12,10
S2202553,P002,236,1600,11,10
S2202553,P003,236,1600,9,10
S2202553,P001,248,1600,92667,10
S2202553,P002,248,1600,103251,10
S2202553,P003,248,1600,109212,10
S2202553,P001,259,1600,138,10
S2202553,P002,259,1600,136,10
S2202553,P003,259,1600,148,10
S2300401,P011,911,0900,9,10
S2300401,P011,923,0900,64,10
S2300401,P011,936,0900,6,10
S2300401,P011,922,0900,32,10
S2300401,P011,248,0900,193176,10
S2300401,P011,223,0900,62,10
S2300401,P011,236,0900,6,10
S2300401,P011,222,0900,30,10
S2300401,P011,259,0900,52,10
E4900744,P001,911,1700,0,00
E4900744,P002,911,1700,0,00
E4900744,P023,911,1700,0,00
E4900333,P001,911,1654,9,10
E4900333,P002,911,1654,0,00
E4900333,P003,911,1654,0,32
E4900333,P103,911,1654,0,32
E4900333,P021,911,1654,6,10
E4900333,P105,911,1654,9,10
E4900333,P001,922,1645,1,10
E4900333,P002,922,1645,0,00
E4900333,P003,922,1645,0,32
E4900333,P103,922,1645,0,32
E4900333,P021,922,1645,1,10
E4900333,P105,922,1645,63,10
E4900333,P001,923,1645,85,10
E4900333,P002,923,1645,0,00
E4900333,P003,923,1645,0,32
E4900333,P103,923,1645,0,32
E4900333,P021,923,1645,40,10
E4900333,P105,923,1645,78,10
E4900333,P001,936,1645,13,10
E4900333,P002,936,1645,0,00
E4900333,P003,936,1645,0,32
E4900333,P103,936,1645,0,32
E4900333,P021,936,1645,7,10
E4900333,P105,936,1645,10,10
E4900333,P001,259,1600,86,10
E4900333,P002,259,1600,0,00
E4900333,P003,259,1600,0,32
E4900333,P103,259,1600,0,32
E4900333,P021,259,1600,125,10
E4900333,P105,259,1600,164,10
E4900333,P001,222,1600,1,10
E4900333,P002,222,1600,0,00
E4900333,P003,222,1600,0,32
E4900333,P103,222,1600,0,32
E4900333,P021,222,1600,1,10
E4900333,P105,222,1600,60,10
E4900333,P001,223,1600,86,10
E4900333,P002,223,1600,0,00
E4900333,P003,223,1600,0,32
E4900333,P103,223,1600,0,32
E4900333,P021,223,1600,38,10
E4900333,P105,223,1600,78,10
E4900333,P001,236,1600,13,10
E4900333,P002,236,1600,0,00
E4900333,P003,236,1600,0,32
E4900333,P103,236,1600,0,32
E4900333,P021,236,1600,7,10
E4900333,P105,236,1600,10,10
E4900333,P001,248,1600,38514,10
E4900333,P002,248,1600,0,00
E4900333,P003,248,1600,0,32
E4900333,P103,248,1600,0,32
E4900333,P021,248,1600,103146,10
E4900333,P105,248,1600,151893,10
S2300438,P001,911,1700,5,10
S2300401,P011,923,0945,61,10
S2300401,P011,936,0945,6,10
S2300401,P011,922,0945,29,10
S2300401,P011,911,0954,9,10
S2300401,P011,911,1006,9,10
S2300401,P011,911,1012,9,10
S2300401,P011,923,1015,58,10
S2300401,P011,936,1015,6,10
S2300401,P011,922,1015,30,10
E5600332,P001,911,1700,0,00
E5600332,P002,911,1700,0,00
E5600332,P003,911,1700,0,00
E5601197,P002,911,1700,3,10
E5601197,P003,911,1700,3,10
S1602755,P101,911,1700,5,10
S1602755,P201,911,1700,5,10
S1602755,P301,911,1700,6,10
S2300401,P011,911,1018,9,10
S2300401,P011,911,1024,9,10
S2300401,P011,911,1030,9,10
S2300401,P011,923,1030,56,10
S2300401,P011,936,1030,6,10
S2300401,P011,922,1030,31,10
S2300401,P011,911,1036,9,10
S2300401,P011,911,1042,9,10
S2300401,P011,923,1045,57,10
S2300401,P011,936,1045,6,10
S2300401,P011,922,1045,33,10
S2300401,P011,911,1048,9,10
S2300401,P011,911,1054,9,10
S2300401,P011,911,1100,9,10
S2300401,P011,923,1100,59,10
S2300401,P011,936,1100,6,10
S2300401,P011,922,1100,34,10
S2300401,P011,248,1100,193284,10
S2300401,P011,223,1100,60,10
S2300401,P011,236,1100,6,10
S2300401,P011,222,1100,32,10
S2300401,P011,259,1100,52,10
S2300401,P011,911,1106,9,10
S2300401,P011,911,1112,9,10
S2300401,P011,923,1115,58,10
S2300401,P011,936,1115,6,10
S2300401,P011,922,1115,32,10
S2300401,P011,911,1118,9,10
S2300401,P011,911,1124,9,10
S2300401,P011,911,1130,9,10
S2300401,P011,923,1130,60,10
S2300401,P011,936,1130,6,10
S2300401,P011,922,1130,32,10
S2300401,P011,911,1136,9,10
S2300401,P011,911,1142,9,10
S2300401,P011,923,1145,62,10
S2300401,P011,936,1145,6,10
S2300401,P011,922,1145,31,10
S2300401,P011,911,1148,9,10
S2300401,P011,911,1154,9,10
S2300401,P011,911,1200,10,10
S2300401,P011,923,1200,67,10
S2300401,P011,936,1200,6,10
S2300401,P011,922,1200,31,10
S2300401,P011,248,1200,195192,10
S2300401,P011,223,1200,64,10
S2300401,P011,236,1200,6,10
S2300401,P011,222,1200,29,10
S2300401,P011,259,1200,54,10
S2300401,P011,911,1206,10,10
S2300401,P011,911,1212,10,10
S2300401,P011,923,1215,64,10
S2300401,P011,936,1215,6,10
S2300401,P011,922,1215,29,10
S2300401,P011,911,1218,10,10
S2300401,P011,911,1224,9,10
S2300401,P011,911,1230,9,10
S2300401,P011,923,1230,61,10
S2300401,P011,936,1230,6,10
S2300401,P011,922,1230,29,10
S2300401,P011,911,1236,9,10
S2300401,P011,911,1242,9,10
S2300401,P011,923,1245,64,10
S2300401,P011,936,1245,6,10
S2300401,P011,922,1245,29,10
S2300401,P011,911,1248,9,10
E5600850,PC01,911,1700,0,00
E5600869,P001,911,1700,4,10
E5600841,P001,248,1600,212375,10
E5600841,P001,923,1645,13,10
E5600841,P001,223,1600,13,10
E5600841,P001,936,1645,5,10
E5600841,P001,236,1600,5,10
E5600841,P001,911,1654,5,10
E5600841,P001,922,1645,26,10
E5600841,P001,222,1600,24,10
E5600841,P001,259,1600,172,10
E5600841,P002,248,1600,236521,10
E5600841,P002,923,1645,17,10
E5600841,P002,223,1600,18,10
E5600841,P002,936,1645,5,10
E5600841,P002,236,1600,4,10
E5600841,P002,911,1654,5,10
E5600841,P002,922,1645,18,10
E5600841,P002,222,1600,17,10
E5600841,P002,259,1600,171,10
E5600841,P003,248,1600,122887,10
E5600841,P003,923,1645,10,10
E5600841,P003,223,1600,10,10
E5600841,P003,936,1645,5,10
E5600841,P003,236,1600,5,10
E5600841,P003,911,1654,9,10
E5600841,P003,922,1645,22,10
E5600841,P003,222,1600,21,10
E5600841,P003,259,1600,171,10
E5600841,P004,248,1600,194088,10
E5600841,P004,923,1645,23,10
E5600841,P004,223,1600,21,10
E5600841,P004,936,1645,4,10
E5600841,P004,236,1600,4,10
E5600841,P004,911,1654,6,10
E5600841,P004,922,1645,20,10
E5600841,P004,222,1600,18,10
E5600841,P004,259,1600,188,10
E5600841,P005,248,1600,200149,10
E5600841,P005,923,1645,16,10
E5600841,P005,223,1600,15,10
E5600841,P005,936,1645,4,10
E5600841,P005,236,1600,4,10
E5600841,P005,911,1654,9,10
E5600841,P005,922,1645,19,10
E5600841,P005,222,1600,18,10
E5600841,P005,259,1600,197,10
E5600841,P006,248,1600,232190,10
E5600841,P006,923,1645,43,10
E5600841,P006,223,1600,50,10
E5600841,P006,936,1645,5,10
E5600841,P006,236,1600,5,10
E5600841,P006,911,1654,12,10
E5600841,P006,922,1645,76,10
E5600841,P006,222,1600,77,10
E5600841,P006,259,1600,127,10
E5600841,P007,248,1600,236744,10
E5600841,P007,923,1645,34,10
E5600841,P007,223,1600,32,10
E5600841,P007,936,1645,6,10
E5600841,P007,236,1600,6,10
E5600841,P007,911,1654,13,10
E5600841,P007,922,1645,70,10
E5600841,P007,222,1600,70,10
E5600841,P007,259,1600,137,10
E5600841,P008,248,1600,203088,10
E5600841,P008,923,1645,36,10
E5600841,P008,223,1600,43,10
E5600841,P008,936,1645,9,10
E5600841,P008,236,1600,9,10
E5600841,P008,911,1654,10,10
E5600841,P008,922,1645,7,10
E5600841,P008,222,1600,7,10
E5600841,P008,259,1600,50,10
E5600841,P009,248,1600,316590,10
E5600841,P009,923,1645,10,10
E5600841,P009,223,1600,10,10
E5600841,P009,936,1645,5,10
E5600841,P009,236,1600,5,10
E5600841,P009,911,1654,9,10
E5600841,P009,922,1645,24,10
E5600841,P009,222,1600,24,10
E5600841,P009,259,1600,123,10
E5600841,P010,248,1600,363355,10
E5600841,P010,923,1645,10,10
E5600841,P010,223,1600,10,10
E5600841,P010,936,1645,5,10
E5600841,P010,236,1600,6,10
E5600841,P010,911,1654,6,10
E5600841,P010,922,1645,19,10
E5600841,P010,222,1600,19,10
E5600841,P010,259,1600,106,10
E5600841,PC23,248,1600,36935,10
E5600841,PC23,923,1645,67,10
E5600841,PC23,223,1600,69,10
E5600841,PC23,936,1645,9,10
E5600841,PC23,236,1600,9,10
E5600841,PC23,911,1654,10,10
E5600841,PC23,922,1645,32,10
E5600841,PC23,222,1600,31,10
E5600841,PC23,259,1600,159,10
E5600841,PC83,248,1600,193502,10
E5600841,PC83,923,1645,66,10
E5600841,PC83,223,1600,63,10
E5600841,PC83,936,1645,7,10
E5600841,PC83,236,1600,7,10
E5600841,PC83,911,1654,14,10
E5600841,PC83,922,1645,24,10
E5600841,PC83,222,1600,24,10
E5600841,PC83,259,1600,170,10
E5600841,PPB1,248,1600,197462,10
E5600841,PPB1,923,1645,8,10
E5600841,PPB1,223,1600,9,10
E5600841,PPB1,936,1645,7,10
E5600841,PPB1,236,1600,9,10
E5600841,PPB1,911,1654,8,10
E5600841,PPB1,922,1645,24,10
E5600841,PPB1,222,1600,25,10
E5600841,PPB1,259,1600,134,10
E5600841,PPC1,248,1600,647807,10
E5600841,PPC1,923,1645,11,10
E5600841,PPC1,223,1600,11,10
E5600841,PPC1,936,1645,3,10
E5600841,PPC1,236,1600,3,10
E5600841,PPC1,911,1654,5,10
E5600841,PPC1,922,1645,20,10
E5600841,PPC1,222,1600,18,10
E5600841,PPC1,259,1600,129,10
E5600841,PR54,248,1600,45298,10
E5600841,PR54,923,1645,70,10
E5600841,PR54,223,1600,74,10
E5600841,PR54,936,1645,5,10
E5600841,PR54,236,1600,5,10
E5600841,PR54,911,1654,3,10
E5600841,PR54,922,1645,39,10
E5600841,PR54,222,1600,42,10
E5600841,PR54,259,1600,225,10
E5600841,PR61,248,1600,166321,10
E5600841,PR61,923,1645,82,10
E5600841,PR61,223,1600,87,10
E5600841,PR61,936,1645,3,10
E5600841,PR61,236,1600,3,10
E5600841,PR61,911,1654,7,10
E5600841,PR61,922,1645,41,10
E5600841,PR61,222,1600,42,10
E5600841,PR61,259,1600,344,10
E5600841,PR62,248,1600,116397,10
E5600841,PR62,923,1645,66,10
E5600841,PR62,223,1600,48,10
E5600841,PR62,936,1645,5,10
E5600841,PR62,236,1600,4,10
E5600841,PR62,911,1654,4,10
E5600841,PR62,922,1645,17,10
E5600841,PR62,222,1600,21,10
E5600841,PR62,259,1600,341,10
E5600841,PS11,248,1600,843331,10
E5600841,PS11,923,1645,36,10
E5600841,PS11,223,1600,36,10
E5600841,PS11,936,1645,11,10
E5600841,PS11,236,1600,11,10
E5600841,PS11,911,1654,11,10
E5600841,PS11,922,1645,61,10
E5600841,PS11,222,1600,62,10
E5600841,PS11,259,1600,173,10
E5600841,PS12,911,1654,7,10
E5600841,PS31,248,1600,746313,10
E5600841,PS31,923,1645,106,10
E5600841,PS31,223,1600,111,10
E5600841,PS31,936,1645,12,10
E5600841,PS31,236,1600,12,10
E5600841,PS31,911,1654,7,10
E5600841,PS31,922,1645,94,10
E5600841,PS31,222,1600,89,10
E5600841,PS31,259,1600,125,10
E5600841,PS32,911,1654,4,10
E5600841,PS51,248,1600,879568,10
E5600841,PS51,923,1645,40,10
E5600841,PS51,223,1600,40,10
E5600841,PS51,936,1645,11,10
E5600841,PS51,236,1600,11,10
E5600841,PS51,911,1654,12,10
E5600841,PS51,922,1645,14,10
E5600841,PS51,222,1600,17,10
E5600841,PS51,259,1600,135,10
E5600841,PS52,911,1654,9,10
E5600841,PS71,248,1600,0,00
E5600841,PS71,923,1645,0,00
E5600841,PS71,223,1600,0,00
E5600841,PS71,936,1645,0,00
E5600841,PS71,236,1600,0,00
E5600841,PS71,911,1654,0,00
E5600841,PS71,922,1645,0,00
E5600841,PS71,222,1600,0,00
E5600841,PS71,259,1600,0,00
E5600841,PS72,911,1654,0,00
S2300401,P011,911,1254,9,10
S2300401,P011,911,1300,9,10
S2300401,P011,923,1300,65,10
S2300401,P011,936,1300,6,10
S2300401,P011,922,1300,29,10
S2300401,P011,248,1300,192744,10
S2300401,P011,223,1300,63,10
S2300401,P011,236,1300,6,10
S2300401,P011,222,1300,30,10
S2300401,P011,259,1300,53,10
S2300401,P011,911,1306,9,10
S2300401,P011,911,1312,9,10
S2300401,P011,923,1315,62,10
S2300401,P011,936,1315,6,10
S2300401,P011,922,1315,29,10
S2300401,P011,911,1318,9,10
S2300401,P011,911,1324,9,10
S2300401,P011,911,1330,9,10
S2300401,P011,923,1330,62,10
S2300401,P011,936,1330,6,10
S2300401,P011,922,1330,31,10
S2300401,P011,911,1336,9,10
S2300401,P011,911,1342,9,10
S2300401,P011,923,1345,63,10
S2300401,P011,936,1345,6,10
S2300401,P011,922,1345,31,10
S2300401,P011,911,1348,9,10
S2300401,P011,911,1354,9,10
S2300401,P011,911,1400,9,10
S2300401,P011,923,1400,64,10
S2300401,P011,936,1400,6,10
S2300401,P011,922,1400,29,10
S2300401,P011,248,1400,192384,10
S2300401,P011,223,1400,63,10
S2300401,P011,236,1400,6,10
S2300401,P011,222,1400,30,10
S2300401,P011,259,1400,53,10
S2300401,P011,911,1406,9,10
S2300401,P011,911,1412,9,10
S2300401,P011,923,1415,63,10
S2300401,P011,936,1415,6,10
S2300401,P011,922,1415,30,10
S2300401,P011,911,1418,9,10
S2300401,P011,911,1424,9,10
S2300401,P011,911,1430,9,10
S2300401,P011,923,1430,63,10
S2300401,P011,936,1430,6,10
S2300401,P011,922,1430,30,10
S2300401,P011,911,1436,9,10
S2300401,P011,911,1442,9,10
S2300401,P011,923,1445,63,10
S2300401,P011,936,1445,6,10
S2300401,P011,922,1445,30,10
S2300401,P011,911,1448,9,10
S2300401,P011,911,1454,9,10
S2300401,P011,911,1500,9,10
S2300401,P011,923,1500,62,10
S2300401,P011,936,1500,6,10
S2300401,P011,922,1500,29,10
S2300401,P011,248,1500,191232,10
S2300401,P011,223,1500,61,10
S2300401,P011,236,1500,6,10
S2300401,P011,222,1500,29,10
S2300401,P011,259,1500,52,10
S2300401,P011,911,1506,9,10
S2300401,P011,911,1512,9,10
S2300401,P011,923,1515,61,10
S2300401,P011,936,1515,6,10
S2300401,P011,922,1515,29,10
E5600896,P004,911,1648,0,00
E5600896,P005,911,1648,0,00
E5600896,P007,911,1648,5,10
E5600896,P008,911,1648,7,10
E5400878,P010,911,1648,1,10
E5600789,P001,911,1700,0,00
E5600056,P004,911,1706,0,00
E5600056,P006,911,1706,3,10
E5600056,P007,911,1706,0,00
E5600056,P008,911,1706,5,10
E5600056,P009,911,1706,2,10
E5600056,P016,911,1706,4,10
E5600056,P017,911,1706,2,10
E5600056,P018,911,1706,3,10
E5600056,P021,911,1706,2,10
E5600056,P022,911,1706,3,10
E5600056,P023,911,1706,1,10
E5600056,P024,911,1706,4,10
E5002890,P001,911,1700,5,10
E5002890,P002,911,1700,5,10
E5002890,P003,911,1700,0,00
S1900685,P002,911,1700,12,10
S1900685,P421,911,1700,12,10
S1900685,P411,911,1700,4,10
S2100223,P015,911,1706,0,10
S2300401,P011,911,1518,9,10
S2300401,P011,911,1524,9,10
S2300401,P011,911,1530,9,10
S2300401,P011,923,1530,58,10
S2300401,P011,936,1530,6,10
S2300401,P011,922,1530,29,10
S2300401,P011,911,1536,9,10
S2300401,P011,911,1542,9,10
S2300401,P011,923,1545,61,10
S2300401,P011,936,1545,6,10
S2300401,P011,922,1545,30,10
S2300401,P011,911,1548,9,10
S2300401,P011,911,1554,9,10
S2300401,P011,911,1600,9,10
S2300401,P011,923,1600,57,10
S2300401,P011,936,1600,6,10
S2300401,P011,922,1600,31,10
S2300401,P011,248,1600,190800,10
S2300401,P011,223,1600,58,10
S2300401,P011,236,1600,6,10
S2300401,P011,222,1600,30,10
S2300401,P011,259,1600,52,10
S2300401,P011,911,1606,9,10
S2300401,P011,911,1612,9,10
S2300401,P011,923,1615,59,10
S2300401,P011,936,1615,6,10
S2300401,P011,922,1615,30,10
S2300401,P011,911,1618,9,10
S2300401,P011,911,1624,9,10
S2300401,P011,911,1630,9,10
S2300401,P011,923,1630,59,10
S2300401,P011,936,1630,6,10
S2300401,P011,922,1630,30,10
S2300401,P011,911,1636,9,10
S2300401,P011,911,1642,9,10
S2300401,P011,923,1645,56,10
S2300401,P011,936,1645,6,10
S2300401,P011,922,1645,30,10
S2300401,P011,911,1648,9,10
S2300401,P011,911,1654,9,10
S1901066,P004,911,1700,5,10
S1900710,P015,911,1706,0,00
S1900710,P050,911,1706,4,10
S1900710,P056,911,1706,4,10
S1900710,P060,911,1706,5,10
S1900710,P070,911,1706,6,10
S2202553,P001,911,1700,1,10
S2202553,P002,911,1700,1,10
S2202553,P003,911,1700,1,10
E4900744,P001,911,1706,0,00
E4900744,P002,911,1706,0,00
E4900744,P023,911,1706,0,00
E5600841,P001,911,1700,5,10
E5600841,P002,911,1700,6,10
E5600841,P003,911,1700,9,10
E5600841,P004,911,1700,6,10
E5600841,P005,911,1700,9,10
E5600841,P006,911,1700,12,10
E5600841,P007,911,1700,13,10
E5600841,P008,911,1700,9,10
E5600841,P009,911,1700,9,10
E5600841,P010,911,1700,6,10
E5600841,PC23,911,1700,9,10
E5600841,PC83,911,1700,14,10
E5600841,PPB1,911,1700,8,10
E5600841,PPC1,911,1700,5,10
E5600841,PR54,911,1700,3,10
E5600841,PR61,911,1700,7,10
E5600841,PR62,911,1700,4,10
E5600841,PS11,911,1700,10,10
E5600841,PS12,911,1700,8,10
E5600841,PS31,911,1700,7,10
E5600841,PS32,911,1700,4,10
E5600841,PS51,911,1700,12,10
E5600841,PS52,911,1700,8,10
E5600841,PS71,911,1700,0,00
E5600841,PS72,911,1700,0,00
E4900333,P001,911,1700,9,10
E4900333,P002,911,1700,0,00
E4900333,P003,911,1700,0,32
E4900333,P103,911,1700,0,32
E4900333,P021,911,1700,6,10
E4900333,P105,911,1700,9,10
S2300438,P001,911,1706,5,10
S2100223,P015,922,1700,0,10
S2100223,P015,923,1700,0,10
S2100223,P015,924,1700,0,10
S2100223,P015,936,1700,0,10
E5600332,P001,911,1706,0,00
E5600332,P002,911,1706,0,00
E5600332,P003,911,1706,0,00
E5601197,P002,911,1706,3,10
E5601197,P003,911,1706,3,10
S1602755,P101,911,1706,5,10
S1602755,P201,911,1706,5,10
S1602755,P301,911,1706,6,10
E5600850,PC01,911,1706,0,00
E5600869,P001,911,1706,4,10
E4900744,P001,923,1700,0,00
E4900744,P023,923,1700,0,00
E4900744,P001,936,1700,0,00
E4900744,P023,936,1700,0,00
E5600896,P004,222,1600,0,00
E5600896,P004,223,1600,0,00
E5600896,P004,236,1600,0,00
E5600896,P004,248,1600,0,00
E5600896,P004,259,1600,0,00
E5600896,P005,222,1600,0,00
E5600896,P005,223,1600,0,00
E5600896,P005,236,1600,0,00
E5600896,P005,248,1600,0,00
E5600896,P005,259,1600,0,00
E5600896,P007,222,1600,0,10
E5600896,P007,223,1600,69,10
E5600896,P007,236,1600,5,10
E5600896,P007,248,1600,1479801,10
E5600896,P007,259,1600,158,10
E5600896,P008,222,1600,0,10
E5600896,P008,223,1600,61,10
E5600896,P008,236,1600,2,10
E5600896,P008,248,1600,1899241,10
E5600896,P008,259,1600,133,10
E5600896,P004,922,1645,0,00
E5600896,P004,923,1645,0,00
E5600896,P004,936,1645,0,00
E5600896,P005,922,1645,0,00
E5600896,P005,923,1645,0,00
E5600896,P005,936,1645,0,00
E5600896,P007,922,1645,0,10
E5600896,P007,923,1645,69,10
E5600896,P007,936,1645,5,10
E5600896,P008,922,1645,0,10
E5600896,P008,923,1645,61,10
E5600896,P008,936,1645,2,10
E5600896,P004,911,1654,0,00
E5600896,P005,911,1654,0,00
E5600896,P007,911,1654,5,10
E5600896,P008,911,1654,8,10
E5400878,P001,223,1600,21,10
E5400878,P001,236,1600,15,10
E5400878,P001,248,1600,1658080,10
E5400878,P001,259,1600,115,10
E5400878,P002,223,1600,19,10
E5400878,P002,236,1600,14,10
E5400878,P002,248,1600,1791952,10
E5400878,P002,259,1600,115,10
E5400878,P003,223,1600,17,10
E5400878,P003,236,1600,15,10
E5400878,P003,248,1600,752662,10
E5400878,P003,259,1600,114,10
E5400878,P010,223,1600,18,10
E5400878,P010,236,1600,13,10
E5400878,P010,248,1600,1402013,10
E5400878,P010,259,1600,99,10
E5400878,P001,923,1645,22,10
E5400878,P001,936,1645,15,10
E5400878,P002,923,1645,20,10
E5400878,P002,936,1645,15,10
E5400878,P003,923,1645,17,10
E5400878,P003,936,1645,15,10
E5400878,P010,923,1645,18,10
E5400878,P010,936,1645,13,10
E5400878,P010,911,1654,1,10
S2300429,P701,911,1706,0,00
S2300429,PF01,911,1706,9,10
E5600789,P001,911,1706,0,00
E5002890,P001,911,1706,5,10
E5002890,P002,911,1706,5,10
E5002890,P003,911,1706,0,00
S1900685,P002,911,1706,12,10
S1900685,P421,911,1706,16,10
S1900685,P411,911,1706,4,10
S2100223,P015,911,1712,0,10
E5600850,PC01,923,1700,0,00
E5600850,PC01,924,1700,0,00
E5600850,PC01,936,1700,0,00
E5600850,PC01,926,1700,0,00
E5600850,PC01,223,1600,0,00
E5600850,PC01,224,1600,0,00
E5600850,PC01,236,1600,0,00
E5600850,PC01,226,1600,0,00
E5600850,PC01,248,1600,0,00
E5600850,PC01,259,1600,0,00
S2300438,P001,922,1700,0,10
S2300438,P001,923,1700,29,10
S2300438,P001,936,1700,6,10
S2300438,P001,222,1600,0,10
S2300438,P001,223,1600,29,10
S2300438,P001,236,1600,7,10
S2300438,P001,248,1600,45253,10
S2300438,P001,259,1600,120,10
S2201109,P711,911,1706,15,10
S2201109,P731,911,1706,19,10
S2201109,P741,911,1706,21,11
S2201109,P751,911,1706,16,10
S1901066,P004,911,1706,5,10
E5600056,P004,911,1712,0,00
E5600056,P006,911,1712,3,10
E5600056,P007,911,1712,0,00
E5600056,P008,911,1712,5,10
E5600056,P009,911,1712,2,10
E5600056,P016,911,1712,3,10
E5600056,P017,911,1712,2,10
E5600056,P018,911,1712,3,10
E5600056,P021,911,1712,2,10
E5600056,P022,911,1712,2,10
E5600056,P023,911,1712,1,10
E5600056,P024,911,1712,4,10
S1900710,P015,911,1712,0,00
S1900710,P050,911,1712,5,10
S1900710,P056,911,1712,4,10
S1900710,P060,911,1712,2,10
S1900710,P070,911,1712,6,10
S2202553,P001,911,1706,1,10
S2202553,P002,911,1706,1,10
S2202553,P003,911,1706,1,10
S1602755,P101,922,1700,1,10
S1602755,P201,922,1700,4,10
S1602755,P301,922,1700,2,10
S1602755,P101,923,1700,67,10
S1602755,P201,923,1700,70,10
S1602755,P301,923,1700,59,10
S1602755,P101,924,1700,6,10
S1602755,P201,924,1700,23,10
S1602755,P301,924,1700,20,10
S1602755,P101,926,1700,5,10
S1602755,P201,926,1700,20,10
S1602755,P301,926,1700,6,10
S1602755,P101,936,1700,8,10
S1602755,P201,936,1700,9,10
S1602755,P301,936,1700,8,10
E5600869,P001,922,1700,126,10
E5600869,P001,923,1700,125,10
E5600869,P001,936,1700,7,10
S1900685,P421,922,1700,16,10
S1900685,P421,923,1700,64,10
S1900685,P421,936,1700,6,10
S1900685,P411,922,1700,27,10
S1900685,P411,923,1700,70,10
S1900685,P411,936,1700,12,10
E4900744,P001,911,1712,0,00
E4900744,P002,911,1712,0,00
E4900744,P023,911,1712,0,00
E5600841,P001,911,1706,5,10
E5600841,P002,911,1706,6,10
E5600841,P003,911,1706,9,10
E5600841,P004,911,1706,6,10
E5600841,P005,911,1706,9,10
E5600841,P006,911,1706,12,10
E5600841,P007,911,1706,13,10
E5600841,P008,911,1706,8,10
E5600841,P009,911,1706,9,10
E5600841,P010,911,1706,6,10
E5600841,PC23,911,1706,9,10
E5600841,PC83,911,1706,15,10
E5600841,PPB1,911,1706,8,10
E5600841,PPC1,911,1706,5,10
E5600841,PR54,911,1706,3,10
E5600841,PR61,911,1706,7,10
E5600841,PR62,911,1706,4,10
E5600841,PS11,911,1706,11,10
E5600841,PS12,911,1706,9,10
E5600841,PS31,911,1706,7,10
E5600841,PS32,911,1706,4,10
E5600841,PS51,911,1706,12,10
E5600841,PS52,911,1706,9,10
E5600841,PS71,911,1706,0,00
E5600841,PS72,911,1706,0,00
S1901066,P004,922,1700,231,10
S1901066,P004,923,1700,186,10
S1901066,P004,924,1700,0,10
S1901066,P004,936,1700,5,10
S1901066,P004,937,1700,11,10
S1901066,P004,222,1600,231,10
S1901066,P004,223,1600,186,10
S1901066,P004,224,1600,0,10
S1901066,P004,236,1600,5,10
S1901066,P004,237,1600,11,10
S1901066,P004,248,1600,112764,10
S1901066,P004,259,1600,237,10
S2300438,P001,911,1712,5,10
E5002890,P001,922,1700,0,10
E5002890,P002,922,1700,0,10
E5002890,P003,922,1700,0,00
E5002890,P001,923,1700,109,10
E5002890,P002,923,1700,105,10
E5002890,P003,923,1700,0,00
E5002890,P001,924,1700,3,10
E5002890,P002,924,1700,4,10
E5002890,P003,924,1700,0,00
E5002890,P001,926,1700,18,10
E5002890,P002,926,1700,9,10
E5002890,P003,926,1700,0,00
E5002890,P001,936,1700,11,10
E5002890,P002,936,1700,13,10
E5002890,P003,936,1700,0,00
S1900710,P070,923,1715,20,10
S1900710,P070,936,1715,8,10
S1900710,P070,922,1715,16,10
S1900710,P015,923,1715,0,00
S1900710,P015,936,1715,0,00
S1900710,P015,922,1715,0,00
S1900710,P050,923,1715,119,10
S1900710,P050,936,1715,5,10
S1900710,P050,922,1715,67,10
S1900710,P056,923,1715,37,10
S1900710,P056,936,1715,4,10
S1900710,P056,922,1715,23,10
S1900710,P060,923,1715,26,10
S1900710,P060,936,1715,5,10
S1900710,P060,922,1715,26,10
S2202553,P001,922,1700,8,10
S2202553,P002,922,1700,11,10
S2202553,P003,922,1700,9,10
S2202553,P001,923,1700,94,10
S2202553,P002,923,1700,90,10
S2202553,P003,923,1700,90,10
S2202553,P001,924,1700,42,10
S2202553,P002,924,1700,3,10
S2202553,P003,924,1700,14,10
S2202553,P001,926,1700,13,10
S2202553,P002,926,1700,22,10
S2202553,P003,926,1700,21,10
S2202553,P001,936,1700,12,10
S2202553,P002,936,1700,11,10
S2202553,P003,936,1700,9,10
S2300429,P701,911,1700,0,00
S2300429,P701,922,1700,0,00
S2300429,P701,923,1700,0,00
S2300429,P701,936,1700,0,00
S2300429,PF01,911,1700,9,10
S2300429,PF01,922,1700,22,10
S2300429,PF01,923,1700,33,10
S2300429,PF01,936,1700,5,10
S2300429,P701,222,1600,0,00
S2300429,P701,223,1600,0,00
S2300429,P701,236,1600,0,00
S2300429,P701,248,1600,0,00
S2300429,P701,259,1600,0,00
S2300429,PF01,222,1600,21,10
S2300429,PF01,223,1600,34,10
S2300429,PF01,236,1600,6,10
S2300429,PF01,248,1600,269383,10
S2300429,PF01,259,1600,58,10
E4900333,P001,911,1706,9,10
E4900333,P002,911,1706,0,00
E4900333,P003,911,1706,0,32
E4900333,P103,911,1706,0,32
E4900333,P021,911,1706,7,10
E4900333,P105,911,1706,9,10
E5601197,P002,911,1712,3,10
E5601197,P003,911,1712,2,10
S1601990,P001,911,1712,2,10
S1601990,P004,911,1712,3,10
S1601990,P049,911,1712,1,10
S1602755,P101,911,1712,5,10
S1602755,P201,911,1712,5,10
S1602755,P301,911,1712,6,10
S1900569,P002,911,1618,0,00
S1900569,P012,911,1618,17,10
S1900569,P002,911,1624,0,00
S1900569,P012,911,1624,15,10
S1900569,P002,922,1615,0,00
S1900569,P012,922,1615,10,10
S1900569,P002,923,1615,0,00
S1900569,P012,923,1615,114,10
S1900569,P002,936,1615,0,00
S1900569,P012,936,1615,3,10
S1900569,P002,911,1630,0,00
S1900569,P012,911,1630,17,10
S1900569,P002,911,1636,0,00
S1900569,P012,911,1636,16,10
S1900569,P002,922,1630,0,00
S1900569,P012,922,1630,12,10
S1900569,P002,923,1630,0,00
S1900569,P012,923,1630,114,10
S1900569,P002,936,1630,0,00
S1900569,P012,936,1630,3,10
S1900569,P002,911,1642,0,00
S1900569,P012,911,1642,18,10
S1900569,P002,911,1648,0,00
S1900569,P012,911,1648,18,10
S1900569,P002,911,1654,0,00
S1900569,P012,911,1654,17,10
S1900569,P002,922,1645,0,00
S1900569,P012,922,1645,14,10
S1900569,P002,923,1645,0,00
S1900569,P012,923,1645,112,10
S1900569,P002,936,1645,0,00
S1900569,P012,936,1645,3,10
S1900569,P002,222,1600,0,00
S1900569,P012,222,1600,12,10
S1900569,P002,223,1600,0,00
S1900569,P012,223,1600,114,10
S1900569,P002,236,1600,0,00
S1900569,P012,236,1600,3,10
S1900569,P002,248,1600,0,00
S1900569,P012,248,1600,109093,10
S1900569,P002,259,1600,0,00
S1900569,P012,259,1600,75,10
S1900569,P002,911,1700,0,00
S1900569,P012,911,1700,13,10
S1900569,P002,911,1706,0,00
S1900569,P012,911,1706,13,10
E5600332,P001,911,1712,0,00
E5600332,P002,911,1712,0,00
E5600332,P003,911,1712,0,00
E5600056,P004,922,1715,0,00
E5600056,P004,923,1715,0,00
E5600056,P004,924,1715,0,00
E5600056,P004,936,1715,0,00
E5600056,P006,922,1715,21,10
E5600056,P006,923,1715,84,10
E5600056,P006,924,1715,1,10
E5600056,P006,936,1715,5,10
E5600056,P007,922,1715,0,00
E5600056,P007,923,1715,0,00
E5600056,P007,924,1715,0,00
E5600056,P007,936,1715,0,00
E5600056,P008,922,1715,47,10
E5600056,P008,923,1715,69,10
E5600056,P008,924,1715,0,10
E5600056,P008,936,1715,5,10
E5600056,P016,922,1715,0,10
E5600056,P016,923,1715,35,10
E5600056,P016,936,1715,12,10
E5600056,P017,922,1715,2,10
E5600056,P017,923,1715,22,10
E5600056,P017,924,1715,0,10
E5600056,P017,936,1715,3,10
E5600056,P018,922,1715,0,10
E5600056,P018,923,1715,15,10
E5600056,P018,924,1715,0,10
E5600056,P018,936,1715,3,10
E5600056,P021,922,1715,0,10
E5600056,P021,923,1715,46,10
E5600056,P021,924,1715,0,10
E5600056,P021,936,1715,4,10
E5600056,P024,922,1715,3,10
E5600056,P024,923,1715,37,10
E5600056,P024,924,1715,2,10
E5600056,P024,936,1715,6,10
E5600056,P034,922,1715,6,10
E5600056,P034,923,1715,49,10
E5600056,P034,936,1715,1,10
S1900569,P002,922,1700,0,00
S1900569,P012,922,1700,15,10
S1900569,P002,923,1700,0,00
S1900569,P012,923,1700,121,10
S1900569,P002,936,1700,0,00
S1900569,P012,936,1700,3,10
E5600056,P004,911,1718,0,00
E5600056,P006,911,1718,3,10
E5600056,P007,911,1718,0,00
E5600056,P008,911,1718,5,10
E5600056,P009,911,1718,2,10
E5600056,P016,911,1718,5,10
E5600056,P017,911,1718,2,10
E5600056,P018,911,1718,3,10
E5600056,P021,911,1718,2,10
E5600056,P022,911,1718,2,10
E5600056,P023,911,1718,1,10
E5600056,P024,911,1718,3,10
E5600869,P001,911,1712,4,10
E5600841,P001,923,1700,14,10
E5600841,P001,936,1700,5,10
E5600841,P001,922,1700,24,10
E5600841,P002,923,1700,19,10
E5600841,P002,936,1700,4,10
E5600841,P002,922,1700,17,10
E5600841,P003,923,1700,11,10
E5600841,P003,936,1700,5,10
E5600841,P003,922,1700,21,10
E5600841,P004,923,1700,22,10
E5600841,P004,936,1700,4,10
E5600841,P004,922,1700,19,10
E5600841,P005,923,1700,15,10
E5600841,P005,936,1700,4,10
E5600841,P005,922,1700,18,10
E5600841,P006,923,1700,31,10
E5600841,P006,936,1700,5,10
E5600841,P006,922,1700,77,10
E5600841,P007,923,1700,31,10
E5600841,P007,936,1700,6,10
E5600841,P007,922,1700,70,10
E5600841,P008,923,1700,30,10
E5600841,P008,936,1700,9,10
E5600841,P008,922,1700,7,10
E5600841,P009,923,1700,11,10
E5600841,P009,936,1700,5,10
E5600841,P009,922,1700,25,10
E5600841,P010,923,1700,10,10
E5600841,P010,936,1700,5,10
E5600841,P010,922,1700,19,10
E5600841,PC23,923,1700,91,10
E5600841,PC23,936,1700,9,10
E5600841,PC23,922,1700,30,10
E5600841,PC83,923,1700,52,10
E5600841,PC83,936,1700,7,10
E5600841,PC83,922,1700,25,10
E5600841,PPB1,923,1700,8,10
E5600841,PPB1,936,1700,8,10
E5600841,PPB1,922,1700,24,10
E5600841,PPC1,923,1700,11,10
E5600841,PPC1,936,1700,3,10
E5600841,PPC1,922,1700,19,10
E5600841,PR54,923,1700,76,10
E5600841,PR54,936,1700,5,10
E5600841,PR54,922,1700,40,10
E5600841,PR61,923,1700,76,10
E5600841,PR61,936,1700,3,10
E5600841,PR61,922,1700,42,10
E5600841,PR62,923,1700,56,10
E5600841,PR62,936,1700,5,10
E5600841,PR62,922,1700,17,10
E5600841,PS11,923,1700,38,10
E5600841,PS11,936,1700,11,10
E5600841,PS11,922,1700,62,10
E5600841,PS31,923,1700,102,10
E5600841,PS31,936,1700,12,10
E5600841,PS31,922,1700,90,10
E5600841,PS51,923,1700,42,10
E5600841,PS51,936,1700,11,10
E5600841,PS51,922,1700,17,10
E5600841,PS71,923,1700,0,00
E5600841,PS71,936,1700,0,00
E5600841,PS71,922,1700,0,00
E5600896,P004,911,1700,0,00
E5600896,P005,911,1700,0,00
E5600896,P007,911,1700,5,10
E5600896,P008,911,1700,7,10
E5400878,P010,911,1700,1,10
S2300429,P701,911,1712,0,00
S2300429,PF01,911,1712,9,10
E5600850,PC01,911,1712,0,00
E4900333,P001,922,1700,1,10
E4900333,P002,922,1700,0,00
E4900333,P003,922,1700,0,32
E4900333,P103,922,1700,0,32
E4900333,P021,922,1700,2,10
E4900333,P105,922,1700,61,10
E4900333,P001,923,1700,87,10
E4900333,P002,923,1700,0,00
E4900333,P003,923,1700,0,32
E4900333,P103,923,1700,0,32
E4900333,P021,923,1700,44,10
E4900333,P105,923,1700,77,10
E4900333,P001,936,1700,13,10
E4900333,P002,936,1700,0,00
E4900333,P003,936,1700,0,32
E4900333,P103,936,1700,0,32
E4900333,P021,936,1700,7,10
E4900333,P105,936,1700,10,10
E5600789,P001,911,1712,0,00
E5002890,P001,911,1712,5,10
E5002890,P002,911,1712,5,10
E5002890,P003,911,1712,0,00
S1900685,P002,911,1712,12,10
S1900685,P421,911,1712,16,10
S1900685,P411,911,1712,4,10
S2005081,P401,911,1718,9,10
S2100223,P015,911,1718,0,10
S2201109,P711,911,1600,15,10
S2201109,P731,911,1600,19,10
S2201109,P741,911,1600,14,10
S2201109,P751,911,1600,14,10
S2201109,P711,923,1600,23,10
S2201109,P711,936,1600,6,10
S2201109,P711,922,1600,2,10
S2201109,P731,923,1600,55,10
S2201109,P731,936,1600,7,10
S2201109,P731,922,1600,11,10
S2201109,P741,923,1600,55,10
S2201109,P741,936,1600,5,10
S2201109,P741,922,1600,25,10
S2201109,P751,923,1600,51,10
S2201109,P751,936,1600,6,10
S2201109,P751,922,1600,12,10
S2201109,P711,248,1600,7314,10
S2201109,P711,223,1600,24,10
S2201109,P711,236,1600,6,10
S2201109,P711,222,1600,2,10
S2201109,P711,259,1600,53,10
S2201109,P731,248,1600,4269,10
S2201109,P731,223,1600,58,10
S2201109,P731,236,1600,7,10
S2201109,P731,222,1600,11,10
S2201109,P731,259,1600,54,10
S2201109,P741,248,1600,5484,10
S2201109,P741,223,1600,53,10
S2201109,P741,236,1600,5,10
S2201109,P741,222,1600,26,10
S2201109,P741,259,1600,54,10
S2201109,P751,248,1600,5111,10
S2201109,P751,223,1600,50,10
S2201109,P751,236,1600,6,10
S2201109,P751,222,1600,12,10
S2201109,P751,259,1600,51,10
S2201109,P711,911,1712,15,10
S2201109,P731,911,1712,19,10
S2201109,P741,911,1712,20,11
S2201109,P751,911,1712,17,10
S1901066,P004,911,1712,5,10
S1900710,P070,911,1718,6,10
S1900710,P015,911,1718,0,00
S1900710,P050,911,1718,4,10
S1900710,P056,911,1718,4,10
S1900710,P060,911,1718,4,10
S2202553,P001,911,1712,1,10
S2202553,P002,911,1712,1,10
S2202553,P003,911,1712,1,10
E4900744,P001,911,1718,0,00
E4900744,P002,911,1718,0,00
E4900744,P023,911,1718,0,00
E5600841,P001,911,1712,5,10
E5600841,P002,911,1712,5,10
E5600841,P003,911,1712,9,10
E5600841,P004,911,1712,6,10
E5600841,P005,911,1712,9,10
E5600841,P006,911,1712,12,10
E5600841,P007,911,1712,13,10
E5600841,P008,911,1712,9,10
E5600841,P009,911,1712,9,10
E5600841,P010,911,1712,6,10
E5600841,PC23,911,1712,9,10
E5600841,PC83,911,1712,14,10
E5600841,PPB1,911,1712,8,10
E5600841,PPC1,911,1712,5,10
E5600841,PR54,911,1712,3,10
E5600841,PR61,911,1712,7,10
E5600841,PR62,911,1712,4,10
E5600841,PS11,911,1712,11,10
E5600841,PS12,911,1712,9,10
E5600841,PS31,911,1712,7,10
E5600841,PS32,911,1712,4,10
E5600841,PS51,911,1712,12,10
E5600841,PS52,911,1712,9,10
E5600841,PS71,911,1712,0,00
E5600841,PS72,911,1712,0,00
E4900333,P001,911,1712,9,10
E4900333,P002,911,1712,0,00
E4900333,P003,911,1712,0,32
E4900333,P103,911,1712,0,32
E4900333,P021,911,1712,7,10
E4900333,P105,911,1712,9,10
S2300438,P001,911,1718,5,10
E5601197,P002,911,1718,3,10
E5601197,P003,911,1718,3,10
S1602755,P101,911,1718,5,10
S1602755,P201,911,1718,5,10
S1602755,P301,911,1718,6,10
E5600332,P001,911,1718,0,00
E5600332,P002,911,1718,0,00
E5600332,P003,911,1718,0,00
E5600056,P004,911,1724,0,00
E5600056,P006,911,1724,3,10
E5600056,P007,911,1724,0,00
E5600056,P008,911,1724,5,10
E5600056,P009,911,1724,2,10
E5600056,P016,911,1724,5,10
E5600056,P017,911,1724,2,10
E5600056,P018,911,1724,3,10
E5600056,P021,911,1724,2,10
E5600056,P022,911,1724,2,10
E5600056,P023,911,1724,1,10
E5600056,P024,911,1724,3,10
E5600869,P001,911,1718,4,10
E5600896,P004,911,1706,0,00
E5600896,P005,911,1706,0,00
E5600896,P007,911,1706,5,10
E5600896,P008,911,1706,7,10
E5400878,P010,911,1706,1,10
S2300429,P701,911,1718,0,00
S2300429,PF01,911,1718,9,10
E5600850,PC01,911,1718,0,00
E5600789,P001,911,1718,0,00
E5002890,P001,911,1718,5,10
E5002890,P002,911,1718,5,10
E5002890,P003,911,1718,0,00
S1900685,P002,911,1718,12,10
S1900685,P421,911,1718,16,10
S1900685,P411,911,1718,4,10
S2100223,P015,911,1724,0,10
S2100223,P015,922,1715,0,10
S2100223,P015,923,1715,0,10
S2100223,P015,924,1715,0,10
S2100223,P015,936,1715,0,10
S1901066,P004,911,1718,5,10
S1900710,P015,911,1724,0,00
S1900710,P050,911,1724,6,10
S1900710,P056,911,1724,4,10
S1900710,P060,911,1724,6,10
S1900710,P070,911,1724,6,10
S2202553,P001,911,1718,1,10
S2202553,P002,911,1718,1,10
S2202553,P003,911,1718,1,10
S2201109,P711,911,1718,15,10
S2201109,P731,911,1718,19,10
S2201109,P741,911,1718,22,11
S2201109,P751,911,1718,17,10
E4900744,P001,911,1724,0,00
E4900744,P002,911,1724,0,00
E4900744,P023,911,1724,0,00
E4900744,P001,923,1715,0,00
E4900744,P023,923,1715,0,00
E4900744,P001,936,1715,0,00
E4900744,P023,936,1715,0,00
E5600841,P001,911,1718,5,10
E5600841,P002,911,1718,5,10
E5600841,P003,911,1718,9,10
E5600841,P004,911,1718,6,10
E5600841,P005,911,1718,9,10
E5600841,P006,911,1718,12,10
E5600841,P007,911,1718,13,10
E5600841,P008,911,1718,8,10
E5600841,P009,911,1718,9,10
E5600841,P010,911,1718,6,10
E5600841,PC23,911,1718,9,10
E5600841,PC83,911,1718,14,10
E5600841,PPB1,911,1718,8,10
E5600841,PPC1,911,1718,5,10
E5600841,PR54,911,1718,3,10
E5600841,PR61,911,1718,7,10
E5600841,PR62,911,1718,4,10
E5600841,PS11,911,1718,11,10
E5600841,PS12,911,1718,9,10
E5600841,PS31,911,1718,7,10
E5600841,PS32,911,1718,4,10
E5600841,PS51,911,1718,12,10
E5600841,PS52,911,1718,9,10
E5600841,PS71,911,1718,0,00
E5600841,PS72,911,1718,0,00
E5600896,P004,922,1700,0,00
E5600896,P004,923,1700,0,00
E5600896,P004,936,1700,0,00
E5600896,P005,922,1700,0,00
E5600896,P005,923,1700,0,00
E5600896,P005,936,1700,0,00
E5600896,P007,922,1700,0,10
E5600896,P007,923,1700,69,10
E5600896,P007,936,1700,5,10
E5600896,P008,922,1700,0,10
E5600896,P008,923,1700,62,10
E5600896,P008,936,1700,2,10
E5400878,P001,923,1700,24,10
E5400878,P001,936,1700,15,10
E5400878,P002,923,1700,19,10
E5400878,P002,936,1700,14,10
E5400878,P003,923,1700,17,10
E5400878,P003,936,1700,15,10
E5400878,P010,923,1700,18,10
E5400878,P010,936,1700,13,10
S2300438,P001,922,1715,0,10
S2300438,P001,923,1715,27,10
S2300438,P001,936,1715,5,10
E4900333,P001,911,1718,9,10
E4900333,P002,911,1718,0,00
E4900333,P003,911,1718,0,32
E4900333,P103,911,1718,0,32
E4900333,P021,911,1718,7,10
E4900333,P105,911,1718,9,10
S2300438,P001,911,1724,5,10
E5601197,P002,911,1724,3,10
E5601197,P003,911,1724,3,10
S1602755,P101,911,1724,5,10
S1602755,P201,911,1724,5,10
S1602755,P301,911,1724,6,10
S1602755,P101,922,1715,2,10
S1602755,P201,922,1715,2,10
S1602755,P301,922,1715,2,10
S1602755,P101,923,1715,58,10
S1602755,P201,923,1715,73,10
S1602755,P301,923,1715,71,10
S1602755,P101,924,1715,13,10
S1602755,P201,924,1715,20,10
S1602755,P301,924,1715,5,10
S1602755,P101,926,1715,3,10
S1602755,P201,926,1715,13,10
S1602755,P301,926,1715,8,10
S1602755,P101,936,1715,9,10
S1602755,P201,936,1715,9,10
S1602755,P301,936,1715,9,10
S1901066,P004,922,1715,231,10
S1901066,P004,923,1715,188,10
S1901066,P004,924,1715,0,10
S1901066,P004,936,1715,5,10
S1901066,P004,937,1715,11,10
E5600332,P001,911,1724,0,00
E5600332,P002,911,1724,0,00
E5600332,P003,911,1724,0,00
S1901066,P004,911,1724,5,10
E5600056,P004,911,1730,0,00
E5600056,P006,911,1730,3,10
E5600056,P007,911,1730,0,00
E5600056,P008,911,1730,5,10
E5600056,P009,911,1730,2,10
E5600056,P016,911,1730,4,10
E5600056,P017,911,1730,2,10
E5600056,P018,911,1730,3,10
E5600056,P021,911,1730,2,10
E5600056,P022,911,1730,2,10
E5600056,P023,911,1730,1,10
E5600056,P024,911,1730,4,10
E5600056,P004,922,1730,0,00
E5600056,P004,923,1730,0,00
E5600056,P004,924,1730,0,00
E5600056,P004,936,1730,0,00
E5600056,P006,922,1730,19,10
E5600056,P006,923,1730,76,10
E5600056,P006,924,1730,1,10
E5600056,P006,936,1730,4,10
E5600056,P007,922,1730,0,00
E5600056,P007,923,1730,0,00
E5600056,P007,924,1730,0,00
E5600056,P007,936,1730,0,00
E5600056,P008,922,1730,48,10
E5600056,P008,923,1730,69,10
E5600056,P008,924,1730,0,10
E5600056,P008,936,1730,5,10
E5600056,P016,922,1730,0,10
E5600056,P016,923,1730,33,10
E5600056,P016,936,1730,12,10
E5600056,P017,922,1730,2,10
E5600056,P017,923,1730,23,10
E5600056,P017,924,1730,0,10
E5600056,P017,936,1730,3,10
E5600056,P018,922,1730,1,10
E5600056,P018,923,1730,15,10
E5600056,P018,936,1730,4,10
E5600056,P021,922,1730,0,10
E5600056,P021,923,1730,46,10
E5600056,P021,936,1730,4,10
E5600056,P024,922,1730,3,10
E5600056,P024,923,1730,35,10
E5600056,P024,924,1730,2,10
E5600056,P024,936,1730,6,10
E5600056,P034,923,1730,44,10
E5600056,P034,936,1730,1,10
E5600869,P001,911,1724,4,10
E5600869,P001,922,1715,124,10
E5600869,P001,923,1715,126,10
E5600869,P001,936,1715,7,10
S2202553,P001,911,1724,1,10
S2202553,P002,911,1724,1,10
S2202553,P003,911,1724,1,10
S2202553,P001,922,1715,10,10
S2202553,P002,922,1715,15,10
S2202553,P003,922,1715,6,10
S2202553,P001,923,1715,82,10
S2202553,P002,923,1715,98,10
S2202553,P003,923,1715,98,10
S2202553,P001,924,1715,23,10
S2202553,P002,924,1715,4,10
S2202553,P003,924,1715,9,10
S2202553,P001,926,1715,17,10
S2202553,P002,926,1715,28,10
S2202553,P003,926,1715,17,10
S2202553,P001,936,1715,11,10
S2202553,P002,936,1715,11,10
S2202553,P003,936,1715,9,10
S2300429,P701,922,1715,0,00
S2300429,P701,923,1715,0,00
S2300429,P701,936,1715,0,00
S2300429,PF01,922,1715,23,10
S2300429,PF01,923,1715,33,10
S2300429,PF01,936,1715,5,10
E5600850,PC01,923,1715,0,00
E5600850,PC01,924,1715,0,00
E5600850,PC01,936,1715,0,00
E5600850,PC01,926,1715,0,00
E5600896,P004,911,1712,0,00
E5600896,P005,911,1712,0,00
E5600896,P007,911,1712,5,10
E5600896,P008,911,1712,7,10
E5400878,P010,911,1712,1,10
S2300429,P701,911,1724,0,00
S2300429,PF01,911,1724,9,10
E5600850,PC01,911,1724,0,00
E5600789,P001,911,1724,0,00
E5002890,P001,911,1724,5,10
E5002890,P002,911,1724,5,10
E5002890,P003,911,1724,0,00
E5002890,P001,922,1715,0,10
E5002890,P002,922,1715,0,10
E5002890,P003,922,1715,0,00
E5002890,P001,923,1715,87,10
E5002890,P002,923,1715,96,10
E5002890,P003,923,1715,0,00
E5002890,P001,924,1715,4,10
E5002890,P002,924,1715,2,10
E5002890,P003,924,1715,0,00
E5002890,P001,926,1715,16,10
E5002890,P002,926,1715,11,10
E5002890,P003,926,1715,0,00
E5002890,P001,936,1715,12,10
E5002890,P002,936,1715,12,10
E5002890,P003,936,1715,0,00
S1900685,P002,911,1724,12,10
S1900685,P421,911,1724,14,10
S1900685,P421,922,1715,15,10
S1900685,P421,923,1715,70,10
S1900685,P421,936,1715,5,10
S1900685,P411,911,1724,4,10
S1900685,P411,922,1715,28,10
S1900685,P411,923,1715,70,10
S1900685,P411,936,1715,12,10
S2100223,P015,911,1730,0,10
S1900710,P015,911,1730,0,00
S1900710,P050,911,1730,7,10
S1900710,P056,911,1730,4,10
S1900710,P060,911,1730,9,10
S1900710,P070,911,1730,6,10
S1900710,P015,923,1730,0,00
S1900710,P015,936,1730,0,00
S1900710,P015,922,1730,0,00
S1900710,P050,923,1730,119,10
S1900710,P050,936,1730,5,10
S1900710,P050,922,1730,68,10
S1900710,P056,923,1730,39,10
S1900710,P056,936,1730,4,10
S1900710,P056,922,1730,24,10
S1900710,P060,923,1730,23,10
S1900710,P060,936,1730,5,10
S1900710,P060,922,1730,26,10
S1900710,P070,923,1730,21,10
S1900710,P070,936,1730,8,10
S1900710,P070,922,1730,16,10
S2201109,P711,923,1715,21,10
S2201109,P711,936,1715,6,10
S2201109,P711,922,1715,2,10
S2201109,P731,923,1715,51,10
S2201109,P731,936,1715,7,10
S2201109,P731,922,1715,12,10
S2201109,P741,923,1715,54,10
S2201109,P741,936,1715,5,10
S2201109,P741,922,1715,25,10
S2201109,P751,923,1715,50,10
S2201109,P751,936,1715,6,10
S2201109,P751,922,1715,11,10
S2201109,P711,911,1724,15,10
S2201109,P731,911,1724,19,10
S2201109,P741,911,1724,21,11
S2201109,P751,911,1724,17,10
E4900744,P001,911,1730,0,00
E4900744,P002,911,1730,0,00
E4900744,P023,911,1730,0,00
E5600841,P001,923,1715,35,10
E5600841,P001,936,1715,5,10
E5600841,P001,911,1724,5,10
E5600841,P001,922,1715,30,10
E5600841,P002,923,1715,54,10
E5600841,P002,936,1715,4,10
E5600841,P002,911,1724,5,10
E5600841,P002,922,1715,22,10
E5600841,P003,923,1715,30,10
E5600841,P003,936,1715,5,10
E5600841,P003,911,1724,9,10
E5600841,P003,922,1715,26,10
E5600841,P004,923,1715,19,10
E5600841,P004,936,1715,4,10
E5600841,P004,911,1724,6,10
E5600841,P004,922,1715,20,10
E5600841,P005,923,1715,15,10
E5600841,P005,936,1715,4,10
E5600841,P005,911,1724,9,10
E5600841,P005,922,1715,19,10
E5600841,P006,923,1715,24,10
E5600841,P006,936,1715,5,10
E5600841,P006,911,1724,12,10
E5600841,P006,922,1715,77,10
E5600841,P007,923,1715,31,10
E5600841,P007,936,1715,6,10
E5600841,P007,911,1724,13,10
E5600841,P007,922,1715,69,10
E5600841,P008,923,1715,20,10
E5600841,P008,936,1715,9,10
E5600841,P008,911,1724,8,10
E5600841,P008,922,1715,7,10
E5600841,P009,923,1715,11,10
E5600841,P009,936,1715,5,10
E5600841,P009,911,1724,9,10
E5600841,P009,922,1715,26,10
E5600841,P010,923,1715,11,10
E5600841,P010,936,1715,5,10
E5600841,P010,911,1724,6,10
E5600841,P010,922,1715,19,10
E5600841,PC23,923,1715,50,10
E5600841,PC23,936,1715,8,10
E5600841,PC23,911,1724,9,10
E5600841,PC23,922,1715,31,10
E5600841,PC83,923,1715,53,10
E5600841,PC83,936,1715,6,10
E5600841,PC83,911,1724,15,10
E5600841,PC83,922,1715,24,10
E5600841,PPB1,923,1715,8,10
E5600841,PPB1,936,1715,7,10
E5600841,PPB1,911,1724,8,10
E5600841,PPB1,922,1715,23,10
E5600841,PPC1,923,1715,12,10
E5600841,PPC1,936,1715,3,10
E5600841,PPC1,911,1724,5,10
E5600841,PPC1,922,1715,19,10
E5600841,PR54,923,1715,71,10
E5600841,PR54,936,1715,5,10
E5600841,PR54,911,1724,3,10
E5600841,PR54,922,1715,39,10
E5600841,PR61,923,1715,71,10
E5600841,PR61,936,1715,4,10
E5600841,PR61,911,1724,7,10
E5600841,PR61,922,1715,39,10
E5600841,PR62,923,1715,51,10
E5600841,PR62,936,1715,5,10
E5600841,PR62,911,1724,4,10
E5600841,PR62,922,1715,16,10
E5600841,PS11,923,1715,38,10
E5600841,PS11,936,1715,11,10
E5600841,PS11,911,1724,11,10
E5600841,PS11,922,1715,63,10
E5600841,PS12,911,1724,8,10
E5600841,PS31,923,1715,104,10
E5600841,PS31,936,1715,12,10
E5600841,PS31,911,1724,7,10
E5600841,PS31,922,1715,89,10
E5600841,PS32,911,1724,4,10
E5600841,PS51,923,1715,42,10
E5600841,PS51,936,1715,11,10
E5600841,PS51,911,1724,12,10
E5600841,PS51,922,1715,19,10
E5600841,PS52,911,1724,9,10
E5600841,PS71,923,1715,0,00
E5600841,PS71,936,1715,0,00
E5600841,PS71,911,1724,0,00
E5600841,PS71,922,1715,0,00
E5600841,PS72,911,1724,0,00
E4900333,P001,911,1724,9,10
E4900333,P002,911,1724,0,00
E4900333,P003,911,1724,0,32
E4900333,P103,911,1724,0,32
E4900333,P021,911,1724,7,10
E4900333,P105,911,1724,9,10
E4900333,P001,922,1715,1,10
E4900333,P002,922,1715,0,00
E4900333,P003,922,1715,0,32
E4900333,P103,922,1715,0,32
E4900333,P021,922,1715,3,10
E4900333,P105,922,1715,60,10
E4900333,P001,923,1715,89,10
E4900333,P002,923,1715,0,00
E4900333,P003,923,1715,0,32
E4900333,P103,923,1715,0,32
E4900333,P021,923,1715,44,10
E4900333,P105,923,1715,72,10
E4900333,P001,936,1715,13,10
E4900333,P002,936,1715,0,00
E4900333,P003,936,1715,0,32
E4900333,P103,936,1715,0,32
E4900333,P021,936,1715,7,10
E4900333,P105,936,1715,10,10
S2300438,P001,911,1730,5,10
E5601197,P002,911,1730,3,10
E5601197,P003,911,1730,2,10
S1602755,P101,911,1730,5,10
S1602755,P201,911,1730,5,10
S1602755,P301,911,1730,7,10
E5600332,P001,911,1730,0,00
E5600332,P002,911,1730,0,00
E5600332,P003,911,1730,0,00
S1901066,P004,911,1730,5,10
E5600789,P001,911,1730,0,00
E5600056,P004,911,1736,0,00
E5600056,P006,911,1736,3,10
E5600056,P007,911,1736,0,00
E5600056,P008,911,1736,5,10
E5600056,P009,911,1736,2,10
E5600056,P016,911,1736,4,10
E5600056,P017,911,1736,2,10
E5600056,P018,911,1736,3,10
E5600056,P021,911,1736,2,10
E5600056,P022,911,1736,2,10
E5600056,P023,911,1736,1,10
E5600056,P024,911,1736,3,10
E5600869,P001,911,1730,4,10
S1900710,P015,911,1736,0,00
S1900710,P050,911,1736,6,10
S1900710,P056,911,1736,4,10
S1900710,P060,911,1736,8,10
S1900710,P070,911,1736,6,10
S2202553,P001,911,1730,1,10
S2202553,P002,911,1730,1,10
S2202553,P003,911,1730,1,10
E5600896,P004,911,1718,0,00
E5600896,P005,911,1718,0,00
E5600896,P007,911,1718,5,10
E5600896,P008,911,1718,7,10
E5400878,P010,911,1718,1,10
E5600850,PC01,911,1730,0,00
E5002890,P001,911,1730,5,10
E5002890,P002,911,1730,6,10
E5002890,P003,911,1730,0,00
S1900685,P002,911,1730,13,10
S1900685,P421,911,1730,13,10
S1900685,P411,911,1730,4,10
S2100223,P015,911,1736,0,10
S2300401,P011,911,1706,9,10
S2300401,P011,911,1712,9,10
S2300401,P011,923,1715,60,10
S2300401,P011,936,1715,6,10
S2300401,P011,922,1715,31,10
S2300401,P011,911,1718,9,10
S2300401,P011,911,1724,9,10
E4900333,P001,911,1730,9,10
E4900333,P002,911,1730,0,00
E4900333,P003,911,1730,0,32
E4900333,P103,911,1730,0,32
E4900333,P021,911,1730,7,10
E4900333,P105,911,1730,9,10
E4900744,P001,911,1736,0,00
E4900744,P002,911,1736,0,00
E4900744,P023,911,1736,0,00
E5600841,P001,911,1730,5,10
E5600841,P002,911,1730,5,10
E5600841,P003,911,1730,9,10
E5600841,P004,911,1730,6,10
E5600841,P005,911,1730,9,10
E5600841,P006,911,1730,12,10
E5600841,P007,911,1730,13,10
E5600841,P008,911,1730,9,10
E5600841,P009,911,1730,9,10
E5600841,P010,911,1730,6,10
E5600841,PC23,911,1730,9,10
E5600841,PC83,911,1730,14,10
E5600841,PPB1,911,1730,8,10
E5600841,PPC1,911,1730,5,10
E5600841,PR54,911,1730,3,10
E5600841,PR61,911,1730,7,10
E5600841,PR62,911,1730,4,10
E5600841,PS11,911,1730,11,10
E5600841,PS12,911,1730,9,10
E5600841,PS31,911,1730,7,10
E5600841,PS32,911,1730,4,10
E5600841,PS51,911,1730,12,10
E5600841,PS52,911,1730,9,10
E5600841,PS71,911,1730,0,00
E5600841,PS72,911,1730,0,00
S2100223,P015,922,1730,0,10
S2100223,P015,923,1730,0,10
S2100223,P015,924,1730,0,10
S2100223,P015,936,1730,0,10
S2300438,P001,911,1736,5,10
E5601197,P002,911,1736,3,10
E5601197,P003,911,1736,3,10
S1602755,P101,911,1736,5,10
S1602755,P201,911,1736,5,10
S1602755,P301,911,1736,6,10
E5600332,P001,911,1736,0,00
E5600332,P002,911,1736,0,00
E5600332,P003,911,1736,0,00
S1901066,P004,911,1736,5,10
E5600789,P001,911,1736,0,00
E5600056,P004,911,1742,0,00
E5600056,P006,911,1742,3,10
E5600056,P007,911,1742,0,00
E5600056,P008,911,1742,5,10
E5600056,P009,911,1742,2,10
E5600056,P016,911,1742,5,10
E5600056,P017,911,1742,2,10
E5600056,P018,911,1742,3,10
E5600056,P021,911,1742,2,10
E5600056,P022,911,1742,2,10
E5600056,P023,911,1742,1,10
E5600056,P024,911,1742,4,10
E5600869,P001,911,1736,4,10
S1900710,P015,911,1742,0,00
S1900710,P050,911,1742,4,10
S1900710,P056,911,1742,4,10
S1900710,P060,911,1742,9,10
S1900710,P070,911,1742,6,10
S2202553,P001,911,1736,1,10
S2202553,P002,911,1736,1,10
S2202553,P003,911,1736,1,10
E4900744,P001,923,1730,0,00
E4900744,P023,923,1730,0,00
E4900744,P001,936,1730,0,00
E4900744,P023,936,1730,0,00
S2300401,P011,911,1000,9,10
S2300401,P011,923,1000,60,10
S2300401,P011,936,1000,6,10
S2300401,P011,922,1000,29,10
S2300401,P011,248,1000,192816,10
S2300401,P011,223,1000,58,10
S2300401,P011,236,1000,6,10
S2300401,P011,222,1000,31,10
S2300401,P011,259,1000,52,10
E5600896,P004,922,1715,0,00
E5600896,P004,923,1715,0,00
E5600896,P004,936,1715,0,00
E5600896,P005,922,1715,0,00
E5600896,P005,923,1715,0,00
E5600896,P005,936,1715,0,00
E5600896,P007,922,1715,0,10
E5600896,P007,923,1715,69,10
E5600896,P007,936,1715,5,10
E5600896,P008,922,1715,0,10
E5600896,P008,923,1715,62,10
E5600896,P008,936,1715,2,10
E5600896,P004,911,1724,0,00
E5600896,P005,911,1724,0,00
E5600896,P007,911,1724,5,10
E5600896,P008,911,1724,7,10
E5400878,P001,923,1715,23,10
E5400878,P001,936,1715,15,10
E5400878,P002,923,1715,19,10
E5400878,P002,936,1715,14,10
E5400878,P003,923,1715,17,10
E5400878,P003,936,1715,15,10
E5400878,P010,923,1715,18,10
E5400878,P010,936,1715,13,10
E5400878,P010,911,1724,2,10
S2300401,P011,911,1736,9,10
S2300429,P701,911,1736,0,00
S2300429,PF01,911,1736,9,10
E5600850,PC01,911,1736,0,00
E5002890,P001,911,1736,5,10
E5002890,P002,911,1736,6,10
E5002890,P003,911,1736,0,00
S1900685,P002,911,1736,12,10
S1900685,P421,911,1736,14,10
S1900685,P411,911,1736,4,10
S2100223,P015,911,1742,0,10
S1602755,P101,922,1730,1,10
S1602755,P201,922,1730,12,10
S1602755,P301,922,1730,2,10
S1602755,P101,923,1730,61,10
S1602755,P201,923,1730,67,10
S1602755,P301,923,1730,81,10
S1602755,P101,924,1730,60,10
S1602755,P201,924,1730,40,10
S1602755,P301,924,1730,2,10
S1602755,P101,926,1730,3,10
S1602755,P201,926,1730,27,11
S1602755,P301,926,1730,10,10
S1602755,P101,936,1730,8,10
S1602755,P201,936,1730,8,10
S1602755,P301,936,1730,10,10
E5600850,PC01,923,1730,0,00
E5600850,PC01,924,1730,0,00
E5600850,PC01,936,1730,0,00
E5600850,PC01,926,1730,0,00
S2300438,P001,922,1730,0,10
S2300438,P001,923,1730,28,10
S2300438,P001,936,1730,5,10
S2201109,P711,911,1736,15,10
S2201109,P731,911,1736,19,10
S2201109,P741,911,1736,23,11
S2201109,P751,911,1736,18,10
E4900333,P001,911,1736,9,10
E4900333,P002,911,1736,0,00
E4900333,P003,911,1736,0,32
E4900333,P103,911,1736,0,32
E4900333,P021,911,1736,7,10
E4900333,P105,911,1736,9,10
E5600869,P001,922,1730,120,10
E5600869,P001,923,1730,125,10
E5600869,P001,936,1730,7,10
S1900685,P421,922,1730,16,10
S1900685,P421,923,1730,69,10
S1900685,P421,936,1730,6,10
S1900685,P411,922,1730,27,10
S1900685,P411,923,1730,70,10
S1900685,P411,936,1730,12,10
E4900744,P001,911,1742,0,00
E4900744,P002,911,1742,0,00
E4900744,P023,911,1742,0,00
E5600841,P001,911,1736,5,10
E5600841,P002,911,1736,5,10
E5600841,P003,911,1736,9,10
E5600841,P004,911,1736,6,10
E5600841,P005,911,1736,9,10
E5600841,P006,911,1736,12,10
E5600841,P007,911,1736,13,10
E5600841,P008,911,1736,8,10
E5600841,P009,911,1736,9,10
E5600841,P010,911,1736,6,10
E5600841,PC23,911,1736,9,10
E5600841,PC83,911,1736,14,10
E5600841,PPB1,911,1736,8,10
E5600841,PPC1,911,1736,5,10
E5600841,PR54,911,1736,3,10
E5600841,PR61,911,1736,7,10
E5600841,PR62,911,1736,4,10
E5600841,PS11,911,1736,11,10
E5600841,PS12,911,1736,9,10
E5600841,PS31,911,1736,7,10
E5600841,PS32,911,1736,4,10
E5600841,PS51,911,1736,12,10
E5600841,PS52,911,1736,9,10
E5600841,PS71,911,1736,0,00
E5600841,PS72,911,1736,0,00
S2300401,P011,911,1730,9,10
S2300401,P011,923,1730,56,10
S2300401,P011,936,1730,6,10
S2300401,P011,922,1730,33,10
S1901066,P004,922,1730,231,10
S1901066,P004,923,1730,188,10
S1901066,P004,924,1730,0,10
S1901066,P004,936,1730,5,10
S1901066,P004,937,1730,11,10
E5002890,P001,922,1730,0,10
E5002890,P002,922,1730,0,10
E5002890,P003,922,1730,0,00
E5002890,P001,923,1730,104,10
E5002890,P002,923,1730,92,10
E5002890,P003,923,1730,0,00
E5002890,P001,924,1730,5,10
E5002890,P002,924,1730,3,10
E5002890,P003,924,1730,0,00
E5002890,P001,926,1730,15,10
E5002890,P002,926,1730,12,10
E5002890,P003,926,1730,0,00
E5002890,P001,936,1730,13,10
E5002890,P002,936,1730,12,10
E5002890,P003,936,1730,0,00
S1900710,P070,923,1745,21,10
S1900710,P070,936,1745,8,10
S1900710,P070,922,1745,16,10
S1900710,P015,923,1745,0,00
S1900710,P015,936,1745,0,00
S1900710,P015,922,1745,0,00
S1900710,P050,923,1745,117,10
S1900710,P050,936,1745,6,10
S1900710,P050,922,1745,72,10
S1900710,P056,923,1745,37,10
S1900710,P056,936,1745,4,10
S1900710,P056,922,1745,24,10
S1900710,P060,923,1745,25,10
S1900710,P060,936,1745,5,10
S1900710,P060,922,1745,26,10
S2300429,P701,911,1730,0,00
S2300429,P701,922,1730,0,00
S2300429,P701,923,1730,0,00
S2300429,P701,936,1730,0,00
S2300429,PF01,911,1730,9,10
S2300429,PF01,922,1730,20,10
S2300429,PF01,923,1730,32,10
S2300429,PF01,936,1730,5,10
E5600850,PC01,911,1742,0,00
S2300438,P001,911,1742,5,10
S2202553,P001,922,1730,12,10
S2202553,P002,922,1730,9,10
S2202553,P003,922,1730,10,10
S2202553,P001,923,1730,89,10
S2202553,P002,923,1730,89,10
S2202553,P003,923,1730,94,10
S2202553,P001,924,1730,21,10
S2202553,P002,924,1730,8,10
S2202553,P003,924,1730,7,10
S2202553,P001,926,1730,24,10
S2202553,P002,926,1730,24,10
S2202553,P003,926,1730,23,10
S2202553,P001,936,1730,11,10
S2202553,P002,936,1730,11,10
S2202553,P003,936,1730,10,10
E5601197,P002,911,1742,3,10
E5601197,P003,911,1742,3,10
S1601990,P001,911,1742,4,10
S1601990,P004,911,1742,4,10
S1601990,P049,911,1742,1,10
S1602755,P101,911,1742,5,10
S1602755,P201,911,1742,5,10
S1602755,P301,911,1742,7,10
E5600332,P001,911,1742,0,00
E5600332,P002,911,1742,0,00
E5600332,P003,911,1742,0,00
S1901066,P004,911,1742,5,10
E5600056,P004,922,1745,0,00
E5600056,P004,923,1745,0,00
E5600056,P004,924,1745,0,00
E5600056,P004,936,1745,0,00
E5600056,P006,922,1745,19,10
E5600056,P006,923,1745,73,10
E5600056,P006,924,1745,0,10
E5600056,P006,936,1745,4,10
E5600056,P007,922,1745,0,00
E5600056,P007,923,1745,0,00
E5600056,P007,924,1745,0,00
E5600056,P007,936,1745,0,00
E5600056,P008,922,1745,44,10
E5600056,P008,923,1745,69,10
E5600056,P008,924,1745,0,10
E5600056,P008,936,1745,5,10
E5600056,P016,922,1745,0,10
E5600056,P016,923,1745,31,10
E5600056,P016,936,1745,12,10
E5600056,P017,922,1745,3,10
E5600056,P017,923,1745,24,10
E5600056,P017,924,1745,0,10
E5600056,P017,936,1745,3,10
E5600056,P018,922,1745,1,10
E5600056,P018,923,1745,16,10
E5600056,P018,924,1745,0,10
E5600056,P018,936,1745,4,10
E5600056,P021,922,1745,0,10
E5600056,P021,923,1745,46,10
E5600056,P021,924,1745,0,10
E5600056,P021,936,1745,4,10
E5600056,P024,922,1745,3,10
E5600056,P024,923,1745,35,10
E5600056,P024,924,1745,2,10
E5600056,P024,936,1745,6,10
E5600056,P034,922,1745,7,10
E5600056,P034,923,1745,43,10
E5600056,P034,936,1745,1,10
E5600789,P001,911,1742,0,00
E5600056,P004,911,1748,0,00
E5600056,P006,911,1748,3,10
E5600056,P007,911,1748,0,00
E5600056,P008,911,1748,5,10
E5600056,P009,911,1748,3,10
E5600056,P016,911,1748,5,10
E5600056,P017,911,1748,2,10
E5600056,P018,911,1748,3,10
E5600056,P021,911,1748,3,10
E5600056,P022,911,1748,2,10
E5600056,P023,911,1748,1,10
E5600056,P024,911,1748,4,10
E5600869,P001,911,1742,4,10
S1900710,P070,911,1748,6,10
S1900710,P015,911,1748,0,00
S1900710,P050,911,1748,5,10
S1900710,P056,911,1748,4,10
S1900710,P060,911,1748,6,10
E5600841,P001,923,1730,35,10
E5600841,P001,936,1730,5,10
E5600841,P001,922,1730,30,10
E5600841,P002,923,1730,56,10
E5600841,P002,936,1730,4,10
E5600841,P002,922,1730,22,10
E5600841,P003,923,1730,13,10
E5600841,P003,936,1730,5,10
E5600841,P003,922,1730,23,10
E5600841,P004,923,1730,22,10
E5600841,P004,936,1730,4,10
E5600841,P004,922,1730,21,10
E5600841,P005,923,1730,16,10
E5600841,P005,936,1730,4,10
E5600841,P005,922,1730,20,10
E5600841,P006,923,1730,28,10
E5600841,P006,936,1730,5,10
E5600841,P006,922,1730,77,10
E5600841,P007,923,1730,32,10
E5600841,P007,936,1730,7,10
E5600841,P007,922,1730,69,10
E5600841,P008,923,1730,22,10
E5600841,P008,936,1730,9,10
E5600841,P008,922,1730,6,10
E5600841,P009,923,1730,10,10
E5600841,P009,936,1730,5,10
E5600841,P009,922,1730,25,10
E5600841,P010,923,1730,11,10
E5600841,P010,936,1730,5,10
E5600841,P010,922,1730,19,10
E5600841,PC23,923,1730,58,10
E5600841,PC23,936,1730,8,10
E5600841,PC23,922,1730,30,10
E5600841,PC83,923,1730,54,10
E5600841,PC83,936,1730,7,10
E5600841,PC83,922,1730,24,10
E5600841,PPB1,923,1730,8,10
E5600841,PPB1,936,1730,7,10
E5600841,PPB1,922,1730,23,10
E5600841,PPC1,923,1730,14,10
E5600841,PPC1,936,1730,3,10
E5600841,PPC1,922,1730,20,10
E5600841,PR54,923,1730,66,10
E5600841,PR54,936,1730,5,10
E5600841,PR54,922,1730,42,10
E5600841,PR61,923,1730,67,10
E5600841,PR61,936,1730,4,10
E5600841,PR61,922,1730,37,10
E5600841,PR62,923,1730,53,10
E5600841,PR62,936,1730,6,10
E5600841,PR62,922,1730,16,10
E5600841,PS11,923,1730,35,10
E5600841,PS11,936,1730,11,10
E5600841,PS11,922,1730,63,10
E5600841,PS31,923,1730,107,10
E5600841,PS31,936,1730,12,10
E5600841,PS31,922,1730,97,10
E5600841,PS51,923,1730,40,10
E5600841,PS51,936,1730,12,10
E5600841,PS51,922,1730,20,10
E5600841,PS71,923,1730,0,00
E5600841,PS71,936,1730,0,00
E5600841,PS71,922,1730,0,00
E5600896,P004,911,1730,0,00
E5600896,P005,911,1730,0,00
E5600896,P007,911,1730,5,10
E5600896,P008,911,1730,7,10
E5400878,P010,911,1730,2,10
S2300429,P701,911,1742,0,00
S2300429,PF01,911,1742,9,10
E4900333,P001,922,1730,1,10
E4900333,P002,922,1730,0,00
E4900333,P003,922,1730,0,32
E4900333,P103,922,1730,0,32
E4900333,P021,922,1730,3,10
E4900333,P105,922,1730,60,10
E4900333,P001,923,1730,87,10
E4900333,P002,923,1730,0,00
E4900333,P003,923,1730,0,32
E4900333,P103,923,1730,0,32
E4900333,P021,923,1730,45,10
E4900333,P105,923,1730,75,10
E4900333,P001,936,1730,13,10
E4900333,P002,936,1730,0,00
E4900333,P003,936,1730,0,32
E4900333,P103,936,1730,0,32
E4900333,P021,936,1730,7,10
E4900333,P105,936,1730,10,10
E5002890,P001,911,1742,5,10
E5002890,P002,911,1742,6,10
E5002890,P003,911,1742,0,00
S2202553,P001,911,1742,1,10
S2202553,P002,911,1742,0,10
S2202553,P003,911,1742,1,10
S2100223,P015,911,1748,0,10
S2300401,P011,911,1742,9,10
S1900685,P002,911,1742,12,10
S1900685,P421,911,1742,16,10
S1900685,P411,911,1742,4,10
S2201109,P711,911,1730,15,10
S2201109,P731,911,1730,19,10
S2201109,P741,911,1730,22,11
S2201109,P751,911,1730,17,10
S2201109,P711,923,1730,21,10
S2201109,P711,936,1730,6,10
S2201109,P711,922,1730,2,10
S2201109,P731,923,1730,46,10
S2201109,P731,936,1730,7,10
S2201109,P731,922,1730,12,10
S2201109,P741,923,1730,51,10
S2201109,P741,936,1730,5,10
S2201109,P741,922,1730,25,10
S2201109,P751,923,1730,50,10
S2201109,P751,936,1730,6,10
S2201109,P751,922,1730,11,10
S2201109,P711,911,1742,15,10
S2201109,P731,911,1742,18,10
S2201109,P741,911,1742,25,11
S2201109,P751,911,1742,18,10
E4900333,P001,911,1742,9,10
E4900333,P002,911,1742,0,00
E4900333,P003,911,1742,0,32
E4900333,P103,911,1742,0,32
E4900333,P021,911,1742,7,10
E4900333,P105,911,1742,9,10
E4900744,P001,911,1748,0,00
E4900744,P002,911,1748,0,00
E4900744,P023,911,1748,0,00
E5600841,P001,911,1742,5,10
E5600841,P002,911,1742,5,10
E5600841,P003,911,1742,9,10
E5600841,P004,911,1742,6,10
E5600841,P005,911,1742,9,10
E5600841,P006,911,1742,12,10
E5600841,P007,911,1742,13,10
E5600841,P008,911,1742,8,10
E5600841,P009,911,1742,9,10
E5600841,P010,911,1742,6,10
E5600841,PC23,911,1742,8,10
E5600841,PC83,911,1742,14,10
E5600841,PPB1,911,1742,8,10
E5600841,PPC1,911,1742,5,10
E5600841,PR54,911,1742,3,10
E5600841,PR61,911,1742,7,10
E5600841,PR62,911,1742,4,10
E5600841,PS11,911,1742,11,10
E5600841,PS12,911,1742,11,10
E5600841,PS31,911,1742,7,10
E5600841,PS32,911,1742,4,10
E5600841,PS51,911,1742,12,10
E5600841,PS52,911,1742,9,10
E5600841,PS71,911,1742,0,00
E5600841,PS72,911,1742,0,00
E5600850,PC01,911,1748,0,00
S2300438,P001,911,1748,5,10
E5601197,P002,911,1748,3,10
E5601197,P003,911,1748,2,10
S1602755,P101,911,1748,4,10
S1602755,P201,911,1748,5,10
S1602755,P301,911,1748,7,10
E5600332,P001,911,1748,0,00
E5600332,P002,911,1748,0,00
E5600332,P003,911,1748,0,00
S1901066,P004,911,1748,5,10
E5600789,P001,911,1748,0,00
E5600056,P004,911,1754,0,00
E5600056,P006,911,1754,3,10
E5600056,P007,911,1754,0,00
E5600056,P008,911,1754,5,10
E5600056,P009,911,1754,2,10
E5600056,P016,911,1754,4,10
E5600056,P017,911,1754,2,10
E5600056,P018,911,1754,3,10
E5600056,P021,911,1754,2,10
E5600056,P022,911,1754,3,10
E5600056,P023,911,1754,1,10
E5600056,P024,911,1754,3,10
E5600869,P001,911,1748,4,10
S1900710,P015,911,1754,0,00
S1900710,P050,911,1754,5,10
S1900710,P056,911,1754,4,10
S1900710,P060,911,1754,5,10
S1900710,P070,911,1754,6,10
E5600896,P004,911,1736,0,00
E5600896,P005,911,1736,0,00
E5600896,P007,911,1736,5,10
E5600896,P008,911,1736,7,10
E5400878,P010,911,1736,2,10
S2300429,P701,911,1748,0,00
S2300429,PF01,911,1748,9,10
E5002890,P001,911,1748,5,10
E5002890,P002,911,1748,5,10
E5002890,P003,911,1748,0,00
S2202553,P001,911,1748,1,10
S2202553,P002,911,1748,0,10
S2202553,P003,911,1748,1,10
S2100223,P015,911,1754,0,10
S2100223,P015,922,1745,0,10
S2100223,P015,923,1745,0,10
S2100223,P015,924,1745,0,10
S2100223,P015,936,1745,0,10
S2100223,P015,222,1700,0,
S2100223,P015,223,1700,0,
S2100223,P015,224,1700,0,
S2100223,P015,236,1700,0,
S2100223,P015,248,1700,0,
S2100223,P015,259,1700,0,
S2300401,P011,911,1748,9,10
S1900685,P002,911,1748,12,10
S1900685,P421,911,1748,14,10
S1900685,P411,911,1748,4,10
S2201109,P711,911,1748,15,10
S2201109,P731,911,1748,18,10
S2201109,P741,911,1748,24,11
S2201109,P751,911,1748,18,10
E4900333,P001,911,1748,9,10
E4900333,P002,911,1748,0,00
E4900333,P003,911,1748,0,32
E4900333,P103,911,1748,0,32
E4900333,P021,911,1748,7,10
E4900333,P105,911,1748,9,10
E4900744,P001,911,1754,0,00
E4900744,P002,911,1754,0,00
E4900744,P023,911,1754,0,00
E4900744,P001,923,1745,0,00
E4900744,P023,923,1745,0,00
E4900744,P001,936,1745,0,00
E4900744,P023,936,1745,0,00
E4900744,P001,223,1700,0,00
E4900744,P023,223,1700,0,00
E4900744,P001,236,1700,0,00
E4900744,P023,236,1700,0,00
E4900744,P001,248,1700,0,00
E4900744,P023,248,1700,0,00
E4900744,P001,259,1700,0,00
E4900744,P023,259,1700,0,00
E5600841,P001,911,1748,5,10
E5600841,P002,911,1748,5,10
E5600841,P003,911,1748,9,10
E5600841,P004,911,1748,6,10
E5600841,P005,911,1748,9,10
E5600841,P006,911,1748,12,10
E5600841,P007,911,1748,13,10
E5600841,P008,911,1748,8,10
E5600841,P009,911,1748,9,10
E5600841,P010,911,1748,6,10
E5600841,PC23,911,1748,9,10
E5600841,PC83,911,1748,15,10
E5600841,PPB1,911,1748,8,10
E5600841,PPC1,911,1748,5,10
E5600841,PR54,911,1748,3,10
E5600841,PR61,911,1748,7,10
E5600841,PR62,911,1748,4,10
E5600841,PS11,911,1748,12,10
E5600841,PS12,911,1748,10,10
E5600841,PS31,911,1748,7,10
E5600841,PS32,911,1748,4,10
E5600841,PS51,911,1748,12,10
E5600841,PS52,911,1748,10,10
E5600841,PS71,911,1748,0,00
E5600841,PS72,911,1748,0,00
E5600896,P004,922,1730,0,00
E5600896,P004,923,1730,0,00
E5600896,P004,936,1730,0,00
E5600896,P005,922,1730,0,00
E5600896,P005,923,1730,0,00
E5600896,P005,936,1730,0,00
E5600896,P007,922,1730,0,10
E5600896,P007,923,1730,70,11
E5600896,P007,936,1730,5,10
E5600896,P008,922,1730,0,10
E5600896,P008,923,1730,63,10
E5600896,P008,936,1730,2,10
E5400878,P001,923,1730,23,10
E5400878,P001,936,1730,15,10
E5400878,P002,923,1730,19,10
E5400878,P002,936,1730,14,10
E5400878,P003,923,1730,17,10
E5400878,P003,936,1730,15,10
E5400878,P010,923,1730,18,10
E5400878,P010,936,1730,13,10
S2300438,P001,922,1745,0,10
S2300438,P001,923,1745,29,10
S2300438,P001,936,1745,6,10
S2300438,P001,911,1754,5,10
E5601197,P002,911,1754,3,10
E5601197,P003,911,1754,2,10
S1602755,P101,911,1754,4,10
S1602755,P201,911,1754,5,10
S1602755,P301,911,1754,7,10
S1602755,P101,922,1745,2,10
S1602755,P201,922,1745,5,10
S1602755,P301,922,1745,2,10
S1602755,P101,923,1745,84,10
S1602755,P201,923,1745,67,10
S1602755,P301,923,1745,47,10
S1602755,P101,924,1745,8,10
S1602755,P201,924,1745,20,10
S1602755,P301,924,1745,3,10
S1602755,P101,926,1745,3,10
S1602755,P201,926,1745,32,11
S1602755,P301,926,1745,9,10
S1602755,P101,936,1745,8,10
S1602755,P201,936,1745,9,10
S1602755,P301,936,1745,9,10
S1602755,P101,222,1700,1,10
S1602755,P201,222,1700,6,10
S1602755,P301,222,1700,2,10
S1602755,P101,223,1700,68,10
S1602755,P201,223,1700,69,10
S1602755,P301,223,1700,65,10
S1602755,P101,224,1700,22,10
S1602755,P201,224,1700,26,10
S1602755,P301,224,1700,8,10
S1602755,P101,226,1700,4,10
S1602755,P201,226,1700,23,11
S1602755,P301,226,1700,8,10
S1602755,P101,236,1700,8,10
S1602755,P201,236,1700,9,10
S1602755,P301,236,1700,9,10
S1602755,P101,248,1700,102365,10
S1602755,P201,248,1700,87106,10
S1602755,P301,248,1700,104337,10
S1602755,P101,259,1700,137,10
S1602755,P201,259,1700,133,10
S1602755,P301,259,1700,138,10
E5600850,PC01,923,1745,0,00
E5600850,PC01,924,1745,0,00
E5600850,PC01,936,1745,0,00
E5600850,PC01,926,1745,0,00
S1901066,P004,922,1745,230,10
S1901066,P004,923,1745,186,10
S1901066,P004,924,1745,0,10
S1901066,P004,936,1745,5,10
S1901066,P004,937,1745,11,10
E5600332,P001,911,1754,0,00
E5600332,P002,911,1754,0,00
E5600332,P003,911,1754,0,00
E5600850,PC01,911,1754,0,00
S1901066,P004,911,1754,5,10
E5600789,P001,911,1754,0,00
E5600056,P004,911,1800,0,00
E5600056,P006,911,1800,3,10
E5600056,P007,911,1800,0,00
E5600056,P008,911,1800,5,10
E5600056,P009,911,1800,2,10
E5600056,P016,911,1800,4,10
E5600056,P017,911,1800,2,10
E5600056,P018,911,1800,3,10
E5600056,P021,911,1800,2,10
E5600056,P022,911,1800,2,10
E5600056,P023,911,1800,1,10
E5600056,P024,911,1800,3,10
E5600056,P004,922,1800,0,00
E5600056,P004,923,1800,0,00
E5600056,P004,924,1800,0,00
E5600056,P004,936,1800,0,00
E5600056,P006,922,1800,25,10
E5600056,P006,923,1800,64,10
E5600056,P006,924,1800,1,10
E5600056,P006,936,1800,6,10
E5600056,P007,922,1800,0,00
E5600056,P007,923,1800,0,00
E5600056,P007,924,1800,0,00
E5600056,P007,936,1800,0,00
E5600056,P008,922,1800,38,10
E5600056,P008,923,1800,68,10
E5600056,P008,924,1800,0,10
E5600056,P008,936,1800,6,10
E5600056,P016,922,1800,0,10
E5600056,P016,923,1800,31,10
E5600056,P016,936,1800,12,10
E5600056,P017,922,1800,3,10
E5600056,P017,923,1800,24,10
E5600056,P017,924,1800,0,10
E5600056,P017,936,1800,3,10
E5600056,P018,922,1800,1,10
E5600056,P018,923,1800,17,10
E5600056,P018,936,1800,4,10
E5600056,P021,922,1800,0,10
E5600056,P021,923,1800,48,10
E5600056,P021,936,1800,4,10
E5600056,P024,922,1800,3,10
E5600056,P024,923,1800,35,10
E5600056,P024,924,1800,2,10
E5600056,P024,936,1800,6,10
E5600056,P034,923,1800,46,10
E5600056,P034,936,1800,1,10
E5600056,P004,222,1800,0,00
E5600056,P004,223,1800,0,00
E5600056,P004,224,1800,0,00
E5600056,P004,236,1800,0,00
E5600056,P004,248,1800,0,00
E5600056,P004,259,1800,0,00
E5600056,P006,222,1800,21,10
E5600056,P006,223,1800,74,10
E5600056,P006,224,1800,1,10
E5600056,P006,236,1800,5,10
E5600869,P001,911,1754,4,10
E5600869,P001,922,1745,124,10
E5600869,P001,923,1745,125,10
E5600869,P001,936,1745,7,10
E5600869,P001,222,1700,123,10
E5600869,P001,223,1700,125,10
E5600869,P001,236,1700,7,10
E5600869,P001,248,1700,53992,10
E5600869,P001,259,1700,107,10
S1900710,P015,911,1800,0,00
S1900710,P050,911,1800,5,10
S1900710,P056,911,1800,4,10
S1900710,P060,911,1800,5,10
S1900710,P070,911,1800,6,10
S1900710,P015,923,1800,0,00
S1900710,P015,936,1800,0,00
S1900710,P015,922,1800,0,00
S1900710,P050,923,1800,120,10
S1900710,P050,936,1800,5,10
S1900710,P050,922,1800,68,10
S1900710,P056,923,1800,39,10
S1900710,P056,936,1800,4,10
S1900710,P056,922,1800,23,10
S1900710,P060,923,1800,23,10
S1900710,P060,936,1800,5,10
S1900710,P060,922,1800,26,10
S1900710,P070,923,1800,20,10
S1900710,P070,936,1800,8,10
S1900710,P070,922,1800,16,10
S1900710,P015,248,1800,0,00
S1900710,P015,223,1800,0,00
S1900710,P015,236,1800,0,00
S1900710,P015,222,1800,0,00
S1900710,P015,259,1800,0,00
S1900710,P050,248,1800,103248,10
S1900710,P050,223,1800,119,10
S1900710,P050,236,1800,5,10
S1900710,P050,222,1800,69,10
S1900710,P050,259,1800,153,10
S1900710,P056,248,1800,182880,10
S1900710,P056,223,1800,38,10
S1900710,P056,236,1800,4,10
S1900710,P056,222,1800,23,10
S1900710,P056,259,1800,127,10
S1900710,P060,248,1800,182808,10
S1900710,P060,223,1800,24,10
S1900710,P060,236,1800,5,10
S1900710,P060,222,1800,26,10
S1900710,P060,259,1800,125,10
S1900710,P070,248,1800,172656,10
S1900710,P070,223,1800,21,10
S1900710,P070,236,1800,8,10
S1900710,P070,222,1800,16,10
S1900710,P070,259,1800,85,10
S2201109,P711,923,1745,21,10
S2201109,P711,936,1745,6,10
S2201109,P711,922,1745,3,10
S2201109,P731,923,1745,47,10
S2201109,P731,936,1745,7,10
S2201109,P731,922,1745,13,10
S2201109,P741,923,1745,50,10
S2201109,P741,936,1745,5,10
S2201109,P741,922,1745,25,10
S2201109,P751,923,1745,51,10
S2201109,P751,936,1745,6,10
S2201109,P751,922,1745,11,10
S2300429,P701,922,1745,0,00
S2300429,P701,923,1745,0,00
S2300429,P701,936,1745,0,00
S2300429,PF01,922,1745,18,10
S2300429,PF01,923,1745,33,10
S2300429,PF01,936,1745,5,10
E5600896,P004,911,1742,0,00
E5600896,P005,911,1742,0,00
E5600896,P007,911,1742,6,10
E5600896,P008,911,1742,7,10
E5400878,P010,911,1742,2,10
S2300429,P701,911,1754,0,00
S2300429,PF01,911,1754,9,10
E5002890,P001,911,1754,5,10
E5002890,P002,911,1754,5,10
E5002890,P003,911,1754,0,00
E5002890,P001,922,1745,0,10
E5002890,P002,922,1745,0,10
E5002890,P003,922,1745,0,00
E5002890,P001,923,1745,102,10
E5002890,P002,923,1745,95,10
E5002890,P003,923,1745,0,00
E5002890,P001,924,1745,4,10
E5002890,P002,924,1745,2,10
E5002890,P003,924,1745,0,00
E5002890,P001,926,1745,17,10
E5002890,P002,926,1745,11,10
E5002890,P003,926,1745,0,00
E5002890,P001,936,1745,12,10
E5002890,P002,936,1745,12,10
E5002890,P003,936,1745,0,00
E5002890,P001,222,1700,0,10
E5002890,P002,222,1700,0,10
E5002890,P003,222,1700,0,00
E5002890,P001,223,1700,101,10
E5002890,P002,223,1700,97,10
E5002890,P003,223,1700,0,00
E5002890,P001,224,1700,4,10
E5002890,P002,224,1700,3,10
E5002890,P003,224,1700,0,00
E5002890,P001,226,1700,17,10
E5002890,P002,226,1700,11,10
E5002890,P003,226,1700,0,00
E5002890,P001,236,1700,12,10
E5002890,P002,236,1700,12,10
E5002890,P003,236,1700,0,00
E5002890,P001,248,1700,53891,10
E5002890,P002,248,1700,59722,10
E5002890,P003,248,1700,0,00
E5002890,P001,259,1700,166,10
E5002890,P002,259,1700,158,10
E5002890,P003,259,1700,0,00
S2202553,P001,911,1754,1,10
S2202553,P002,911,1754,0,10
S2202553,P003,911,1754,1,10
S2202553,P001,922,1745,9,10
S2202553,P002,922,1745,3,10
S2202553,P003,922,1745,8,10
S2202553,P001,923,1745,91,10
S2202553,P002,923,1745,81,10
S2202553,P003,923,1745,88,10
S2202553,P001,924,1745,33,10
S2202553,P002,924,1745,16,10
S2202553,P003,924,1745,8,10
S2202553,P001,926,1745,22,10
S2202553,P002,926,1745,5,10
S2202553,P003,926,1745,28,10
S2202553,P001,936,1745,12,10
S2202553,P002,936,1745,11,10
S2202553,P003,936,1745,10,10
S2202553,P001,222,1700,10,10
S2202553,P002,222,1700,10,10
S2202553,P003,222,1700,8,10
S2202553,P001,223,1700,89,10
S2202553,P002,223,1700,90,10
S2202553,P003,223,1700,93,10
S2202553,P001,224,1700,30,10
S2202553,P002,224,1700,7,10
S2202553,P003,224,1700,9,10
S2202553,P001,226,1700,19,10
S2202553,P002,226,1700,20,10
S2202553,P003,226,1700,22,10
S2202553,P001,236,1700,12,10
S2202553,P002,236,1700,11,10
S2202553,P003,236,1700,9,10
S2202553,P001,248,1700,90585,10
S2202553,P002,248,1700,100137,10
S2202553,P003,248,1700,102153,10
S2202553,P001,259,1700,137,10
S2202553,P002,259,1700,132,10
S2202553,P003,259,1700,147,10
S2100223,P015,911,1800,0,10
S2300401,P011,911,1700,9,10
S2300401,P011,923,1700,61,10
S2300401,P011,936,1700,6,10
S2300401,P011,922,1700,31,10
S2300401,P011,248,1700,192672,10
S2300401,P011,223,1700,59,10
S2300401,P011,236,1700,6,10
S2300401,P011,222,1700,32,10
S2300401,P011,259,1700,52,10
S2300401,P011,923,1745,58,10
S2300401,P011,936,1745,6,10
S2300401,P011,922,1745,34,10
S2201109,P711,911,1754,15,10
S2201109,P731,911,1754,18,10
S2201109,P741,911,1754,27,11
S2201109,P751,911,1754,19,10
S2300401,P011,911,1754,9,10
S1900685,P002,911,1754,13,10
S1900685,P421,911,1754,13,10
S1900685,P421,922,1745,14,10
S1900685,P421,923,1745,66,10
S1900685,P421,936,1745,6,10
S1900685,P421,222,1700,15,10
S1900685,P421,223,1700,67,10
S1900685,P421,236,1700,6,10
S1900685,P421,248,1700,313839,10
S1900685,P421,259,1700,52,10
S1900685,P411,911,1754,4,10
S1900685,P411,222,1700,27,10
S1900685,P411,922,1745,27,10
S1900685,P411,223,1700,70,10
S1900685,P411,923,1745,70,10
S1900685,P411,236,1700,12,10
S1900685,P411,936,1745,12,10
S1900685,P411,248,1700,21004,10
S1900685,P411,259,1700,134,10
E4900744,P001,911,1800,0,00
E4900744,P002,911,1800,0,00
E4900744,P023,911,1800,0,00
E4900333,P001,911,1754,9,10
E4900333,P002,911,1754,0,00
E4900333,P003,911,1754,0,32
E4900333,P103,911,1754,0,32
E4900333,P021,911,1754,7,10
E4900333,P105,911,1754,9,10
E4900333,P001,922,1745,1,10
E4900333,P002,922,1745,0,00
E4900333,P003,922,1745,0,32
E4900333,P103,922,1745,0,32
E4900333,P021,922,1745,4,10
E4900333,P105,922,1745,58,10
E4900333,P001,923,1745,85,10
E4900333,P002,923,1745,0,00
E4900333,P003,923,1745,0,32
E4900333,P103,923,1745,0,32
E4900333,P021,923,1745,47,10
E4900333,P105,923,1745,74,10
E4900333,P001,936,1745,13,10
E4900333,P002,936,1745,0,00
E4900333,P003,936,1745,0,32
E4900333,P103,936,1745,0,32
E4900333,P021,936,1745,7,10
E4900333,P105,936,1745,10,10
E4900333,P001,259,1700,76,10
E4900333,P002,259,1700,0,00
E4900333,P003,259,1700,0,32
E4900333,P103,259,1700,0,32
E4900333,P021,259,1700,124,10
E4900333,P105,259,1700,162,10
E4900333,P001,222,1700,1,10
E4900333,P002,222,1700,0,00
E4900333,P003,222,1700,0,32
E4900333,P103,222,1700,0,32
E4900333,P021,222,1700,3,10
E4900333,P105,222,1700,60,10
E4900333,P001,223,1700,87,10
E4900333,P002,223,1700,0,00
E4900333,P003,223,1700,0,32
E4900333,P103,223,1700,0,32
E4900333,P021,223,1700,45,10
E4900333,P105,223,1700,74,10
E4900333,P001,236,1700,13,10
E4900333,P002,236,1700,0,00
E4900333,P003,236,1700,0,32
E4900333,P103,236,1700,0,32
E4900333,P021,236,1700,7,10
E4900333,P105,236,1700,10,10
E4900333,P001,248,1700,29266,10
E4900333,P002,248,1700,0,00
E4900333,P003,248,1700,0,32
E4900333,P103,248,1700,0,32
E4900333,P021,248,1700,106226,10
E4900333,P105,248,1700,156617,10
S2300438,P001,911,1800,5,10
E5601197,P002,911,1800,3,10
E5601197,P003,911,1800,3,10
S1602755,P101,911,1800,4,10
S1602755,P201,911,1800,5,10
S1602755,P301,911,1800,7,10
E5600332,P001,911,1800,0,00
E5600332,P002,911,1800,0,00
E5600332,P003,911,1800,0,00
E5600850,PC01,911,1800,0,00
S1901066,P004,911,1800,5,10
E5600789,P001,911,1800,0,00
E5600869,P001,911,1800,4,10
S1900710,P015,911,1806,0,00
S1900710,P050,911,1806,5,10
S1900710,P056,911,1806,4,10
S1900710,P060,911,1806,4,10
S1900710,P070,911,1806,6,10
E5600841,P001,248,1700,189544,10
E5600841,P001,923,1745,30,10
E5600841,P001,223,1700,29,10
E5600841,P001,936,1745,5,10
E5600841,P001,236,1700,5,10
E5600841,P001,911,1754,5,10
E5600841,P001,922,1745,28,10
E5600841,P001,222,1700,28,10
E5600841,P001,259,1700,166,10
E5600841,P002,248,1700,212006,10
E5600841,P002,923,1745,46,10
E5600841,P002,223,1700,44,10
E5600841,P002,936,1745,4,10
E5600841,P002,236,1700,4,10
E5600841,P002,911,1754,5,10
E5600841,P002,922,1745,20,10
E5600841,P002,222,1700,20,10
E5600841,P002,259,1700,164,10
E5600841,P003,248,1700,108839,10
E5600841,P003,923,1745,16,10
E5600841,P003,223,1700,17,10
E5600841,P003,936,1745,5,10
E5600841,P003,236,1700,5,10
E5600841,P003,911,1754,9,10
E5600841,P003,922,1745,23,10
E5600841,P003,222,1700,23,10
E5600841,P003,259,1700,169,10
E5600841,P004,248,1700,188571,10
E5600841,P004,923,1745,23,10
E5600841,P004,223,1700,21,10
E5600841,P004,936,1745,4,10
E5600841,P004,236,1700,4,10
E5600841,P004,911,1754,6,10
E5600841,P004,922,1745,20,10
E5600841,P004,222,1700,20,10
E5600841,P004,259,1700,189,10
E5600841,P005,248,1700,196428,10
E5600841,P005,923,1745,17,10
E5600841,P005,223,1700,16,10
E5600841,P005,936,1745,4,10
E5600841,P005,236,1700,4,10
E5600841,P005,911,1754,9,10
E5600841,P005,922,1745,20,10
E5600841,P005,222,1700,19,10
E5600841,P005,259,1700,197,10
E5600841,P006,248,1700,231600,10
E5600841,P006,923,1745,29,10
E5600841,P006,223,1700,28,10
E5600841,P006,936,1745,5,10
E5600841,P006,236,1700,5,10
E5600841,P006,911,1754,12,10
E5600841,P006,922,1745,78,10
E5600841,P006,222,1700,77,10
E5600841,P006,259,1700,125,10
E5600841,P007,248,1700,234916,10
E5600841,P007,923,1745,39,10
E5600841,P007,223,1700,33,10
E5600841,P007,936,1745,6,10
E5600841,P007,236,1700,6,10
E5600841,P007,911,1754,13,10
E5600841,P007,922,1745,74,10
E5600841,P007,222,1700,70,10
E5600841,P007,259,1700,135,10
E5600841,P008,248,1700,195730,10
E5600841,P008,923,1745,34,10
E5600841,P008,223,1700,26,10
E5600841,P008,936,1745,9,10
E5600841,P008,236,1700,9,10
E5600841,P008,911,1754,8,10
E5600841,P008,922,1745,7,10
E5600841,P008,222,1700,7,10
E5600841,P008,259,1700,50,10
E5600841,P009,248,1700,302797,10
E5600841,P009,923,1745,11,10
E5600841,P009,223,1700,11,10
E5600841,P009,936,1745,5,10
E5600841,P009,236,1700,5,10
E5600841,P009,911,1754,9,10
E5600841,P009,922,1745,23,10
E5600841,P009,222,1700,25,10
E5600841,P009,259,1700,123,10
E5600841,P010,248,1700,359863,10
E5600841,P010,923,1745,12,10
E5600841,P010,223,1700,11,10
E5600841,P010,936,1745,6,10
E5600841,P010,236,1700,5,10
E5600841,P010,911,1754,6,10
E5600841,P010,922,1745,18,10
E5600841,P010,222,1700,19,10
E5600841,P010,259,1700,107,10
E5600841,PC23,248,1700,29741,10
E5600841,PC23,923,1745,74,10
E5600841,PC23,223,1700,68,10
E5600841,PC23,936,1745,7,10
E5600841,PC23,236,1700,8,10
E5600841,PC23,911,1754,9,10
E5600841,PC23,922,1745,29,10
E5600841,PC23,222,1700,30,10
E5600841,PC23,259,1700,158,10
E5600841,PC83,248,1700,207591,10
E5600841,PC83,923,1745,57,10
E5600841,PC83,223,1700,54,10
E5600841,PC83,936,1745,6,10
E5600841,PC83,236,1700,7,10
E5600841,PC83,911,1754,14,10
E5600841,PC83,922,1745,23,10
E5600841,PC83,222,1700,24,10
E5600841,PC83,259,1700,169,10
E5600841,PPB1,248,1700,221283,10
E5600841,PPB1,923,1745,9,10
E5600841,PPB1,223,1700,8,10
E5600841,PPB1,936,1745,8,10
E5600841,PPB1,236,1700,7,10
E5600841,PPB1,911,1754,8,10
E5600841,PPB1,922,1745,23,10
E5600841,PPB1,222,1700,23,10
E5600841,PPB1,259,1700,139,10
E5600841,PPC1,248,1700,636875,10
E5600841,PPC1,923,1745,14,10
E5600841,PPC1,223,1700,13,10
E5600841,PPC1,936,1745,3,10
E5600841,PPC1,236,1700,3,10
E5600841,PPC1,911,1754,6,10
E5600841,PPC1,922,1745,20,10
E5600841,PPC1,222,1700,19,10
E5600841,PPC1,259,1700,129,10
E5600841,PR54,248,1700,39058,10
E5600841,PR54,923,1745,86,10
E5600841,PR54,223,1700,75,10
E5600841,PR54,936,1745,8,10
E5600841,PR54,236,1700,6,10
E5600841,PR54,911,1754,3,10
E5600841,PR54,922,1745,38,10
E5600841,PR54,222,1700,39,10
E5600841,PR54,259,1700,228,10
E5600841,PR61,248,1700,119425,10
E5600841,PR61,923,1745,72,10
E5600841,PR61,223,1700,71,10
E5600841,PR61,936,1745,4,10
E5600841,PR61,236,1700,4,10
E5600841,PR61,911,1754,7,10
E5600841,PR61,922,1745,41,10
E5600841,PR61,222,1700,40,10
E5600841,PR61,259,1700,313,10
E5600841,PR62,248,1700,73615,10
E5600841,PR62,923,1745,61,10
E5600841,PR62,223,1700,55,10
E5600841,PR62,936,1745,5,10
E5600841,PR62,236,1700,5,10
E5600841,PR62,911,1754,4,10
E5600841,PR62,922,1745,18,10
E5600841,PR62,222,1700,17,10
E5600841,PR62,259,1700,303,10
E5600841,PS11,248,1700,831185,10
E5600841,PS11,923,1745,33,10
E5600841,PS11,223,1700,36,10
E5600841,PS11,936,1745,11,10
E5600841,PS11,236,1700,11,10
E5600841,PS11,911,1754,11,10
E5600841,PS11,922,1745,56,10
E5600841,PS11,222,1700,61,10
E5600841,PS11,259,1700,170,10
E5600841,PS12,911,1754,9,10
E5600841,PS31,248,1700,758370,10
E5600841,PS31,923,1745,113,10
E5600841,PS31,223,1700,106,10
E5600841,PS31,936,1745,12,10
E5600841,PS31,236,1700,12,10
E5600841,PS31,911,1754,7,10
E5600841,PS31,922,1745,92,10
E5600841,PS31,222,1700,92,10
E5600841,PS31,259,1700,127,10
E5600841,PS32,911,1754,4,10
E5600841,PS51,248,1700,912834,10
E5600841,PS51,923,1745,41,10
E5600841,PS51,223,1700,41,10
E5600841,PS51,936,1745,12,10
E5600841,PS51,236,1700,11,10
E5600841,PS51,911,1754,12,10
E5600841,PS51,922,1745,19,10
E5600841,PS51,222,1700,19,10
E5600841,PS51,259,1700,136,10
E5600841,PS52,911,1754,9,10
E5600841,PS71,248,1700,0,00
E5600841,PS71,923,1745,0,00
E5600841,PS71,223,1700,0,00
E5600841,PS71,936,1745,0,00
E5600841,PS71,236,1700,0,00
E5600841,PS71,911,1754,0,00
E5600841,PS71,922,1745,0,00
E5600841,PS71,222,1700,0,00
E5600841,PS71,259,1700,0,00
E5600841,PS72,911,1754,0,00
E5600896,P004,911,1748,0,00
E5600896,P005,911,1748,0,00
E5600896,P007,911,1748,6,10
E5600896,P008,911,1748,7,10
E5400878,P010,911,1748,2,10
E5600056,P004,911,1806,0,00
E5600056,P006,911,1806,3,10
E5600056,P007,911,1806,0,00
E5600056,P008,911,1806,5,10
E5600056,P009,911,1806,2,10
E5600056,P016,911,1806,5,10
E5600056,P017,911,1806,2,10
E5600056,P018,911,1806,3,10
E5600056,P021,911,1806,2,10
E5600056,P022,911,1806,2,10
E5600056,P023,911,1806,1,10
E5600056,P024,911,1806,4,10
E5002890,P001,911,1800,5,10
E5002890,P002,911,1800,5,10
E5002890,P003,911,1800,0,00
S2202553,P001,911,1800,1,10
S2202553,P002,911,1800,0,10
S2202553,P003,911,1800,1,10
S2100223,P015,911,1806,0,10
S1900685,P002,911,1800,13,10
S1900685,P421,911,1800,12,10
S1900685,P411,911,1800,4,10
E4900744,P001,911,1806,0,00
E4900744,P002,911,1806,0,00
E4900744,P023,911,1806,0,00
E5600841,P001,911,1800,5,10
E5600841,P002,911,1800,5,10
E5600841,P003,911,1800,9,10
E5600841,P004,911,1800,6,10
E5600841,P005,911,1800,9,10
E5600841,P006,911,1800,12,10
E5600841,P007,911,1800,13,10
E5600841,P008,911,1800,8,10
E5600841,P009,911,1800,9,10
E5600841,P010,911,1800,6,10
E5600841,PC23,911,1800,9,10
E5600841,PC83,911,1800,14,10
E5600841,PPB1,911,1800,8,10
E5600841,PPC1,911,1800,6,10
E5600841,PR54,911,1800,3,10
E5600841,PR61,911,1800,7,10
E5600841,PR62,911,1800,4,10
E5600841,PS11,911,1800,11,10
E5600841,PS12,911,1800,9,10
E5600841,PS31,911,1800,7,10
E5600841,PS32,911,1800,4,10
E5600841,PS51,911,1800,12,10
E5600841,PS52,911,1800,9,10
E5600841,PS71,911,1800,0,00
E5600841,PS72,911,1800,0,00
E4900333,P001,911,1800,9,10
E4900333,P002,911,1800,0,00
E4900333,P003,911,1800,0,32
E4900333,P103,911,1800,0,32
E4900333,P021,911,1800,7,10
E4900333,P105,911,1800,9,10
S2100223,P015,922,1800,0,10
S2100223,P015,923,1800,0,10
S2100223,P015,924,1800,0,10
S2100223,P015,936,1800,0,10
S2300438,P001,911,1806,5,10
E5601197,P002,911,1806,3,10
E5601197,P003,911,1806,3,10
S1602755,P101,911,1806,4,10
S1602755,P201,911,1806,5,10
S1602755,P301,911,1806,7,10
S2300401,P011,911,1806,9,10
E5600332,P001,911,1806,0,00
E5600332,P002,911,1806,0,00
E5600332,P003,911,1806,0,00
E5600850,PC01,911,1806,0,00
S1901066,P004,911,1806,5,10
E5600789,P001,911,1806,0,00
E5600869,P001,911,1806,4,10
S1900710,P015,911,1812,0,00
S1900710,P050,911,1812,5,10
S1900710,P056,911,1812,4,10
S1900710,P060,911,1812,3,10
S1900710,P070,911,1812,6,10
E4900744,P001,923,1800,0,00
E4900744,P023,923,1800,0,00
E4900744,P001,936,1800,0,00
E4900744,P023,936,1800,0,00
E5600896,P004,222,1700,0,00
E5600896,P004,223,1700,0,00
E5600896,P004,236,1700,0,00
E5600896,P004,248,1700,0,00
E5600896,P004,259,1700,0,00
E5600896,P005,222,1700,0,00
E5600896,P005,223,1700,0,00
E5600896,P005,236,1700,0,00
E5600896,P005,248,1700,0,00
E5600896,P005,259,1700,0,00
E5600896,P007,222,1700,0,10
E5600896,P007,223,1700,70,11
E5600896,P007,236,1700,5,10
E5600896,P007,248,1700,1482382,10
E5600896,P007,259,1700,158,10
E5600896,P008,222,1700,0,10
E5600896,P008,223,1700,63,10
E5600896,P008,236,1700,2,10
E5600896,P008,248,1700,1893438,10
E5600896,P008,259,1700,133,10
E5600896,P004,922,1745,0,00
E5600896,P004,923,1745,0,00
E5600896,P004,936,1745,0,00
E5600896,P005,922,1745,0,00
E5600896,P005,923,1745,0,00
E5600896,P005,936,1745,0,00
E5600896,P007,922,1745,0,10
E5600896,P007,923,1745,72,11
E5600896,P007,936,1745,5,10
E5600896,P008,922,1745,0,10
E5600896,P008,923,1745,64,10
E5600896,P008,936,1745,2,10
E5600896,P004,911,1754,0,00
E5600896,P005,911,1754,0,00
E5600896,P007,911,1754,6,10
E5600896,P008,911,1754,7,10
E5400878,P001,223,1700,23,10
E5400878,P001,236,1700,15,10
E5400878,P001,248,1700,1430601,10
E5400878,P001,259,1700,112,10
E5400878,P002,223,1700,19,10
E5400878,P002,236,1700,14,10
E5400878,P002,248,1700,1753182,10
E5400878,P002,259,1700,114,10
E5400878,P003,223,1700,17,10
E5400878,P003,236,1700,15,10
E5400878,P003,248,1700,711677,10
E5400878,P003,259,1700,112,10
E5400878,P010,223,1700,18,10
E5400878,P010,236,1700,13,10
E5400878,P010,248,1700,1410803,10
E5400878,P010,259,1700,99,10
E5400878,P001,923,1745,22,10
E5400878,P001,936,1745,15,10
E5400878,P002,923,1745,19,10
E5400878,P002,936,1745,14,10
E5400878,P003,923,1745,18,10
E5400878,P003,936,1745,15,10
E5400878,P010,923,1745,18,10
E5400878,P010,936,1745,13,10
E5400878,P010,911,1754,1,10
S2300438,P001,922,1800,0,10
S2300438,P001,923,1800,31,10
S2300438,P001,936,1800,5,10
S2300438,P001,222,1700,0,10
S2300438,P001,223,1700,28,10
S2300438,P001,236,1700,6,10
S2300438,P001,248,1700,50163,10
S2300438,P001,259,1700,120,10
S2300429,P701,911,1806,0,00
S2300429,PF01,911,1806,9,10
E5600056,P004,911,1812,0,00
E5600056,P006,911,1812,3,10
E5600056,P007,911,1812,0,00
E5600056,P008,911,1812,5,10
E5600056,P009,911,1812,2,10
E5600056,P016,911,1812,5,10
E5600056,P017,911,1812,2,10
E5600056,P018,911,1812,3,10
E5600056,P021,911,1812,2,10
E5600056,P022,911,1812,2,10
E5600056,P023,911,1812,1,10
E5600056,P024,911,1812,4,10
E5002890,P001,911,1806,5,10
E5002890,P002,911,1806,5,10
E5002890,P003,911,1806,0,00
S2202553,P001,911,1806,1,10
S2202553,P002,911,1806,0,10
S2202553,P003,911,1806,1,10
S2100223,P015,911,1812,0,10
S2201109,P711,911,1806,15,10
S2201109,P731,911,1806,18,10
S2201109,P741,911,1806,26,11
S2201109,P751,911,1806,18,10
S1900685,P002,911,1806,12,10
S1900685,P421,911,1806,14,10
S1900685,P411,911,1806,4,10
S1602755,P101,922,1800,2,10
S1602755,P201,922,1800,1,10
S1602755,P301,922,1800,5,10
S1602755,P101,923,1800,88,10
S1602755,P201,923,1800,67,10
S1602755,P301,923,1800,75,10
S1602755,P101,924,1800,2,10
S1602755,P201,924,1800,23,10
S1602755,P301,924,1800,2,10
S1602755,P101,926,1800,4,10
S1602755,P201,926,1800,12,10
S1602755,P301,926,1800,18,10
S1602755,P101,936,1800,9,10
S1602755,P201,936,1800,8,10
S1602755,P301,936,1800,10,10
S2300429,P701,911,1800,0,00
S2300429,P701,922,1800,0,00
S2300429,P701,923,1800,0,00
S2300429,P701,936,1800,0,00
S2300429,PF01,911,1800,9,10
S2300429,PF01,922,1800,18,10
S2300429,PF01,923,1800,33,10
S2300429,PF01,936,1800,5,10
S2300429,P701,222,1700,0,00
S2300429,P701,223,1700,0,00
S2300429,P701,236,1700,0,00
S2300429,P701,248,1700,0,00
S2300429,P701,259,1700,0,00
S2300429,PF01,222,1700,21,10
S2300429,PF01,223,1700,33,10
S2300429,PF01,236,1700,5,10
S2300429,PF01,248,1700,274620,10
S2300429,PF01,259,1700,57,10
E5600869,P001,922,1800,129,10
E5600869,P001,923,1800,126,10
E5600869,P001,936,1800,7,10
S2202553,P001,922,1800,7,10
S2202553,P002,922,1800,4,10
S2202553,P003,922,1800,14,10
S2202553,P001,923,1800,96,10
S2202553,P002,923,1800,90,10
S2202553,P003,923,1800,89,10
S2202553,P001,924,1800,15,10
S2202553,P002,924,1800,3,10
S2202553,P003,924,1800,42,10
S2202553,P001,926,1800,17,10
S2202553,P002,926,1800,4,10
S2202553,P003,926,1800,25,10
S2202553,P001,936,1800,13,10
S2202553,P002,936,1800,12,10
S2202553,P003,936,1800,9,10
E4900744,P001,911,1812,0,00
E4900744,P002,911,1812,0,00
E4900744,P023,911,1812,0,00
E5600841,P001,911,1806,5,10
E5600841,P002,911,1806,5,10
E5600841,P003,911,1806,9,10
E5600841,P004,911,1806,6,10
E5600841,P005,911,1806,9,10
E5600841,P006,911,1806,12,10
E5600841,P007,911,1806,13,10
E5600841,P008,911,1806,8,10
E5600841,P009,911,1806,9,10
E5600841,P010,911,1806,6,10
E5600841,PC23,911,1806,9,10
E5600841,PC83,911,1806,15,10
E5600841,PPB1,911,1806,8,10
E5600841,PPC1,911,1806,6,10
E5600841,PR54,911,1806,3,10
E5600841,PR61,911,1806,7,10
E5600841,PR62,911,1806,4,10
E5600841,PS11,911,1806,13,10
E5600841,PS12,911,1806,9,10
E5600841,PS31,911,1806,7,10
E5600841,PS32,911,1806,4,10
E5600841,PS51,911,1806,12,10
E5600841,PS52,911,1806,9,10
E5600841,PS71,911,1806,0,00
E5600841,PS72,911,1806,0,00
E5600850,PC01,923,1800,0,00
E5600850,PC01,924,1800,0,00
E5600850,PC01,936,1800,0,00
E5600850,PC01,926,1800,0,00
E5600850,PC01,223,1700,0,00
E5600850,PC01,224,1700,0,00
E5600850,PC01,236,1700,0,00
E5600850,PC01,226,1700,0,00
E5600850,PC01,248,1700,0,00
E5600850,PC01,259,1700,0,00
S1901066,P004,922,1800,227,10
S1901066,P004,923,1800,184,10
S1901066,P004,924,1800,0,10
S1901066,P004,936,1800,5,10
S1901066,P004,937,1800,11,10
S1901066,P004,222,1700,231,10
S1901066,P004,223,1700,187,10
S1901066,P004,224,1700,0,10
S1901066,P004,236,1700,5,10
S1901066,P004,237,1700,11,10
S1901066,P004,248,1700,111389,10
S1901066,P004,259,1700,235,10
E4900333,P001,911,1806,9,10
E4900333,P002,911,1806,0,00
E4900333,P003,911,1806,0,32
E4900333,P103,911,1806,0,32
E4900333,P021,911,1806,7,10
E4900333,P105,911,1806,9,10
E5002890,P001,922,1800,0,10
E5002890,P002,922,1800,0,10
E5002890,P003,922,1800,0,00
E5002890,P001,923,1800,102,10
E5002890,P002,923,1800,78,10
E5002890,P003,923,1800,0,00
E5002890,P001,924,1800,4,10
E5002890,P002,924,1800,3,10
E5002890,P003,924,1800,0,00
E5002890,P001,926,1800,15,10
E5002890,P002,926,1800,6,10
E5002890,P003,926,1800,0,00
E5002890,P001,936,1800,13,10
E5002890,P002,936,1800,12,10
E5002890,P003,936,1800,0,00
S1900710,P070,923,1815,21,10
S1900710,P070,936,1815,8,10
S1900710,P070,922,1815,16,10
S1900710,P015,923,1815,0,00
S1900710,P015,936,1815,0,00
S1900710,P015,922,1815,0,00
S1900710,P050,923,1815,119,10
S1900710,P050,936,1815,5,10
S1900710,P050,922,1815,68,10
S1900710,P056,923,1815,41,10
S1900710,P056,936,1815,4,10
S1900710,P056,922,1815,24,10
S1900710,P060,923,1815,21,10
S1900710,P060,936,1815,5,10
S1900710,P060,922,1815,26,10
S1900685,P421,922,1800,15,10
S1900685,P421,923,1800,71,10
S1900685,P421,936,1800,6,10
S1900685,P411,922,1800,27,10
S1900685,P411,923,1800,70,10
S1900685,P411,936,1800,12,10
S2300438,P001,911,1812,5,10
E5601197,P002,911,1812,3,10
E5601197,P003,911,1812,3,10
S1602755,P101,911,1812,5,10
S1602755,P201,911,1812,5,10
S1602755,P301,911,1812,6,10
S2300401,P011,911,1812,9,10
E5600332,P001,911,1812,0,00
E5600332,P002,911,1812,0,00
E5600332,P003,911,1812,0,00
E5600850,PC01,911,1812,0,00
S1901066,P004,911,1812,5,10
E5600789,P001,911,1812,0,00
E5002890,P001,911,1812,5,10
E5002890,P002,911,1812,6,10
E5002890,P003,911,1812,0,00
E5600869,P001,911,1812,4,10
S1900710,P070,911,1818,6,10
S1900710,P015,911,1818,0,00
S1900710,P050,911,1818,5,10
S1900710,P056,911,1818,4,10
S1900710,P060,911,1818,2,10
S1900685,P002,911,1812,13,10
S1900685,P421,911,1812,13,10
S1900685,P411,911,1812,4,10
E5600841,P001,923,1800,16,10
E5600841,P001,936,1800,5,10
E5600841,P001,922,1800,26,10
E5600841,P002,923,1800,21,10
E5600841,P002,936,1800,5,10
E5600841,P002,922,1800,18,10
E5600841,P003,923,1800,12,10
E5600841,P003,936,1800,6,10
E5600841,P003,922,1800,23,10
E5600841,P004,923,1800,23,10
E5600841,P004,936,1800,4,10
E5600841,P004,922,1800,20,10
E5600841,P005,923,1800,18,10
E5600841,P005,936,1800,4,10
E5600841,P005,922,1800,20,10
E5600841,P006,923,1800,34,10
E5600841,P006,936,1800,5,10
E5600841,P006,922,1800,79,10
E5600841,P007,923,1800,43,10
E5600841,P007,936,1800,7,10
E5600841,P007,922,1800,77,10
E5600841,P008,923,1800,50,10
E5600841,P008,936,1800,9,10
E5600841,P008,922,1800,6,10
E5600841,P009,923,1800,11,10
E5600841,P009,936,1800,5,10
E5600841,P009,922,1800,22,10
E5600841,P010,923,1800,11,10
E5600841,P010,936,1800,5,10
E5600841,P010,922,1800,18,10
E5600841,PC23,923,1800,55,10
E5600841,PC23,936,1800,8,10
E5600841,PC23,922,1800,27,10
E5600841,PC83,923,1800,57,10
E5600841,PC83,936,1800,7,10
E5600841,PC83,922,1800,23,10
E5600841,PPB1,923,1800,8,10
E5600841,PPB1,936,1800,8,10
E5600841,PPB1,922,1800,23,10
E5600841,PPC1,923,1800,14,10
E5600841,PPC1,936,1800,3,10
E5600841,PPC1,922,1800,19,10
E5600841,PR54,923,1800,107,10
E5600841,PR54,936,1800,9,10
E5600841,PR54,922,1800,24,10
E5600841,PR61,923,1800,78,10
E5600841,PR61,936,1800,3,10
E5600841,PR61,922,1800,42,10
E5600841,PR62,923,1800,69,10
E5600841,PR62,936,1800,5,10
E5600841,PR62,922,1800,20,10
E5600841,PS11,923,1800,34,10
E5600841,PS11,936,1800,11,10
E5600841,PS11,922,1800,62,10
E5600841,PS31,923,1800,114,10
E5600841,PS31,936,1800,12,10
E5600841,PS31,922,1800,86,10
E5600841,PS51,923,1800,42,10
E5600841,PS51,936,1800,12,10
E5600841,PS51,922,1800,20,10
E5600841,PS71,923,1800,0,00
E5600841,PS71,936,1800,0,00
E5600841,PS71,922,1800,0,00
E5600896,P004,911,1800,0,00
E5600896,P005,911,1800,0,00
E5600896,P007,911,1800,6,10
E5600896,P008,911,1800,7,10
E5400878,P010,911,1800,1,10
S2300429,P701,911,1812,0,00
S2300429,PF01,911,1812,9,10
E5600056,P004,922,1815,0,00
E5600056,P004,923,1815,0,00
E5600056,P004,924,1815,0,00
E5600056,P004,936,1815,0,00
E5600056,P006,922,1815,28,10
E5600056,P006,923,1815,66,10
E5600056,P006,924,1815,1,10
E5600056,P006,936,1815,6,10
E5600056,P007,922,1815,0,00
E5600056,P007,923,1815,0,00
E5600056,P007,924,1815,0,00
E5600056,P007,936,1815,0,00
E5600056,P008,922,1815,33,10
E5600056,P008,923,1815,67,10
E5600056,P008,924,1815,2,10
E5600056,P008,936,1815,6,10
E5600056,P016,922,1815,0,10
E5600056,P016,923,1815,32,10
E5600056,P016,936,1815,12,10
E5600056,P017,922,1815,2,10
E5600056,P017,923,1815,23,10
E5600056,P017,924,1815,0,10
E5600056,P017,936,1815,3,10
E5600056,P018,922,1815,1,10
E5600056,P018,923,1815,19,10
E5600056,P018,924,1815,0,10
E5600056,P018,936,1815,4,10
E5600056,P021,922,1815,0,10
E5600056,P021,923,1815,48,10
E5600056,P021,924,1815,0,10
E5600056,P021,936,1815,4,10
E5600056,P024,922,1815,3,10
E5600056,P024,923,1815,35,10
E5600056,P024,924,1815,2,10
E5600056,P024,936,1815,6,10
E5600056,P034,922,1815,7,10
E5600056,P034,923,1815,48,10
E5600056,P034,936,1815,1,10
E5600056,P004,911,1818,0,00
E5600056,P006,911,1818,3,10
E5600056,P007,911,1818,0,00
E5600056,P008,911,1818,6,10
E5600056,P009,911,1818,2,10
E5600056,P016,911,1818,4,10
E5600056,P017,911,1818,2,10
E5600056,P018,911,1818,3,10
E5600056,P021,911,1818,2,10
E5600056,P022,911,1818,3,10
E5600056,P023,911,1818,1,10
E5600056,P024,911,1818,4,10
S2202553,P001,911,1812,1,10
S2202553,P002,911,1812,0,10
S2202553,P003,911,1812,1,10
S2100223,P015,911,1818,0,10
S2201109,P711,911,1700,15,10
S2201109,P731,911,1700,19,10
S2201109,P741,911,1700,21,11
S2201109,P751,911,1700,16,10
S2201109,P711,923,1700,20,10
S2201109,P711,936,1700,6,10
S2201109,P711,922,1700,3,10
S2201109,P731,923,1700,60,10
S2201109,P731,936,1700,7,10
S2201109,P731,922,1700,10,10
S2201109,P741,923,1700,53,10
S2201109,P741,936,1700,5,10
S2201109,P741,922,1700,25,10
S2201109,P751,923,1700,50,10
S2201109,P751,936,1700,6,10
S2201109,P751,922,1700,11,10
S2201109,P711,248,1700,7340,10
S2201109,P711,223,1700,21,10
S2201109,P711,236,1700,6,10
S2201109,P711,222,1700,2,10
S2201109,P711,259,1700,53,10
S2201109,P731,248,1700,4240,10
S2201109,P731,223,1700,51,10
S2201109,P731,236,1700,7,10
S2201109,P731,222,1700,12,10
S2201109,P731,259,1700,54,10
S2201109,P741,248,1700,5435,10
S2201109,P741,223,1700,52,10
S2201109,P741,236,1700,5,10
S2201109,P741,222,1700,25,10
S2201109,P741,259,1700,53,10
S2201109,P751,248,1700,5133,10
S2201109,P751,223,1700,50,10
S2201109,P751,236,1700,6,10
S2201109,P751,222,1700,11,10
S2201109,P751,259,1700,51,10
S2201109,P711,911,1812,15,10
S2201109,P731,911,1812,18,10
S2201109,P741,911,1812,21,11
S2201109,P751,911,1812,19,10
E4900333,P001,922,1800,1,10
E4900333,P002,922,1800,0,00
E4900333,P003,922,1800,0,32
E4900333,P103,922,1800,0,32
E4900333,P021,922,1800,3,10
E4900333,P105,922,1800,57,10
E4900333,P001,923,1800,83,10
E4900333,P002,923,1800,0,00
E4900333,P003,923,1800,0,32
E4900333,P103,923,1800,0,32
E4900333,P021,923,1800,45,10
E4900333,P105,923,1800,73,10
E4900333,P001,936,1800,13,10
E4900333,P002,936,1800,0,00
E4900333,P003,936,1800,0,32
E4900333,P103,936,1800,0,32
E4900333,P021,936,1800,7,10
E4900333,P105,936,1800,10,10
E4900744,P001,911,1818,0,00
E4900744,P002,911,1818,0,00
E4900744,P023,911,1818,0,00
E5600841,P001,911,1812,6,10
E5600841,P002,911,1812,6,10
E5600841,P003,911,1812,9,10
E5600841,P004,911,1812,7,10
E5600841,P005,911,1812,9,10
E5600841,P006,911,1812,12,10
E5600841,P007,911,1812,13,10
E5600841,P008,911,1812,7,10
E5600841,P009,911,1812,9,10
E5600841,P010,911,1812,6,10
E5600841,PC23,911,1812,9,10
E5600841,PC83,911,1812,14,10
E5600841,PPB1,911,1812,8,10
E5600841,PPC1,911,1812,6,10
E5600841,PR54,911,1812,3,10
E5600841,PR61,911,1812,7,10
E5600841,PR62,911,1812,4,10
E5600841,PS11,911,1812,12,10
E5600841,PS12,911,1812,10,10
E5600841,PS31,911,1812,7,10
E5600841,PS32,911,1812,4,10
E5600841,PS51,911,1812,12,10
E5600841,PS52,911,1812,9,10
E5600841,PS71,911,1812,0,00
E5600841,PS72,911,1812,0,00
E4900333,P001,911,1812,9,10
E4900333,P002,911,1812,0,00
E4900333,P003,911,1812,0,32
E4900333,P103,911,1812,0,32
E4900333,P021,911,1812,7,10
E4900333,P105,911,1812,9,10
S2300438,P001,911,1818,5,10
E5601197,P002,911,1818,3,10
E5601197,P003,911,1818,2,10
S1602755,P101,911,1818,4,10
S1602755,P201,911,1818,5,10
S1602755,P301,911,1818,6,10
S2300401,P011,911,1818,9,10
E5600332,P001,911,1818,0,00
E5600332,P002,911,1818,0,00
E5600332,P003,911,1818,0,00
E5600850,PC01,911,1818,0,00
S1901066,P004,911,1818,5,10
E5600789,P001,911,1818,0,00
E5002890,P001,911,1818,5,10
E5002890,P002,911,1818,5,10
E5002890,P003,911,1818,0,00
E5600869,P001,911,1818,4,10
S1900710,P015,911,1824,0,00
S1900710,P050,911,1824,5,10
S1900710,P056,911,1824,3,10
S1900710,P060,911,1824,2,10
S1900710,P070,911,1824,6,10
S1900685,P002,911,1818,13,10
S1900685,P421,911,1818,13,10
S1900685,P411,911,1818,4,10
E5600896,P004,911,1806,0,00
E5600896,P005,911,1806,0,00
E5600896,P007,911,1806,6,10
E5600896,P008,911,1806,7,10
E5400878,P010,911,1806,1,10
S2300429,P701,911,1818,0,00
S2300429,PF01,911,1818,9,10
E5600056,P004,911,1824,0,00
E5600056,P006,911,1824,3,10
E5600056,P007,911,1824,0,00
E5600056,P008,911,1824,5,10
E5600056,P009,911,1824,2,10
E5600056,P016,911,1824,4,10
E5600056,P017,911,1824,2,10
E5600056,P018,911,1824,3,10
E5600056,P021,911,1824,2,10
E5600056,P022,911,1824,3,10
E5600056,P023,911,1824,1,10
E5600056,P024,911,1824,3,10
S2202553,P001,911,1818,1,10
S2202553,P002,911,1818,0,10
S2202553,P003,911,1818,1,10
S2100223,P015,911,1824,0,10
S2100223,P015,922,1815,0,10
S2100223,P015,923,1815,0,10
S2100223,P015,924,1815,0,10
S2100223,P015,936,1815,0,10
S2201109,P711,911,1818,15,10
S2201109,P731,911,1818,18,10
S2201109,P741,911,1818,17,10
S2201109,P751,911,1818,18,10
E4900744,P001,911,1824,0,00
E4900744,P002,911,1824,0,00
E4900744,P023,911,1824,0,00
E4900744,P001,923,1815,0,00
E4900744,P023,923,1815,0,00
E4900744,P001,936,1815,0,00
E4900744,P023,936,1815,0,00
E5600841,P001,911,1818,5,10
E5600841,P002,911,1818,6,10
E5600841,P003,911,1818,9,10
E5600841,P004,911,1818,7,10
E5600841,P005,911,1818,9,10
E5600841,P006,911,1818,12,10
E5600841,P007,911,1818,13,10
E5600841,P008,911,1818,7,10
E5600841,P009,911,1818,9,10
E5600841,P010,911,1818,6,10
E5600841,PC23,911,1818,9,10
E5600841,PC83,911,1818,14,10
E5600841,PPB1,911,1818,8,10
E5600841,PPC1,911,1818,6,10
E5600841,PR54,911,1818,3,10
E5600841,PR61,911,1818,7,10
E5600841,PR62,911,1818,5,10
E5600841,PS11,911,1818,12,10
E5600841,PS12,911,1818,9,10
E5600841,PS31,911,1818,7,10
E5600841,PS32,911,1818,4,10
E5600841,PS51,911,1818,12,10
E5600841,PS52,911,1818,8,10
E5600841,PS71,911,1818,0,00
E5600841,PS72,911,1818,0,00
E5600896,P004,922,1800,0,00
E5600896,P004,923,1800,0,00
E5600896,P004,936,1800,0,00
E5600896,P005,922,1800,0,00
E5600896,P005,923,1800,0,00
E5600896,P005,936,1800,0,00
E5600896,P007,922,1800,0,10
E5600896,P007,923,1800,73,11
E5600896,P007,936,1800,5,10
E5600896,P008,922,1800,0,10
E5600896,P008,923,1800,64,10
E5600896,P008,936,1800,2,10
E5400878,P001,923,1800,22,10
E5400878,P001,936,1800,15,10
E5400878,P002,923,1800,18,10
E5400878,P002,936,1800,14,10
E5400878,P003,923,1800,18,10
E5400878,P003,936,1800,15,10
E5400878,P010,923,1800,18,10
E5400878,P010,936,1800,13,10
E4900333,P001,911,1818,9,10
E4900333,P002,911,1818,0,00
E4900333,P003,911,1818,0,32
E4900333,P103,911,1818,0,32
E4900333,P021,911,1818,7,10
E4900333,P105,911,1818,9,10
S2300438,P001,922,1815,0,10
S2300438,P001,923,1815,30,10
S2300438,P001,936,1815,5,10
S2300438,P001,911,1824,5,10
E5601197,P002,911,1824,3,10
E5601197,P003,911,1824,2,10
S1602755,P101,911,1824,4,10
S1602755,P201,911,1824,5,10
S1602755,P301,911,1824,6,10
S1602755,P101,922,1815,2,10
S1602755,P201,922,1815,2,10
S1602755,P301,922,1815,2,10
S1602755,P101,923,1815,58,10
S1602755,P201,923,1815,55,10
S1602755,P301,923,1815,48,10
S1602755,P101,924,1815,4,10
S1602755,P201,924,1815,34,10
S1602755,P301,924,1815,4,10
S1602755,P101,926,1815,9,10
S1602755,P201,926,1815,10,10
S1602755,P301,926,1815,6,10
S1602755,P101,936,1815,9,10
S1602755,P201,936,1815,7,10
S1602755,P301,936,1815,8,10
S2300401,P011,923,1815,58,10
S2300401,P011,936,1815,6,10
S2300401,P011,922,1815,37,10
E5600850,PC01,923,1815,0,00
E5600850,PC01,924,1815,0,00
E5600850,PC01,936,1815,0,00
E5600850,PC01,926,1815,0,00
S1901066,P004,922,1815,228,10
S1901066,P004,923,1815,185,10
S1901066,P004,924,1815,0,10
S1901066,P004,936,1815,5,10
S1901066,P004,937,1815,11,10
S2300401,P011,911,1824,9,10
E5600850,PC01,911,1824,0,00
S1901066,P004,911,1824,5,10
E5600789,P001,911,1824,0,00
E5600869,P001,911,1824,4,10
E5600869,P001,922,1815,127,10
E5600869,P001,923,1815,126,10
E5600869,P001,936,1815,7,10
S1900710,P015,911,1830,0,00
S1900710,P050,911,1830,5,10
S1900710,P056,911,1830,3,10
S1900710,P060,911,1830,3,10
S1900710,P070,911,1830,6,10
S1900710,P015,923,1830,0,00
S1900710,P015,936,1830,0,00
S1900710,P015,922,1830,0,00
S1900710,P050,923,1830,119,10
S1900710,P050,936,1830,5,10
S1900710,P050,922,1830,66,10
S1900710,P056,923,1830,43,10
S1900710,P056,936,1830,4,10
S1900710,P056,922,1830,23,10
S1900710,P060,923,1830,26,10
S1900710,P060,936,1830,5,10
S1900710,P060,922,1830,26,10
S1900710,P070,923,1830,21,10
S1900710,P070,936,1830,8,10
S1900710,P070,922,1830,17,10
S1900685,P002,911,1824,13,10
S1900685,P421,911,1824,14,10
S1900685,P421,922,1815,17,10
S1900685,P421,923,1815,71,10
S1900685,P421,936,1815,6,10
S1900685,P411,911,1824,4,10
S1900685,P411,922,1815,27,10
S1900685,P411,923,1815,70,10
S1900685,P411,936,1815,12,10
S2300429,P701,922,1815,0,00
S2300429,P701,923,1815,0,00
S2300429,P701,936,1815,0,00
S2300429,PF01,922,1815,20,10
S2300429,PF01,923,1815,29,10
S2300429,PF01,936,1815,6,10
E5600896,P004,911,1812,0,00
E5600896,P005,911,1812,0,00
E5600896,P007,911,1812,6,10
E5600896,P008,911,1812,7,10
E5400878,P010,911,1812,1,10
S2300429,P701,911,1824,0,00
S2300429,PF01,911,1824,9,10
E5600332,P001,911,1824,0,00
E5600332,P002,911,1824,0,00
E5600332,P003,911,1824,0,00
E5600056,P004,911,1830,0,00
E5600056,P006,911,1830,3,10
E5600056,P007,911,1830,0,00
E5600056,P008,911,1830,5,10
E5600056,P009,911,1830,2,10
E5600056,P016,911,1830,5,10
E5600056,P017,911,1830,2,10
E5600056,P018,911,1830,3,10
E5600056,P021,911,1830,2,10
E5600056,P022,911,1830,3,10
E5600056,P023,911,1830,1,10
E5600056,P024,911,1830,3,10
E5600056,P004,922,1830,0,00
E5600056,P004,923,1830,0,00
E5600056,P004,924,1830,0,00
E5600056,P004,936,1830,0,00
E5600056,P006,922,1830,21,10
E5600056,P006,923,1830,80,10
E5600056,P006,924,1830,0,10
E5600056,P006,936,1830,5,10
E5600056,P007,922,1830,0,00
E5600056,P007,923,1830,0,00
E5600056,P007,924,1830,0,00
E5600056,P007,936,1830,0,00
E5600056,P008,922,1830,35,10
E5600056,P008,923,1830,65,10
E5600056,P008,924,1830,9,10
E5600056,P008,936,1830,5,10
E5600056,P016,922,1830,0,10
E5600056,P016,923,1830,34,10
E5600056,P016,936,1830,12,10
E5600056,P017,922,1830,2,10
E5600056,P017,923,1830,23,10
E5600056,P017,924,1830,0,10
E5600056,P017,936,1830,3,10
E5600056,P018,922,1830,0,10
E5600056,P018,923,1830,19,10
E5600056,P018,936,1830,4,10
E5600056,P021,922,1830,0,10
E5600056,P021,923,1830,48,10
E5600056,P021,936,1830,4,10
E5600056,P024,922,1830,3,10
E5600056,P024,923,1830,34,10
E5600056,P024,924,1830,2,10
E5600056,P024,936,1830,6,10
E5600056,P034,923,1830,50,10
E5600056,P034,936,1830,1,10
E5002890,P001,911,1824,5,10
E5002890,P002,911,1824,6,10
E5002890,P003,911,1824,0,00
E5002890,P001,922,1815,1,10
E5002890,P002,922,1815,0,10
E5002890,P003,922,1815,0,00
E5002890,P001,923,1815,103,10
E5002890,P002,923,1815,89,10
E5002890,P003,923,1815,0,00
E5002890,P001,924,1815,10,10
E5002890,P002,924,1815,20,10
E5002890,P003,924,1815,0,00
E5002890,P001,926,1815,12,10
E5002890,P002,926,1815,5,10
E5002890,P003,926,1815,0,00
E5002890,P001,936,1815,14,10
E5002890,P002,936,1815,13,10
E5002890,P003,936,1815,0,00
S2202553,P001,911,1824,1,10
S2202553,P002,911,1824,0,10
S2202553,P003,911,1824,1,10
S2202553,P001,922,1815,19,10
S2202553,P002,922,1815,9,10
S2202553,P003,922,1815,8,10
S2202553,P001,923,1815,88,10
S2202553,P002,923,1815,92,10
S2202553,P003,923,1815,84,10
S2202553,P001,924,1815,37,10
S2202553,P002,924,1815,9,10
S2202553,P003,924,1815,21,10
S2202553,P001,926,1815,20,10
S2202553,P002,926,1815,10,10
S2202553,P003,926,1815,19,10
S2202553,P001,936,1815,11,10
S2202553,P002,936,1815,11,10
S2202553,P003,936,1815,10,10
S2100223,P015,911,1830,0,10
S2201109,P711,923,1815,24,10
S2201109,P711,936,1815,6,10
S2201109,P711,922,1815,2,10
S2201109,P731,923,1815,45,10
S2201109,P731,936,1815,7,10
S2201109,P731,922,1815,14,10
S2201109,P741,923,1815,48,10
S2201109,P741,936,1815,5,10
S2201109,P741,922,1815,24,10
S2201109,P751,923,1815,50,10
S2201109,P751,936,1815,6,10
S2201109,P751,922,1815,12,10
S2201109,P711,911,1824,15,10
S2201109,P731,911,1824,18,10
S2201109,P741,911,1824,16,10
S2201109,P751,911,1824,17,10
E5600841,P001,923,1815,21,10
E5600841,P001,936,1815,5,10
E5600841,P001,911,1824,6,10
E5600841,P001,922,1815,28,10
E5600841,P002,923,1815,33,10
E5600841,P002,936,1815,5,10
E5600841,P002,911,1824,6,10
E5600841,P002,922,1815,19,10
E5600841,P003,923,1815,20,10
E5600841,P003,936,1815,6,10
E5600841,P003,911,1824,9,10
E5600841,P003,922,1815,24,10
E5600841,P004,923,1815,23,10
E5600841,P004,936,1815,4,10
E5600841,P004,911,1824,7,10
E5600841,P004,922,1815,21,10
E5600841,P005,923,1815,17,10
E5600841,P005,936,1815,4,10
E5600841,P005,911,1824,9,10
E5600841,P005,922,1815,21,10
E5600841,P006,923,1815,52,10
E5600841,P006,936,1815,5,10
E5600841,P006,911,1824,12,10
E5600841,P006,922,1815,80,10
E5600841,P007,923,1815,49,10
E5600841,P007,936,1815,6,10
E5600841,P007,911,1824,13,10
E5600841,P007,922,1815,77,10
E5600841,P008,923,1815,53,10
E5600841,P008,936,1815,9,10
E5600841,P008,911,1824,7,10
E5600841,P008,922,1815,7,10
E5600841,P009,923,1815,10,10
E5600841,P009,936,1815,5,10
E5600841,P009,911,1824,9,10
E5600841,P009,922,1815,22,10
E5600841,P010,923,1815,10,10
E5600841,P010,936,1815,5,10
E5600841,P010,911,1824,6,10
E5600841,P010,922,1815,17,10
E5600841,PC23,923,1815,70,10
E5600841,PC23,936,1815,7,10
E5600841,PC23,911,1824,8,10
E5600841,PC23,922,1815,26,10
E5600841,PC83,923,1815,56,10
E5600841,PC83,936,1815,7,10
E5600841,PC83,911,1824,15,10
E5600841,PC83,922,1815,23,10
E5600841,PPB1,923,1815,8,10
E5600841,PPB1,936,1815,8,10
E5600841,PPB1,911,1824,8,10
E5600841,PPB1,922,1815,24,10
E5600841,PPC1,923,1815,12,10
E5600841,PPC1,936,1815,3,10
E5600841,PPC1,911,1824,6,10
E5600841,PPC1,922,1815,21,10
E5600841,PR54,923,1815,103,10
E5600841,PR54,936,1815,8,10
E5600841,PR54,911,1824,3,10
E5600841,PR54,922,1815,26,10
E5600841,PR61,923,1815,81,10
E5600841,PR61,936,1815,3,10
E5600841,PR61,911,1824,7,10
E5600841,PR61,922,1815,41,10
E5600841,PR62,923,1815,67,10
E5600841,PR62,936,1815,4,10
E5600841,PR62,911,1824,4,10
E5600841,PR62,922,1815,19,10
E5600841,PS11,923,1815,35,10
E5600841,PS11,936,1815,11,10
E5600841,PS11,911,1824,12,10
E5600841,PS11,922,1815,59,10
E5600841,PS12,911,1824,9,10
E5600841,PS31,923,1815,112,10
E5600841,PS31,936,1815,12,10
E5600841,PS31,911,1824,7,10
E5600841,PS31,922,1815,90,10
E5600841,PS32,911,1824,4,10
E5600841,PS51,923,1815,45,10
E5600841,PS51,936,1815,12,10
E5600841,PS51,911,1824,12,10
E5600841,PS51,922,1815,19,10
E5600841,PS52,911,1824,9,10
E5600841,PS71,923,1815,0,00
E5600841,PS71,936,1815,0,00
E5600841,PS71,911,1824,0,00
E5600841,PS71,922,1815,0,00
E5600841,PS72,911,1824,0,00
E4900744,P001,911,1830,0,00
E4900744,P002,911,1830,0,00
E4900744,P023,911,1830,0,00
E4900333,P001,911,1824,9,10
E4900333,P002,911,1824,0,00
E4900333,P003,911,1824,0,32
E4900333,P103,911,1824,0,32
E4900333,P021,911,1824,7,10
E4900333,P105,911,1824,9,10
E4900333,P001,922,1815,1,10
E4900333,P002,922,1815,0,00
E4900333,P003,922,1815,0,32
E4900333,P103,922,1815,0,32
E4900333,P021,922,1815,0,10
E4900333,P105,922,1815,57,10
E4900333,P001,923,1815,83,10
E4900333,P002,923,1815,0,00
E4900333,P003,923,1815,0,32
E4900333,P103,923,1815,0,32
E4900333,P021,923,1815,38,10
E4900333,P105,923,1815,71,10
E4900333,P001,936,1815,13,10
E4900333,P002,936,1815,0,00
E4900333,P003,936,1815,0,32
E4900333,P103,936,1815,0,32
E4900333,P021,936,1815,8,10
E4900333,P105,936,1815,10,10
S2300438,P001,911,1830,5,10
E5601197,P002,911,1830,3,10
E5601197,P003,911,1830,2,10
S1602755,P101,911,1830,5,10
S1602755,P201,911,1830,5,10
S1602755,P301,911,1830,6,10
E5600850,PC01,911,1830,0,00
S1901066,P004,911,1830,5,10
E5600789,P001,911,1830,0,00
E5002890,P001,911,1830,5,10
E5002890,P002,911,1830,5,10
E5002890,P003,911,1830,0,00
E5600869,P001,911,1830,4,10
S1900710,P015,911,1836,0,00
S1900710,P050,911,1836,5,10
S1900710,P056,911,1836,3,10
S1900710,P060,911,1836,3,10
S1900710,P070,911,1836,6,10
S1900685,P002,911,1830,13,10
S1900685,P421,911,1830,16,10
S1900685,P411,911,1830,4,10
S2100223,P015,911,1836,0,10
E5600896,P004,911,1818,0,00
E5600896,P005,911,1818,0,00
E5600896,P007,911,1818,5,10
E5600896,P008,911,1818,7,10
E5400878,P010,911,1818,1,10
E5600332,P001,911,1830,0,00
E5600332,P002,911,1830,0,00
E5600332,P003,911,1830,0,00
E5600056,P004,911,1836,0,00
E5600056,P006,911,1836,3,10
E5600056,P007,911,1836,0,00
E5600056,P008,911,1836,5,10
E5600056,P009,911,1836,2,10
E5600056,P016,911,1836,5,10
E5600056,P017,911,1836,2,10
E5600056,P018,911,1836,3,10
E5600056,P021,911,1836,2,10
E5600056,P022,911,1836,2,10
E5600056,P023,911,1836,1,10
E5600056,P024,911,1836,4,10
S2202553,P001,911,1830,1,10
S2202553,P002,911,1830,1,10
S2202553,P003,911,1830,1,10
E5600841,P001,911,1830,5,10
E5600841,P002,911,1830,5,10
E5600841,P003,911,1830,8,10
E5600841,P004,911,1830,6,10
E5600841,P005,911,1830,8,10
E5600841,P006,911,1830,12,10
E5600841,P007,911,1830,13,10
E5600841,P008,911,1830,7,10
E5600841,P009,911,1830,9,10
E5600841,P010,911,1830,6,10
E5600841,PC23,911,1830,9,10
E5600841,PC83,911,1830,14,10
E5600841,PPB1,911,1830,8,10
E5600841,PPC1,911,1830,6,10
E5600841,PR54,911,1830,3,10
E5600841,PR61,911,1830,7,10
E5600841,PR62,911,1830,5,10
E5600841,PS11,911,1830,12,10
E5600841,PS12,911,1830,9,10
E5600841,PS31,911,1830,7,10
E5600841,PS32,911,1830,4,10
E5600841,PS51,911,1830,12,10
E5600841,PS52,911,1830,9,10
E5600841,PS71,911,1830,0,00
E5600841,PS72,911,1830,0,00
E4900744,P001,911,1836,0,00
E4900744,P002,911,1836,0,00
E4900744,P023,911,1836,0,00
S2100223,P015,922,1830,0,10
S2100223,P015,923,1830,0,10
S2100223,P015,924,1830,0,10
S2100223,P015,936,1830,0,10
E4900333,P001,911,1830,9,10
E4900333,P002,911,1830,0,00
E4900333,P003,911,1830,0,32
E4900333,P103,911,1830,0,32
E4900333,P021,911,1830,7,10
E4900333,P105,911,1830,9,10
E5600332,P001,911,1836,0,00
E5600332,P002,911,1836,0,00
E5600332,P003,911,1836,0,00
S2300438,P001,911,1836,5,10
E5601197,P002,911,1836,3,10
E5601197,P003,911,1836,3,10
E5600056,P004,911,1842,0,00
E5600056,P006,911,1842,3,10
E5600056,P007,911,1842,0,00
E5600056,P008,911,1842,5,10
E5600056,P009,911,1842,2,10
E5600056,P016,911,1842,4,10
E5600056,P017,911,1842,2,10
E5600056,P018,911,1842,3,10
E5600056,P021,911,1842,2,10
E5600056,P022,911,1842,3,10
E5600056,P023,911,1842,1,10
E5600056,P024,911,1842,4,10
S1602755,P101,911,1836,5,10
S1602755,P201,911,1836,5,10
S1602755,P301,911,1836,6,10
S2300401,P011,911,1836,9,10
S1901066,P004,911,1836,5,10
E5600789,P001,911,1836,0,00
E5002890,P001,911,1836,5,10
E5002890,P002,911,1836,5,10
E5002890,P003,911,1836,0,00
E5600869,P001,911,1836,4,10
S1900710,P015,911,1842,0,00
S1900710,P050,911,1842,6,10
S1900710,P056,911,1842,4,10
S1900710,P060,911,1842,4,10
S1900710,P070,911,1842,6,10
S1900685,P002,911,1836,13,10
S1900685,P421,911,1836,15,10
S1900685,P411,911,1836,4,10
E4900744,P001,923,1830,0,00
E4900744,P023,923,1830,0,00
E4900744,P001,936,1830,0,00
E4900744,P023,936,1830,0,00
E5600896,P004,922,1815,0,00
E5600896,P004,923,1815,0,00
E5600896,P004,936,1815,0,00
E5600896,P005,922,1815,0,00
E5600896,P005,923,1815,0,00
E5600896,P005,936,1815,0,00
E5600896,P007,922,1815,0,10
E5600896,P007,923,1815,71,11
E5600896,P007,936,1815,5,10
E5600896,P008,922,1815,0,10
E5600896,P008,923,1815,63,10
E5600896,P008,936,1815,2,10
E5600896,P004,911,1824,0,00
E5600896,P005,911,1824,0,00
E5600896,P007,911,1824,5,10
E5600896,P008,911,1824,7,10
E5400878,P001,923,1815,22,10
E5400878,P001,936,1815,15,10
E5400878,P002,923,1815,18,10
E5400878,P002,936,1815,14,10
E5400878,P003,923,1815,17,10
E5400878,P003,936,1815,15,10
E5400878,P010,923,1815,18,10
E5400878,P010,936,1815,13,10
E5400878,P010,911,1824,1,10
S2300438,P001,922,1830,0,10
S2300438,P001,923,1830,29,10
S2300438,P001,936,1830,6,10
S2300429,P701,911,1836,0,00
S2300429,PF01,911,1836,9,10
E5600850,PC01,911,1836,0,00
S1602755,P101,922,1830,5,10
S1602755,P201,922,1830,2,10
S1602755,P301,922,1830,2,10
S1602755,P101,923,1830,57,10
S1602755,P201,923,1830,56,10
S1602755,P301,923,1830,51,10
S1602755,P101,924,1830,31,10
S1602755,P201,924,1830,54,10
S1602755,P301,924,1830,4,10
S1602755,P101,926,1830,14,10
S1602755,P201,926,1830,10,10
S1602755,P301,926,1830,5,10
S1602755,P101,936,1830,8,10
S1602755,P201,936,1830,7,10
S1602755,P301,936,1830,8,10
S2100223,P015,911,1842,0,10
S2201109,P711,911,1836,15,10
S2201109,P731,911,1836,19,10
S2201109,P741,911,1836,16,10
S2201109,P751,911,1836,17,10
S2202553,P001,911,1836,1,10
S2202553,P002,911,1836,1,10
S2202553,P003,911,1836,1,10
E5600841,P001,911,1836,5,10
E5600841,P002,911,1836,5,10
E5600841,P003,911,1836,8,10
E5600841,P004,911,1836,6,10
E5600841,P005,911,1836,8,10
E5600841,P006,911,1836,12,10
E5600841,P007,911,1836,13,10
E5600841,P008,911,1836,7,10
E5600841,P009,911,1836,9,10
E5600841,P010,911,1836,6,10
E5600841,PC23,911,1836,9,10
E5600841,PC83,911,1836,14,10
E5600841,PPB1,911,1836,8,10
E5600841,PPC1,911,1836,5,10
E5600841,PR54,911,1836,3,10
E5600841,PR61,911,1836,7,10
E5600841,PR62,911,1836,4,10
E5600841,PS11,911,1836,13,10
E5600841,PS12,911,1836,9,10
E5600841,PS31,911,1836,7,10
E5600841,PS32,911,1836,4,10
E5600841,PS51,911,1836,12,10
E5600841,PS52,911,1836,9,10
E5600841,PS71,911,1836,0,00
E5600841,PS72,911,1836,0,00
E5600850,PC01,923,1830,0,00
E5600850,PC01,924,1830,0,00
E5600850,PC01,936,1830,0,00
E5600850,PC01,926,1830,0,00
E5002890,P001,922,1830,0,10
E5002890,P002,922,1830,1,10
E5002890,P003,922,1830,0,00
E5002890,P001,923,1830,96,10
E5002890,P002,923,1830,90,10
E5002890,P003,923,1830,0,00
E5002890,P001,924,1830,8,10
E5002890,P002,924,1830,4,10
E5002890,P003,924,1830,0,00
E5002890,P001,926,1830,14,10
E5002890,P002,926,1830,14,10
E5002890,P003,926,1830,0,00
E5002890,P001,936,1830,13,10
E5002890,P002,936,1830,13,10
E5002890,P003,936,1830,0,00
E5600869,P001,922,1830,124,10
E5600869,P001,923,1830,125,10
E5600869,P001,936,1830,7,10
E4900744,P001,911,1842,0,00
E4900744,P002,911,1842,0,00
E4900744,P023,911,1842,0,00
S2300429,P701,911,1830,0,00
S2300429,P701,922,1830,0,00
S2300429,P701,923,1830,0,00
S2300429,P701,936,1830,0,00
S2300429,PF01,911,1830,9,10
S2300429,PF01,922,1830,24,10
S2300429,PF01,923,1830,24,10
S2300429,PF01,936,1830,5,10
S1901066,P004,922,1830,227,10
S1901066,P004,923,1830,183,10
S1901066,P004,924,1830,0,10
S1901066,P004,936,1830,5,10
S1901066,P004,937,1830,11,10
E4900333,P001,911,1836,9,10
E4900333,P002,911,1836,0,00
E4900333,P003,911,1836,0,32
E4900333,P103,911,1836,0,32
E4900333,P021,911,1836,7,10
E4900333,P105,911,1836,9,10
S1900710,P070,923,1845,19,10
S1900710,P070,936,1845,8,10
S1900710,P070,922,1845,17,10
S1900710,P015,923,1845,0,00
S1900710,P015,936,1845,0,00
S1900710,P015,922,1845,0,00
S1900710,P050,923,1845,119,10
S1900710,P050,936,1845,5,10
S1900710,P050,922,1845,66,10
S1900710,P056,923,1845,45,10
S1900710,P056,936,1845,4,10
S1900710,P056,922,1845,23,10
S1900710,P060,923,1845,24,10
S1900710,P060,936,1845,5,10
S1900710,P060,922,1845,26,10
S1900685,P421,922,1830,15,10
S1900685,P421,923,1830,71,10
S1900685,P421,936,1830,6,10
S1900685,P411,922,1830,27,10
S1900685,P411,923,1830,70,10
S1900685,P411,936,1830,12,10
S2202553,P001,922,1830,7,10
S2202553,P002,922,1830,17,10
S2202553,P003,922,1830,9,10
S2202553,P001,923,1830,83,10
S2202553,P002,923,1830,95,10
S2202553,P003,923,1830,92,10
S2202553,P001,924,1830,12,10
S2202553,P002,924,1830,3,10
S2202553,P003,924,1830,22,10
S2202553,P001,926,1830,10,10
S2202553,P002,926,1830,24,10
S2202553,P003,926,1830,25,10
S2202553,P001,936,1830,11,10
S2202553,P002,936,1830,11,10
S2202553,P003,936,1830,10,10
S1601990,P001,911,1842,4,10
S1601990,P004,911,1842,4,10
S1601990,P049,911,1842,2,10
S2300401,P011,911,1830,9,10
S2300401,P011,923,1830,58,10
S2300401,P011,936,1830,6,10
S2300401,P011,922,1830,39,10
E5600332,P001,911,1842,0,00
E5600332,P002,911,1842,0,00
E5600332,P003,911,1842,0,00
S2300438,P001,911,1842,5,10
E5600056,P004,922,1845,0,00
E5600056,P004,923,1845,0,00
E5600056,P004,924,1845,0,00
E5600056,P004,936,1845,0,00
E5600056,P006,922,1845,19,10
E5600056,P006,923,1845,74,10
E5600056,P006,924,1845,0,10
E5600056,P006,936,1845,5,10
E5600056,P007,922,1845,0,00
E5600056,P007,923,1845,0,00
E5600056,P007,924,1845,0,00
E5600056,P007,936,1845,0,00
E5600056,P008,922,1845,35,10
E5600056,P008,923,1845,65,10
E5600056,P008,924,1845,20,10
E5600056,P008,936,1845,5,10
E5600056,P016,922,1845,0,10
E5600056,P016,923,1845,35,10
E5600056,P016,936,1845,12,10
E5600056,P017,922,1845,2,10
E5600056,P017,923,1845,23,10
E5600056,P017,924,1845,0,10
E5600056,P017,936,1845,3,10
E5600056,P018,922,1845,0,10
E5600056,P018,923,1845,17,10
E5600056,P018,924,1845,0,10
E5600056,P018,936,1845,4,10
E5600056,P021,922,1845,0,10
E5600056,P021,923,1845,48,10
E5600056,P021,924,1845,0,10
E5600056,P021,936,1845,4,10
E5600056,P024,922,1845,3,10
E5600056,P024,923,1845,34,10
E5600056,P024,924,1845,2,10
E5600056,P024,936,1845,6,10
E5600056,P034,922,1845,7,10
E5600056,P034,923,1845,51,10
E5600056,P034,936,1845,1,10
E5601197,P002,911,1842,3,10
E5601197,P003,911,1842,2,10
S1602755,P101,911,1842,5,10
S1602755,P201,911,1842,5,10
S1602755,P301,911,1842,6,10
E5600841,P001,923,1830,27,10
E5600841,P001,936,1830,5,10
E5600841,P001,922,1830,28,10
E5600841,P002,923,1830,42,10
E5600841,P002,936,1830,4,10
E5600841,P002,922,1830,21,10
E5600841,P003,923,1830,30,10
E5600841,P003,936,1830,5,10
E5600841,P003,922,1830,26,10
E5600841,P004,923,1830,21,10
E5600841,P004,936,1830,4,10
E5600841,P004,922,1830,20,10
E5600841,P005,923,1830,16,10
E5600841,P005,936,1830,4,10
E5600841,P005,922,1830,20,10
E5600841,P006,923,1830,58,10
E5600841,P006,936,1830,5,10
E5600841,P006,922,1830,81,10
E5600841,P007,923,1830,49,10
E5600841,P007,936,1830,6,10
E5600841,P007,922,1830,75,10
E5600841,P008,923,1830,54,10
E5600841,P008,936,1830,9,10
E5600841,P008,922,1830,6,10
E5600841,P009,923,1830,11,10
E5600841,P009,936,1830,5,10
E5600841,P009,922,1830,23,10
E5600841,P010,923,1830,11,10
E5600841,P010,936,1830,5,10
E5600841,P010,922,1830,17,10
E5600841,PC23,923,1830,65,10
E5600841,PC23,936,1830,8,10
E5600841,PC23,922,1830,28,10
E5600841,PC83,923,1830,60,10
E5600841,PC83,936,1830,7,10
E5600841,PC83,922,1830,23,10
E5600841,PPB1,923,1830,8,10
E5600841,PPB1,936,1830,8,10
E5600841,PPB1,922,1830,22,10
E5600841,PPC1,923,1830,13,10
E5600841,PPC1,936,1830,4,10
E5600841,PPC1,922,1830,21,10
E5600841,PR54,923,1830,83,10
E5600841,PR54,936,1830,8,10
E5600841,PR54,922,1830,30,10
E5600841,PR61,923,1830,78,10
E5600841,PR61,936,1830,3,10
E5600841,PR61,922,1830,40,10
E5600841,PR62,923,1830,64,10
E5600841,PR62,936,1830,4,10
E5600841,PR62,922,1830,18,10
E5600841,PS11,923,1830,35,10
E5600841,PS11,936,1830,11,10
E5600841,PS11,922,1830,59,10
E5600841,PS31,923,1830,117,10
E5600841,PS31,936,1830,12,10
E5600841,PS31,922,1830,91,10
E5600841,PS51,923,1830,45,10
E5600841,PS51,936,1830,12,10
E5600841,PS51,922,1830,19,10
E5600841,PS71,923,1830,0,00
E5600841,PS71,936,1830,0,00
E5600841,PS71,922,1830,0,00
E5600896,P004,911,1830,0,00
E5600896,P005,911,1830,0,00
E5600896,P007,911,1830,5,10
E5600896,P008,911,1830,7,10
S1901066,P004,911,1842,5,10
E4900333,P001,922,1830,1,10
E4900333,P002,922,1830,0,00
E4900333,P003,922,1830,0,32
E4900333,P103,922,1830,0,32
E4900333,P021,922,1830,0,10
E4900333,P105,922,1830,56,10
E4900333,P001,923,1830,84,10
E4900333,P002,923,1830,0,00
E4900333,P003,923,1830,0,32
E4900333,P103,923,1830,0,32
E4900333,P021,923,1830,38,10
E4900333,P105,923,1830,75,10
E4900333,P001,936,1830,13,10
E4900333,P002,936,1830,0,00
E4900333,P003,936,1830,0,32
E4900333,P103,936,1830,0,32
E4900333,P021,936,1830,8,10
E4900333,P105,936,1830,10,10
E5600789,P001,911,1842,0,00
E5600056,P004,911,1848,0,00
E5600056,P006,911,1848,3,10
E5600056,P007,911,1848,0,00
E5600056,P008,911,1848,5,10
E5600056,P009,911,1848,3,10
E5600056,P016,911,1848,5,10
E5600056,P017,911,1848,2,10
E5600056,P018,911,1848,3,10
E5600056,P021,911,1848,2,10
E5600056,P022,911,1848,3,10
E5600056,P023,911,1848,1,10
E5600056,P024,911,1848,4,10
E5002890,P001,911,1842,5,10
E5002890,P002,911,1842,5,10
E5002890,P003,911,1842,0,00
E5600869,P001,911,1842,4,10
S1900710,P070,911,1848,6,10
S1900710,P015,911,1848,0,00
S1900710,P050,911,1848,6,10
S1900710,P056,911,1848,4,10
S1900710,P060,911,1848,5,10
S1900685,P002,911,1842,13,10
S1900685,P421,911,1842,15,10
S1900685,P411,911,1842,4,10
S2100223,P015,911,1848,0,10
E5400878,P010,911,1830,1,10
S2300401,P011,911,1842,9,10
E5600850,PC01,911,1842,0,00
S2201109,P711,911,1830,15,10
S2201109,P731,911,1830,19,10
S2201109,P741,911,1830,16,10
S2201109,P751,911,1830,17,10
S2201109,P711,923,1830,22,10
S2201109,P711,936,1830,6,10
S2201109,P711,922,1830,2,10
S2201109,P731,923,1830,45,10
S2201109,P731,936,1830,7,10
S2201109,P731,922,1830,14,10
S2201109,P741,923,1830,47,10
S2201109,P741,936,1830,5,10
S2201109,P741,922,1830,24,10
S2201109,P751,923,1830,51,10
S2201109,P751,936,1830,6,10
S2201109,P751,922,1830,11,10
S2300429,P701,911,1842,0,00
S2300429,PF01,911,1842,9,10
S2202553,P001,911,1842,1,10
S2202553,P002,911,1842,1,10
S2202553,P003,911,1842,1,10
E5600841,P001,911,1842,5,10
E5600841,P002,911,1842,5,10
E5600841,P003,911,1842,9,10
E5600841,P004,911,1842,6,10
E5600841,P005,911,1842,8,10
E5600841,P006,911,1842,12,10
E5600841,P007,911,1842,13,10
E5600841,P008,911,1842,7,10
E5600841,P009,911,1842,9,10
E5600841,P010,911,1842,6,10
E5600841,PC23,911,1842,9,10
E5600841,PC83,911,1842,14,10
E5600841,PPB1,911,1842,8,10
E5600841,PPC1,911,1842,5,10
E5600841,PR54,911,1842,3,10
E5600841,PR61,911,1842,7,10
E5600841,PR62,911,1842,4,10
E5600841,PS11,911,1842,12,10
E5600841,PS12,911,1842,11,10
E5600841,PS31,911,1842,7,10
E5600841,PS32,911,1842,4,10
E5600841,PS51,911,1842,12,10
E5600841,PS52,911,1842,9,10
E5600841,PS71,911,1842,0,00
E5600841,PS72,911,1842,0,00
S2201109,P711,911,1842,15,10
S2201109,P731,911,1842,18,10
S2201109,P741,911,1842,16,10
S2201109,P751,911,1842,16,10
E4900744,P001,911,1848,0,00
E4900744,P002,911,1848,0,00
E4900744,P023,911,1848,0,00
E4900333,P001,911,1842,9,10
E4900333,P002,911,1842,0,00
E4900333,P003,911,1842,0,32
E4900333,P103,911,1842,0,32
E4900333,P021,911,1842,7,10
E4900333,P105,911,1842,9,10
S1602755,P101,911,1848,5,10
S1602755,P201,911,1848,5,10
S1602755,P301,911,1848,6,10
E5600332,P001,911,1848,0,00
E5600332,P002,911,1848,0,00
E5600332,P003,911,1848,0,00
E5600850,PC01,911,1848,0,00
S2300438,P001,911,1848,5,10
E5601197,P002,911,1848,3,10
E5601197,P003,911,1848,2,10
E5600896,P004,911,1836,0,00
E5600896,P005,911,1836,0,00
E5600896,P007,911,1836,5,10
E5600896,P008,911,1836,7,10
S1901066,P004,911,1848,5,10
E5600789,P001,911,1848,0,00
E5600056,P004,911,1854,0,00
E5600056,P006,911,1854,3,10
E5600056,P007,911,1854,0,00
E5600056,P008,911,1854,5,10
E5600056,P009,911,1854,1,10
E5600056,P016,911,1854,4,10
E5600056,P017,911,1854,2,10
E5600056,P018,911,1854,2,10
E5600056,P021,911,1854,2,10
E5600056,P022,911,1854,2,10
E5600056,P023,911,1854,1,10
E5600056,P024,911,1854,4,10
E5002890,P001,911,1848,5,10
E5002890,P002,911,1848,5,10
E5002890,P003,911,1848,0,00
E5600869,P001,911,1848,4,10
S1900710,P015,911,1854,0,00
S1900710,P050,911,1854,6,10
S1900710,P056,911,1854,4,10
S1900710,P060,911,1854,4,10
S1900710,P070,911,1854,6,10
S1900685,P002,911,1848,13,10
S1900685,P421,911,1848,14,10
S1900685,P411,911,1848,4,10
S2202553,P001,911,1848,1,10
S2202553,P002,911,1848,1,10
S2202553,P003,911,1848,1,10
S2100223,P015,911,1854,0,10
S2100223,P015,922,1845,0,10
S2100223,P015,923,1845,0,10
S2100223,P015,924,1845,0,10
S2100223,P015,936,1845,0,10
S2100223,P015,222,1800,0,
S2100223,P015,223,1800,0,
S2100223,P015,224,1800,0,
S2100223,P015,236,1800,0,
S2100223,P015,248,1800,0,
S2100223,P015,259,1800,0,
E5400878,P010,911,1836,1,10
S2300401,P011,911,1848,9,10
S2300429,P701,911,1848,0,00
S2300429,PF01,911,1848,9,10
E5600841,P001,911,1848,6,10
E5600841,P002,911,1848,5,10
E5600841,P003,911,1848,9,10
E5600841,P004,911,1848,7,10
E5600841,P005,911,1848,9,10
E5600841,P006,911,1848,12,10
E5600841,P007,911,1848,13,10
E5600841,P008,911,1848,8,10
E5600841,P009,911,1848,9,10
E5600841,P010,911,1848,6,10
E5600841,PC23,911,1848,9,10
E5600841,PC83,911,1848,14,10
E5600841,PPB1,911,1848,8,10
E5600841,PPC1,911,1848,5,10
E5600841,PR54,911,1848,3,10
E5600841,PR61,911,1848,7,10
E5600841,PR62,911,1848,4,10
E5600841,PS11,911,1848,13,10
E5600841,PS12,911,1848,10,10
E5600841,PS31,911,1848,8,10
E5600841,PS32,911,1848,4,10
E5600841,PS51,911,1848,12,10
E5600841,PS52,911,1848,10,10
E5600841,PS71,911,1848,0,00
E5600841,PS72,911,1848,0,00
E5600896,P004,922,1830,0,00
E5600896,P004,923,1830,0,00
E5600896,P004,936,1830,0,00
E5600896,P005,922,1830,0,00
E5600896,P005,923,1830,0,00
E5600896,P005,936,1830,0,00
E5600896,P007,922,1830,0,10
E5600896,P007,923,1830,71,11
E5600896,P007,936,1830,5,10
E5600896,P008,922,1830,0,10
E5600896,P008,923,1830,63,10
E5600896,P008,936,1830,2,10
S2201109,P711,911,1848,15,10
S2201109,P731,911,1848,19,10
S2201109,P741,911,1848,16,10
S2201109,P751,911,1848,16,10
E4900744,P001,911,1854,0,00
E4900744,P002,911,1854,0,00
E4900744,P023,911,1854,0,00
E4900744,P001,923,1845,0,00
E4900744,P023,923,1845,0,00
E4900744,P001,936,1845,0,00
E4900744,P023,936,1845,0,00
E4900744,P001,223,1800,0,00
E4900744,P023,223,1800,0,00
E4900744,P001,236,1800,0,00
E4900744,P023,236,1800,0,00
E4900744,P001,248,1800,0,00
E4900744,P023,248,1800,0,00
E4900744,P001,259,1800,0,00
E4900744,P023,259,1800,0,00
E5400878,P001,923,1830,22,10
E5400878,P001,936,1830,15,10
E5400878,P002,923,1830,18,10
E5400878,P002,936,1830,14,10
E5400878,P003,923,1830,17,10
E5400878,P003,936,1830,15,10
E5400878,P010,923,1830,18,10
E5400878,P010,936,1830,13,10
S1602755,P101,911,1854,5,10
S1602755,P201,911,1854,5,10
S1602755,P301,911,1854,7,10
S1602755,P101,922,1845,2,10
S1602755,P201,922,1845,2,10
S1602755,P301,922,1845,2,10
S1602755,P101,923,1845,86,10
S1602755,P201,923,1845,52,10
S1602755,P301,923,1845,51,10
S1602755,P101,924,1845,4,10
S1602755,P201,924,1845,43,10
S1602755,P301,924,1845,16,10
S1602755,P101,926,1845,8,10
S1602755,P201,926,1845,9,10
S1602755,P301,926,1845,5,10
S1602755,P101,936,1845,9,10
S1602755,P201,936,1845,7,10
S1602755,P301,936,1845,8,10
S1602755,P101,222,1800,3,10
S1602755,P201,222,1800,2,10
S1602755,P301,222,1800,2,10
S1602755,P101,223,1800,72,10
S1602755,P201,223,1800,57,10
S1602755,P301,223,1800,56,10
S1602755,P101,224,1800,10,10
S1602755,P201,224,1800,39,10
S1602755,P301,224,1800,7,10
S1602755,P101,226,1800,9,10
S1602755,P201,226,1800,10,10
S1602755,P301,226,1800,9,10
S1602755,P101,236,1800,9,10
S1602755,P201,236,1800,7,10
S1602755,P301,236,1800,8,10
S1602755,P101,248,1800,101993,10
S1602755,P201,248,1800,91311,10
S1602755,P301,248,1800,107415,10
S1602755,P101,259,1800,137,10
S1602755,P201,259,1800,134,10
S1602755,P301,259,1800,137,10
E5600850,PC01,923,1845,0,00
E5600850,PC01,924,1845,0,00
E5600850,PC01,936,1845,0,00
E5600850,PC01,926,1845,0,00
E4900333,P001,911,1848,9,10
E4900333,P002,911,1848,0,00
E4900333,P003,911,1848,0,32
E4900333,P103,911,1848,0,32
E4900333,P021,911,1848,7,10
E4900333,P105,911,1848,9,10
E5600332,P001,911,1854,0,00
E5600332,P002,911,1854,0,00
E5600332,P003,911,1854,0,00
E5600850,PC01,911,1854,0,00
E5601197,P002,911,1854,3,10
E5601197,P003,911,1854,3,10
S2300438,P001,922,1845,0,10
S2300438,P001,923,1845,36,10
S2300438,P001,936,1845,6,10
S1901066,P004,922,1845,228,10
S1901066,P004,923,1845,184,10
S1901066,P004,924,1845,0,10
S1901066,P004,936,1845,5,10
S1901066,P004,937,1845,11,10
E5600896,P004,911,1842,0,00
E5600896,P005,911,1842,0,00
E5600896,P007,911,1842,5,10
E5600896,P008,911,1842,7,10
S2300438,P001,911,1854,5,10
S1901066,P004,911,1854,5,10
E5600789,P001,911,1854,0,00
E5600056,P004,911,1900,0,00
E5600056,P006,911,1900,3,10
E5600056,P007,911,1900,0,00
E5600056,P008,911,1900,6,10
E5600056,P009,911,1900,2,10
E5600056,P016,911,1900,3,10
E5600056,P017,911,1900,1,10
E5600056,P018,911,1900,2,10
E5600056,P021,911,1900,2,10
E5600056,P022,911,1900,2,10
E5600056,P023,911,1900,2,10
E5600056,P024,911,1900,4,10
E5600056,P004,922,1900,0,00
E5600056,P004,923,1900,0,00
E5600056,P004,924,1900,0,00
E5600056,P004,936,1900,0,00
E5600056,P006,922,1900,19,10
E5600056,P006,923,1900,65,10
E5600056,P006,924,1900,0,10
E5600056,P006,936,1900,6,10
E5600056,P007,922,1900,0,00
E5600056,P007,923,1900,0,00
E5600056,P007,924,1900,0,00
E5600056,P007,936,1900,0,00
E5600056,P008,922,1900,18,10
E5600056,P008,923,1900,60,10
E5600056,P008,924,1900,106,10
E5600056,P008,936,1900,6,10
E5600056,P016,922,1900,0,10
E5600056,P016,923,1900,29,10
E5600056,P016,936,1900,12,10
E5600056,P017,922,1900,2,10
E5600056,P017,923,1900,23,10
E5600056,P017,924,1900,0,10
E5600056,P017,936,1900,4,10
E5600056,P018,922,1900,0,10
E5600056,P018,923,1900,16,10
E5600056,P018,936,1900,4,10
E5600056,P021,922,1900,0,10
E5600056,P021,923,1900,45,10
E5600056,P021,936,1900,4,10
E5600056,P024,922,1900,3,10
E5600056,P024,923,1900,36,10
E5600056,P024,924,1900,2,10
E5600056,P024,936,1900,6,10
E5600056,P034,923,1900,52,10
E5600056,P034,936,1900,1,10
E5600056,P004,222,1900,0,00
E5600056,P004,223,1900,0,00
E5600056,P004,224,1900,0,00
E5600056,P004,236,1900,0,00
E5600056,P004,248,1900,0,00
E5600056,P004,259,1900,0,00
E5600056,P006,222,1900,22,10
E5600056,P006,223,1900,72,10
E5600056,P006,224,1900,1,10
E5600056,P006,236,1900,6,10
E5600869,P001,911,1854,4,10
E5600869,P001,922,1845,131,10
E5600869,P001,923,1845,127,10
E5600869,P001,936,1845,7,10
E5600869,P001,222,1800,128,10
E5600869,P001,223,1800,126,10
E5600869,P001,236,1800,7,10
E5600869,P001,248,1800,53663,10
E5600869,P001,259,1800,103,10
S1900710,P015,911,1900,0,00
S1900710,P050,911,1900,6,10
S1900710,P056,911,1900,5,10
S1900710,P060,911,1900,4,10
S1900710,P070,911,1900,6,10
S1900710,P015,923,1900,0,00
S1900710,P015,936,1900,0,00
S1900710,P015,922,1900,0,00
S1900710,P050,923,1900,119,10
S1900710,P050,936,1900,5,10
S1900710,P050,922,1900,66,10
S1900710,P056,923,1900,41,10
S1900710,P056,936,1900,4,10
S1900710,P056,922,1900,23,10
S1900710,P060,923,1900,22,10
S1900710,P060,936,1900,5,10
S1900710,P060,922,1900,26,10
S1900710,P070,923,1900,21,10
S1900710,P070,936,1900,8,10
S1900710,P070,922,1900,16,10
S1900710,P015,248,1900,0,00
S1900710,P015,223,1900,0,00
S1900710,P015,236,1900,0,00
S1900710,P015,222,1900,0,00
S1900710,P015,259,1900,0,00
S1900710,P050,248,1900,108540,10
S1900710,P050,223,1900,119,10
S1900710,P050,236,1900,5,10
S1900710,P050,222,1900,66,10
S1900710,P050,259,1900,154,10
S1900710,P056,248,1900,182232,10
S1900710,P056,223,1900,43,10
S1900710,P056,236,1900,4,10
S1900710,P056,222,1900,23,10
S1900710,P056,259,1900,126,10
S1900710,P060,248,1900,173988,10
S1900710,P060,223,1900,23,10
S1900710,P060,236,1900,5,10
S1900710,P060,222,1900,26,10
S1900710,P060,259,1900,124,10
S1900710,P070,248,1900,174384,10
S1900710,P070,223,1900,21,10
S1900710,P070,236,1900,8,10
S1900710,P070,222,1900,16,10
S1900710,P070,259,1900,86,10
S1900685,P002,911,1854,13,10
S1900685,P421,911,1854,15,10
S1900685,P421,922,1845,16,10
S1900685,P421,923,1845,72,10
S1900685,P421,936,1845,6,10
S1900685,P421,222,1800,16,10
S1900685,P421,223,1800,71,10
S1900685,P421,236,1800,6,10
S1900685,P421,248,1800,314706,10
S1900685,P421,259,1800,52,10
S1900685,P411,911,1854,4,10
S1900685,P411,222,1800,27,10
S1900685,P411,922,1845,27,10
S1900685,P411,223,1800,70,10
S1900685,P411,923,1845,70,10
S1900685,P411,236,1800,12,10
S1900685,P411,936,1845,12,10
S1900685,P411,248,1800,20756,10
S1900685,P411,259,1800,134,10
S2202553,P001,911,1854,1,10
S2202553,P002,911,1854,1,10
S2202553,P003,911,1854,1,10
S2202553,P001,922,1845,15,10
S2202553,P002,922,1845,9,10
S2202553,P003,922,1845,5,10
S2202553,P001,923,1845,91,10
S2202553,P002,923,1845,95,10
S2202553,P003,923,1845,95,10
S2202553,P001,924,1845,9,10
S2202553,P002,924,1845,1,10
S2202553,P003,924,1845,4,10
S2202553,P001,926,1845,21,10
S2202553,P002,926,1845,18,10
S2202553,P003,926,1845,19,10
S2202553,P001,936,1845,12,10
S2202553,P002,936,1845,11,10
S2202553,P003,936,1845,9,10
S2202553,P001,222,1800,12,10
S2202553,P002,222,1800,10,10
S2202553,P003,222,1800,9,10
S2202553,P001,223,1800,89,10
S2202553,P002,223,1800,93,10
S2202553,P003,223,1800,90,10
S2202553,P001,224,1800,18,10
S2202553,P002,224,1800,4,10
S2202553,P003,224,1800,22,10
S2202553,P001,226,1800,17,10
S2202553,P002,226,1800,14,10
S2202553,P003,226,1800,22,10
S2202553,P001,236,1800,12,10
S2202553,P002,236,1800,11,10
S2202553,P003,236,1800,9,10
S2202553,P001,248,1800,93446,10
S2202553,P002,248,1800,100449,10
S2202553,P003,248,1800,102483,10
S2202553,P001,259,1800,138,10
S2202553,P002,259,1800,125,10
S2202553,P003,259,1800,148,10
S2100223,P015,911,1900,0,10
S2300401,P011,911,1800,9,10
S2300401,P011,923,1800,60,10
S2300401,P011,936,1800,6,10
S2300401,P011,922,1800,35,10
S2300401,P011,248,1800,192240,10
S2300401,P011,223,1800,59,10
S2300401,P011,236,1800,6,10
S2300401,P011,222,1800,38,10
S2300401,P011,259,1800,52,10
S2300401,P011,923,1845,58,10
S2300401,P011,936,1845,6,10
S2300401,P011,922,1845,41,10
E5400878,P010,911,1842,1,10
S2300401,P011,911,1854,9,10
S2300429,P701,922,1845,0,00
S2300429,P701,923,1845,0,00
S2300429,P701,936,1845,0,00
S2300429,PF01,922,1845,22,10
S2300429,PF01,923,1845,24,10
S2300429,PF01,936,1845,6,10
S2300429,P701,911,1854,0,00
S2300429,PF01,911,1854,9,10
S2201109,P711,923,1845,23,10
S2201109,P711,936,1845,6,10
S2201109,P711,922,1845,2,10
S2201109,P731,923,1845,45,10
S2201109,P731,936,1845,7,10
S2201109,P731,922,1845,15,10
S2201109,P741,923,1845,46,10
S2201109,P741,936,1845,5,10
S2201109,P741,922,1845,24,10
S2201109,P751,923,1845,51,10
S2201109,P751,936,1845,6,10
S2201109,P751,922,1845,11,10
S2201109,P711,911,1854,15,10
S2201109,P731,911,1854,18,10
S2201109,P741,911,1854,16,10
S2201109,P751,911,1854,16,10
E4900333,P001,911,1854,9,10
E4900333,P002,911,1854,0,00
E4900333,P003,911,1854,0,32
E4900333,P103,911,1854,0,32
E4900333,P021,911,1854,6,10
E4900333,P105,911,1854,9,10
E4900333,P001,922,1845,1,10
E4900333,P002,922,1845,0,00
E4900333,P003,922,1845,0,32
E4900333,P103,922,1845,0,32
E4900333,P021,922,1845,0,10
E4900333,P105,922,1845,57,10
E4900333,P001,923,1845,82,10
E4900333,P002,923,1845,0,00
E4900333,P003,923,1845,0,32
E4900333,P103,923,1845,0,32
E4900333,P021,923,1845,38,10
E4900333,P105,923,1845,75,10
E4900333,P001,936,1845,13,10
E4900333,P002,936,1845,0,00
E4900333,P003,936,1845,0,32
E4900333,P103,936,1845,0,32
E4900333,P021,936,1845,8,10
E4900333,P105,936,1845,10,10
E4900333,P001,259,1800,84,10
E4900333,P002,259,1800,0,00
E4900333,P003,259,1800,0,32
E4900333,P103,259,1800,0,32
E4900333,P021,259,1800,124,10
E4900333,P105,259,1800,162,10
E4900333,P001,222,1800,1,10
E4900333,P002,222,1800,0,00
E4900333,P003,222,1800,0,32
E4900333,P103,222,1800,0,32
E4900333,P021,222,1800,1,10
E4900333,P105,222,1800,57,10
E4900333,P001,223,1800,83,10
E4900333,P002,223,1800,0,00
E4900333,P003,223,1800,0,32
E4900333,P103,223,1800,0,32
E4900333,P021,223,1800,40,10
E4900333,P105,223,1800,73,10
E4900333,P001,236,1800,13,10
E4900333,P002,236,1800,0,00
E4900333,P003,236,1800,0,32
E4900333,P103,236,1800,0,32
E4900333,P021,236,1800,8,10
E4900333,P105,236,1800,10,10
E4900333,P001,248,1800,40444,10
E4900333,P002,248,1800,0,00
E4900333,P003,248,1800,0,32
E4900333,P103,248,1800,0,32
E4900333,P021,248,1800,104383,10
E4900333,P105,248,1800,156235,10
E4900744,P001,911,1900,0,00
E4900744,P002,911,1900,0,00
E4900744,P023,911,1900,0,00
S1602755,P101,911,1900,5,10
S1602755,P201,911,1900,5,10
S1602755,P301,911,1900,7,10
E5600332,P001,911,1900,0,00
E5600332,P002,911,1900,0,00
E5600332,P003,911,1900,0,00
E5600850,PC01,911,1900,0,00
E5601197,P002,911,1900,3,10
E5601197,P003,911,1900,3,10
E5600841,P001,248,1800,203009,10
E5600841,P001,923,1845,15,10
E5600841,P001,223,1800,20,10
E5600841,P001,936,1845,4,10
E5600841,P001,236,1800,5,10
E5600841,P001,911,1854,6,10
E5600841,P001,922,1845,25,10
E5600841,P001,222,1800,27,10
E5600841,P001,259,1800,169,10
E5600841,P002,248,1800,226583,10
E5600841,P002,923,1845,21,10
E5600841,P002,223,1800,29,10
E5600841,P002,936,1845,4,10
E5600841,P002,236,1800,4,10
E5600841,P002,911,1854,6,10
E5600841,P002,922,1845,17,10
E5600841,P002,222,1800,19,10
E5600841,P002,259,1800,168,10
E5600841,P003,248,1800,104908,10
E5600841,P003,923,1845,13,10
E5600841,P003,223,1800,19,10
E5600841,P003,936,1845,5,10
E5600841,P003,236,1800,5,10
E5600841,P003,911,1854,10,10
E5600841,P003,922,1845,22,10
E5600841,P003,222,1800,24,10
E5600841,P003,259,1800,169,10
E5600841,P004,248,1800,191858,10
E5600841,P004,923,1845,22,10
E5600841,P004,223,1800,22,10
E5600841,P004,936,1845,4,10
E5600841,P004,236,1800,4,10
E5600841,P004,911,1854,7,10
E5600841,P004,922,1845,19,10
E5600841,P004,222,1800,20,10
E5600841,P004,259,1800,188,10
E5600841,P005,248,1800,199426,10
E5600841,P005,923,1845,16,10
E5600841,P005,223,1800,17,10
E5600841,P005,936,1845,3,10
E5600841,P005,236,1800,4,10
E5600841,P005,911,1854,9,10
E5600841,P005,922,1845,18,10
E5600841,P005,222,1800,20,10
E5600841,P005,259,1800,197,10
E5600841,P006,248,1800,220230,10
E5600841,P006,923,1845,57,10
E5600841,P006,223,1800,50,10
E5600841,P006,936,1845,5,10
E5600841,P006,236,1800,5,10
E5600841,P006,911,1854,12,10
E5600841,P006,922,1845,80,10
E5600841,P006,222,1800,80,10
E5600841,P006,259,1800,123,10
E5600841,P007,248,1800,235229,10
E5600841,P007,923,1845,48,10
E5600841,P007,223,1800,47,10
E5600841,P007,936,1845,6,10
E5600841,P007,236,1800,6,10
E5600841,P007,911,1854,13,10
E5600841,P007,922,1845,75,10
E5600841,P007,222,1800,76,10
E5600841,P007,259,1800,134,10
E5600841,P008,248,1800,196195,10
E5600841,P008,923,1845,53,10
E5600841,P008,223,1800,52,10
E5600841,P008,936,1845,9,10
E5600841,P008,236,1800,9,10
E5600841,P008,911,1854,8,10
E5600841,P008,922,1845,6,10
E5600841,P008,222,1800,7,10
E5600841,P008,259,1800,49,10
E5600841,P009,248,1800,320969,10
E5600841,P009,923,1845,10,10
E5600841,P009,223,1800,11,10
E5600841,P009,936,1845,5,10
E5600841,P009,236,1800,5,10
E5600841,P009,911,1854,9,10
E5600841,P009,922,1845,23,10
E5600841,P009,222,1800,22,10
E5600841,P009,259,1800,123,10
E5600841,P010,248,1800,382599,10
E5600841,P010,923,1845,11,10
E5600841,P010,223,1800,11,10
E5600841,P010,936,1845,5,10
E5600841,P010,236,1800,5,10
E5600841,P010,911,1854,6,10
E5600841,P010,922,1845,17,10
E5600841,P010,222,1800,17,10
E5600841,P010,259,1800,107,10
E5600841,PC23,248,1800,27707,10
E5600841,PC23,923,1845,56,10
E5600841,PC23,223,1800,61,10
E5600841,PC23,936,1845,8,10
E5600841,PC23,236,1800,8,10
E5600841,PC23,911,1854,9,10
E5600841,PC23,922,1845,27,10
E5600841,PC23,222,1800,27,10
E5600841,PC23,259,1800,155,10
E5600841,PC83,248,1800,203289,10
E5600841,PC83,923,1845,57,10
E5600841,PC83,223,1800,57,10
E5600841,PC83,936,1845,7,10
E5600841,PC83,236,1800,7,10
E5600841,PC83,911,1854,14,10
E5600841,PC83,922,1845,22,10
E5600841,PC83,222,1800,23,10
E5600841,PC83,259,1800,169,10
E5600841,PPB1,248,1800,211121,10
E5600841,PPB1,923,1845,8,10
E5600841,PPB1,223,1800,8,10
E5600841,PPB1,936,1845,8,10
E5600841,PPB1,236,1800,8,10
E5600841,PPB1,911,1854,8,10
E5600841,PPB1,922,1845,23,10
E5600841,PPB1,222,1800,23,10
E5600841,PPB1,259,1800,137,10
E5600841,PPC1,248,1800,608033,10
E5600841,PPC1,923,1845,13,10
E5600841,PPC1,223,1800,13,10
E5600841,PPC1,936,1845,3,10
E5600841,PPC1,236,1800,3,10
E5600841,PPC1,911,1854,5,10
E5600841,PPC1,922,1845,18,10
E5600841,PPC1,222,1800,20,10
E5600841,PPC1,259,1800,129,10
E5600841,PR54,248,1800,30165,10
E5600841,PR54,923,1845,77,10
E5600841,PR54,223,1800,92,10
E5600841,PR54,936,1845,8,10
E5600841,PR54,236,1800,8,10
E5600841,PR54,911,1854,3,10
E5600841,PR54,922,1845,29,10
E5600841,PR54,222,1800,27,10
E5600841,PR54,259,1800,227,10
E5600841,PR61,248,1800,179366,10
E5600841,PR61,923,1845,73,10
E5600841,PR61,223,1800,77,10
E5600841,PR61,936,1845,3,10
E5600841,PR61,236,1800,3,10
E5600841,PR61,911,1854,7,10
E5600841,PR61,922,1845,40,10
E5600841,PR61,222,1800,41,10
E5600841,PR61,259,1800,335,10
E5600841,PR62,248,1800,123598,10
E5600841,PR62,923,1845,58,10
E5600841,PR62,223,1800,64,10
E5600841,PR62,936,1845,4,10
E5600841,PR62,236,1800,4,10
E5600841,PR62,911,1854,4,10
E5600841,PR62,922,1845,17,10
E5600841,PR62,222,1800,18,10
E5600841,PR62,259,1800,334,10
E5600841,PS11,248,1800,849286,10
E5600841,PS11,923,1845,35,10
E5600841,PS11,223,1800,35,10
E5600841,PS11,936,1845,11,10
E5600841,PS11,236,1800,11,10
E5600841,PS11,911,1854,13,10
E5600841,PS11,922,1845,64,10
E5600841,PS11,222,1800,61,10
E5600841,PS11,259,1800,163,10
E5600841,PS12,911,1854,8,10
E5600841,PS31,248,1800,763480,10
E5600841,PS31,923,1845,121,10
E5600841,PS31,223,1800,116,10
E5600841,PS31,936,1845,12,10
E5600841,PS31,236,1800,12,10
E5600841,PS31,911,1854,9,10
E5600841,PS31,922,1845,92,10
E5600841,PS31,222,1800,89,10
E5600841,PS31,259,1800,124,10
E5600841,PS32,911,1854,4,10
E5600841,PS51,248,1800,855012,10
E5600841,PS51,923,1845,42,10
E5600841,PS51,223,1800,43,10
E5600841,PS51,936,1845,13,10
E5600841,PS51,236,1800,12,10
E5600841,PS51,911,1854,13,10
E5600841,PS51,922,1845,17,10
E5600841,PS51,222,1800,19,10
E5600841,PS51,259,1800,136,10
E5600841,PS52,911,1854,16,10
E5600841,PS71,248,1800,0,00
E5600841,PS71,923,1845,0,00
E5600841,PS71,223,1800,0,00
E5600841,PS71,936,1845,0,00
E5600841,PS71,236,1800,0,00
E5600841,PS71,911,1854,0,00
E5600841,PS71,922,1845,0,00
E5600841,PS71,222,1800,0,00
E5600841,PS71,259,1800,0,00
E5600841,PS72,911,1854,0,00
E5600896,P004,911,1848,0,00
E5600896,P005,911,1848,0,00
E5600896,P007,911,1848,5,10
E5600896,P008,911,1848,6,10
S2300438,P001,911,1900,5,10
S1901066,P004,911,1900,5,10
E5600789,P001,911,1900,0,00
E5600056,P004,911,1906,0,00
E5600056,P006,911,1906,0,00
E5600056,P007,911,1906,0,00
E5600056,P008,911,1906,5,10
E5600056,P009,911,1906,2,10
E5600056,P016,911,1906,3,10
E5600056,P017,911,1906,1,10
E5600056,P018,911,1906,2,10
E5600056,P021,911,1906,2,10
E5600056,P022,911,1906,2,10
E5600056,P023,911,1906,1,10
E5600056,P024,911,1906,4,10
E5600869,P001,911,1900,4,10
S1900710,P015,911,1906,0,00
S1900710,P050,911,1906,5,10
S1900710,P056,911,1906,4,10
S1900710,P060,911,1906,3,10
S1900710,P070,911,1906,6,10
S1900685,P002,911,1900,13,10
S1900685,P421,911,1900,15,10
S1900685,P411,911,1900,4,10
S2202553,P001,911,1900,1,10
S2202553,P002,911,1900,1,10
S2202553,P003,911,1900,1,10
E5400878,P010,911,1848,1,10
E5600841,P001,911,1900,6,10
E5600841,P002,911,1900,6,10
E5600841,P003,911,1900,10,10
E5600841,P004,911,1900,7,10
E5600841,P005,911,1900,9,10
E5600841,P006,911,1900,12,10
E5600841,P007,911,1900,13,10
E5600841,P008,911,1900,8,10
E5600841,P009,911,1900,9,10
E5600841,P010,911,1900,6,10
E5600841,PC23,911,1900,9,10
E5600841,PC83,911,1900,14,10
E5600841,PPB1,911,1900,8,10
E5600841,PPC1,911,1900,5,10
E5600841,PR54,911,1900,3,10
E5600841,PR61,911,1900,7,10
E5600841,PR62,911,1900,4,10
E5600841,PS11,911,1900,12,10
E5600841,PS12,911,1900,9,10
E5600841,PS31,911,1900,9,10
E5600841,PS32,911,1900,4,10
E5600841,PS51,911,1900,16,10
E5600841,PS52,911,1900,15,10
E5600841,PS71,911,1900,0,00
E5600841,PS72,911,1900,0,00
E4900333,P001,911,1900,9,10
E4900333,P002,911,1900,0,00
E4900333,P003,911,1900,0,32
E4900333,P103,911,1900,0,32
E4900333,P021,911,1900,7,10
E4900333,P105,911,1900,9,10
E4900744,P001,911,1906,0,00
E4900744,P002,911,1906,0,00
E4900744,P023,911,1906,0,00
S1602755,P101,911,1906,5,10
S1602755,P201,911,1906,5,10
S1602755,P301,911,1906,7,10
E5600332,P001,911,1906,0,00
E5600332,P002,911,1906,0,00
E5600332,P003,911,1906,0,00
E5600850,PC01,911,1906,0,00
E5601197,P002,911,1906,3,10
E5601197,P003,911,1906,3,10
E4900744,P001,923,1900,0,00
E4900744,P023,923,1900,0,00
E4900744,P001,936,1900,0,00
E4900744,P023,936,1900,0,00
E5600896,P004,222,1800,0,00
E5600896,P004,223,1800,0,00
E5600896,P004,236,1800,0,00
E5600896,P004,248,1800,0,00
E5600896,P004,259,1800,0,00
E5600896,P005,222,1800,0,00
E5600896,P005,223,1800,0,00
E5600896,P005,236,1800,0,00
E5600896,P005,248,1800,0,00
E5600896,P005,259,1800,0,00
E5600896,P007,222,1800,0,10
E5600896,P007,223,1800,72,11
E5600896,P007,236,1800,5,10
E5600896,P007,248,1800,1475979,10
E5600896,P007,259,1800,156,10
E5600896,P008,222,1800,0,10
E5600896,P008,223,1800,64,10
E5600896,P008,236,1800,2,10
E5600896,P008,248,1800,1900921,10
E5600896,P008,259,1800,133,10
E5600896,P004,922,1845,0,00
E5600896,P004,923,1845,0,00
E5600896,P004,936,1845,0,00
E5600896,P005,922,1845,0,00
E5600896,P005,923,1845,0,00
E5600896,P005,936,1845,0,00
E5600896,P007,922,1845,0,10
E5600896,P007,923,1845,73,11
E5600896,P007,936,1845,5,10
E5600896,P008,922,1845,0,10
E5600896,P008,923,1845,65,10
E5600896,P008,936,1845,2,10
E5600896,P004,911,1854,0,00
E5600896,P005,911,1854,0,00
E5600896,P007,911,1854,5,10
E5600896,P008,911,1854,7,10
S2300438,P001,911,1906,5,10
S1901066,P004,911,1906,5,10
E5600789,P001,911,1906,0,00
E5600056,P004,911,1912,0,00
E5600056,P006,911,1912,0,00
E5600056,P007,911,1912,0,00
E5600056,P008,911,1912,5,10
E5600056,P009,911,1912,2,10
E5600056,P016,911,1912,3,10
E5600056,P017,911,1912,1,10
E5600056,P018,911,1912,2,10
E5600056,P021,911,1912,2,10
E5600056,P022,911,1912,2,10
E5600056,P023,911,1912,1,10
E5600056,P024,911,1912,4,10
E5600869,P001,911,1906,4,10
S1900710,P015,911,1912,0,00
S1900710,P050,911,1912,6,10
S1900710,P056,911,1912,5,10
S1900710,P060,911,1912,5,10
S1900710,P070,911,1912,6,10
S1900685,P002,911,1906,14,10
S1900685,P421,911,1906,14,10
S1900685,P411,911,1906,4,10
S2202553,P001,911,1906,1,10
S2202553,P002,911,1906,1,10
S2202553,P003,911,1906,1,10
E5400878,P001,223,1800,22,10
E5400878,P001,236,1800,15,10
E5400878,P001,248,1800,1467767,10
E5400878,P001,259,1800,113,10
E5400878,P002,223,1800,18,10
E5400878,P002,236,1800,14,10
E5400878,P002,248,1800,1838572,10
E5400878,P002,259,1800,115,10
E5400878,P003,223,1800,17,10
E5400878,P003,236,1800,15,10
E5400878,P003,248,1800,722939,10
E5400878,P003,259,1800,112,10
E5400878,P010,223,1800,18,10
E5400878,P010,236,1800,13,10
E5400878,P010,248,1800,1411553,10
E5400878,P010,259,1800,99,10
E5400878,P001,923,1845,23,10
E5400878,P001,936,1845,15,10
E5400878,P002,923,1845,19,10
E5400878,P002,936,1845,15,10
E5400878,P003,923,1845,16,10
E5400878,P003,936,1845,15,10
E5400878,P010,923,1845,18,10
E5400878,P010,936,1845,13,10
E5400878,P010,911,1854,1,10
S2300401,P011,911,1906,9,10
S1602755,P101,922,1900,2,10
S1602755,P201,922,1900,2,10
S1602755,P301,922,1900,2,10
S1602755,P101,923,1900,64,10
S1602755,P201,923,1900,56,10
S1602755,P301,923,1900,49,10
S1602755,P101,924,1900,3,10
S1602755,P201,924,1900,23,10
S1602755,P301,924,1900,31,10
S1602755,P101,926,1900,7,10
S1602755,P201,926,1900,8,10
S1602755,P301,926,1900,7,10
S1602755,P101,936,1900,9,10
S1602755,P201,936,1900,8,10
S1602755,P301,936,1900,8,10
S2300438,P001,922,1900,0,10
S2300438,P001,923,1900,33,10
S2300438,P001,936,1900,6,10
S2300438,P001,222,1800,0,10
S2300438,P001,223,1800,32,10
S2300438,P001,236,1800,6,10
S2300438,P001,248,1800,50059,10
S2300438,P001,259,1800,118,10
S2300429,P701,911,1906,0,00
S2300429,PF01,911,1906,9,10
E4900744,P001,911,1912,0,00
E4900744,P002,911,1912,0,00
E4900744,P023,911,1912,0,00
E5600841,P001,911,1906,6,10
E5600841,P002,911,1906,6,10
E5600841,P003,911,1906,9,10
E5600841,P004,911,1906,7,10
E5600841,P005,911,1906,9,10
E5600841,P006,911,1906,12,10
E5600841,P007,911,1906,13,10
E5600841,P008,911,1906,8,10
E5600841,P009,911,1906,9,10
E5600841,P010,911,1906,6,10
E5600841,PC23,911,1906,8,10
E5600841,PC83,911,1906,15,10
E5600841,PPB1,911,1906,8,10
E5600841,PPC1,911,1906,5,10
E5600841,PR54,911,1906,3,10
E5600841,PR61,911,1906,7,10
E5600841,PR62,911,1906,4,10
E5600841,PS11,911,1906,15,10
E5600841,PS12,911,1906,12,10
E5600841,PS31,911,1906,8,10
E5600841,PS32,911,1906,4,10
E5600841,PS51,911,1906,16,10
E5600841,PS52,911,1906,11,10
E5600841,PS71,911,1906,0,00
E5600841,PS72,911,1906,0,00
S2201109,P711,911,1906,15,10
S2201109,P731,911,1906,18,10
S2201109,P741,911,1906,17,10
S2201109,P751,911,1906,18,10
E4900333,P001,911,1906,9,10
E4900333,P002,911,1906,0,00
E4900333,P003,911,1906,0,32
E4900333,P103,911,1906,0,32
E4900333,P021,911,1906,7,10
E4900333,P105,911,1906,9,10
E5600869,P001,922,1900,130,10
E5600869,P001,923,1900,127,10
E5600869,P001,936,1900,7,10
S2005081,P401,923,1915,70,10
S2005081,P401,922,1915,11,10
S2005081,P401,936,1915,7,10
S2300429,P701,911,1900,0,00
S2300429,P701,922,1900,0,00
S2300429,P701,923,1900,0,00
S2300429,P701,936,1900,0,00
S2300429,PF01,911,1900,9,10
S2300429,PF01,922,1900,25,10
S2300429,PF01,923,1900,30,10
S2300429,PF01,936,1900,6,10
S2300429,P701,222,1800,0,00
S2300429,P701,223,1800,0,00
S2300429,P701,236,1800,0,00
S2300429,P701,248,1800,0,00
S2300429,P701,259,1800,0,00
S2300429,PF01,222,1800,21,10
S2300429,PF01,223,1800,28,10
S2300429,PF01,236,1800,5,10
S2300429,PF01,248,1800,273974,10
S2300429,PF01,259,1800,59,10
E5600850,PC01,923,1900,0,00
E5600850,PC01,924,1900,0,00
E5600850,PC01,936,1900,0,00
E5600850,PC01,926,1900,0,00
E5600850,PC01,223,1800,0,00
E5600850,PC01,224,1800,0,00
E5600850,PC01,236,1800,0,00
E5600850,PC01,226,1800,0,00
E5600850,PC01,248,1800,0,00
E5600850,PC01,259,1800,0,00
S1901066,P004,922,1900,228,10
S1901066,P004,923,1900,184,10
S1901066,P004,924,1900,0,10
S1901066,P004,936,1900,5,10
S1901066,P004,937,1900,11,10
S1901066,P004,222,1800,228,10
S1901066,P004,223,1800,184,10
S1901066,P004,224,1800,0,10
S1901066,P004,236,1800,5,10
S1901066,P004,237,1800,11,10
S1901066,P004,248,1800,111158,10
S1901066,P004,259,1800,233,10
S2300438,P001,911,1912,5,10
S1900710,P070,923,1915,21,10
S1900710,P070,936,1915,8,10
S1900710,P070,922,1915,17,10
S1900710,P015,923,1915,0,00
S1900710,P015,936,1915,0,00
S1900710,P015,922,1915,0,00
S1900710,P050,923,1915,121,10
S1900710,P050,936,1915,5,10
S1900710,P050,922,1915,69,10
S1900710,P056,923,1915,40,10
S1900710,P056,936,1915,4,10
S1900710,P056,922,1915,23,10
S1900710,P060,923,1915,21,10
S1900710,P060,936,1915,5,10
S1900710,P060,922,1915,25,10
S1900685,P421,922,1900,15,10
S1900685,P421,923,1900,74,10
S1900685,P421,936,1900,6,10
S1900685,P411,922,1900,27,10
S1900685,P411,923,1900,69,10
S1900685,P411,936,1900,12,10
S2202553,P001,922,1900,10,10
S2202553,P002,922,1900,11,10
S2202553,P003,922,1900,5,10
S2202553,P001,923,1900,81,10
S2202553,P002,923,1900,83,10
S2202553,P003,923,1900,85,10
S2202553,P001,924,1900,6,10
S2202553,P002,924,1900,3,10
S2202553,P003,924,1900,4,10
S2202553,P001,926,1900,18,10
S2202553,P002,926,1900,11,10
S2202553,P003,926,1900,19,10
S2202553,P001,936,1900,11,10
S2202553,P002,936,1900,11,10
S2202553,P003,936,1900,9,10
S1601990,P001,911,1912,4,10
S1601990,P004,911,1912,3,10
S1601990,P049,911,1912,2,10
S1602755,P101,911,1912,5,10
S1602755,P201,911,1912,5,10
S1602755,P301,911,1912,7,10
E5600332,P001,911,1912,0,00
E5600332,P002,911,1912,0,00
E5600332,P003,911,1912,0,00
E5601197,P002,911,1912,3,10
E5601197,P003,911,1912,2,10
E5600841,P001,923,1900,15,10
E5600841,P001,936,1900,4,10
E5600841,P001,922,1900,23,10
E5600841,P002,923,1900,21,10
E5600841,P002,936,1900,4,10
E5600841,P002,922,1900,16,10
E5600841,P003,923,1900,13,10
E5600841,P003,936,1900,5,10
E5600841,P003,922,1900,20,10
E5600841,P004,923,1900,20,10
E5600841,P004,936,1900,4,10
E5600841,P004,922,1900,19,10
E5600841,P005,923,1900,16,10
E5600841,P005,936,1900,4,10
E5600841,P005,922,1900,17,10
E5600841,P006,923,1900,46,10
E5600841,P006,936,1900,5,10
E5600841,P006,922,1900,80,10
E5600841,P007,923,1900,53,10
E5600841,P007,936,1900,6,10
E5600841,P007,922,1900,75,10
E5600841,P008,923,1900,48,10
E5600841,P008,936,1900,9,10
E5600841,P008,922,1900,6,10
E5600841,P009,923,1900,10,10
E5600841,P009,936,1900,5,10
E5600841,P009,922,1900,24,10
E5600841,P010,923,1900,11,10
E5600841,P010,936,1900,5,10
E5600841,P010,922,1900,17,10
E5600841,PC23,923,1900,83,10
E5600841,PC23,936,1900,7,10
E5600841,PC23,922,1900,30,10
E5600841,PC83,923,1900,54,10
E5600841,PC83,936,1900,7,10
E5600841,PC83,922,1900,23,10
E5600841,PPB1,923,1900,9,10
E5600841,PPB1,936,1900,8,10
E5600841,PPB1,922,1900,23,10
E5600841,PPC1,923,1900,14,10
E5600841,PPC1,936,1900,3,10
E5600841,PPC1,922,1900,18,10
E5600841,PR54,923,1900,92,10
E5600841,PR54,936,1900,8,10
E5600841,PR54,922,1900,27,10
E5600841,PR61,923,1900,70,10
E5600841,PR61,936,1900,3,10
E5600841,PR61,922,1900,39,10
E5600841,PR62,923,1900,54,10
E5600841,PR62,936,1900,4,10
E5600841,PR62,922,1900,17,10
E5600841,PS11,923,1900,33,10
E5600841,PS11,936,1900,11,10
E5600841,PS11,922,1900,68,10
E5600841,PS31,923,1900,124,10
E5600841,PS31,936,1900,12,10
E5600841,PS31,922,1900,91,10
E5600841,PS51,923,1900,37,10
E5600841,PS51,936,1900,13,10
E5600841,PS51,922,1900,17,10
E5600841,PS71,923,1900,0,00
E5600841,PS71,936,1900,0,00
E5600841,PS71,922,1900,0,00
E5600896,P004,911,1900,0,00
E5600896,P005,911,1900,0,00
E5600896,P007,911,1900,5,10
E5600896,P008,911,1900,7,10
E5400878,P010,911,1900,1,10
S2300429,P701,911,1912,0,00
S2300429,PF01,911,1912,9,10
E5600850,PC01,911,1912,0,00
S1901066,P004,911,1912,5,10
E5600056,P004,922,1915,0,00
E5600056,P004,923,1915,0,00
E5600056,P004,924,1915,0,00
E5600056,P004,936,1915,0,00
E5600056,P006,922,1915,0,00
E5600056,P006,923,1915,0,00
E5600056,P006,924,1915,0,00
E5600056,P006,936,1915,0,00
E5600056,P007,922,1915,0,00
E5600056,P007,923,1915,0,00
E5600056,P007,924,1915,0,00
E5600056,P007,936,1915,0,00
E5600056,P008,922,1915,12,10
E5600056,P008,923,1915,51,10
E5600056,P008,924,1915,397,10
E5600056,P008,936,1915,5,10
E5600056,P016,922,1915,0,10
E5600056,P016,923,1915,26,10
E5600056,P016,936,1915,12,10
E5600056,P017,922,1915,2,10
E5600056,P017,923,1915,22,10
E5600056,P017,924,1915,1,10
E5600056,P017,936,1915,3,10
E5600056,P018,922,1915,0,10
E5600056,P018,923,1915,16,10
E5600056,P018,924,1915,0,10
E5600056,P018,936,1915,4,10
E5600056,P021,922,1915,0,10
E5600056,P021,923,1915,49,10
E5600056,P021,924,1915,0,10
E5600056,P021,936,1915,3,10
E5600056,P024,922,1915,3,10
E5600056,P024,923,1915,34,10
E5600056,P024,924,1915,2,10
E5600056,P024,936,1915,6,10
E5600056,P034,922,1915,7,10
E5600056,P034,923,1915,48,10
E5600056,P034,936,1915,1,10
E5600789,P001,911,1912,0,00
E5600056,P004,911,1918,0,00
E5600056,P006,911,1918,3,10
E5600056,P007,911,1918,0,00
E5600056,P008,911,1918,5,10
E5600056,P009,911,1918,2,10
E5600056,P016,911,1918,4,10
E5600056,P017,911,1918,1,10
E5600056,P018,911,1918,2,10
E5600056,P021,911,1918,2,10
E5600056,P022,911,1918,2,10
E5600056,P023,911,1918,1,10
E5600056,P024,911,1918,4,10
E5600869,P001,911,1912,4,10
S1900710,P070,911,1918,6,10
S1900710,P015,911,1918,0,00
S1900710,P050,911,1918,15,10
S1900710,P056,911,1918,6,10
S1900710,P060,911,1918,5,10
S1900685,P002,911,1912,13,10
S1900685,P421,911,1912,13,10
S1900685,P411,911,1912,4,10
S2202553,P001,911,1912,1,10
S2202553,P002,911,1912,1,10
S2202553,P003,911,1912,1,10
S2201109,P711,911,1800,15,10
S2201109,P731,911,1800,18,10
S2201109,P741,911,1800,27,11
S2201109,P751,911,1800,19,10
S2201109,P711,923,1800,24,10
S2201109,P711,936,1800,6,10
S2201109,P711,922,1800,2,10
S2201109,P731,923,1800,46,10
S2201109,P731,936,1800,7,10
S2201109,P731,922,1800,13,10
S2201109,P741,923,1800,50,10
S2201109,P741,936,1800,5,10
S2201109,P741,922,1800,24,10
S2201109,P751,923,1800,51,10
S2201109,P751,936,1800,6,10
S2201109,P751,922,1800,11,10
S2201109,P711,248,1800,7517,10
S2201109,P711,223,1800,23,10
S2201109,P711,236,1800,6,10
S2201109,P711,222,1800,2,10
S2201109,P711,259,1800,54,10
S2201109,P731,248,1800,4170,10
S2201109,P731,223,1800,46,10
S2201109,P731,236,1800,7,10
S2201109,P731,222,1800,14,10
S2201109,P731,259,1800,53,10
S2201109,P741,248,1800,5456,10
S2201109,P741,223,1800,48,10
S2201109,P741,236,1800,5,10
S2201109,P741,222,1800,24,10
S2201109,P741,259,1800,53,10
S2201109,P751,248,1800,5084,10
S2201109,P751,223,1800,51,10
S2201109,P751,236,1800,6,10
S2201109,P751,222,1800,11,10
S2201109,P751,259,1800,50,10
S2201109,P711,911,1912,15,10
S2201109,P731,911,1912,18,10
S2201109,P741,911,1912,17,10
S2201109,P751,911,1912,20,11
S2300401,P011,911,1912,9,10
E4900333,P001,922,1900,1,10
E4900333,P002,922,1900,0,00
E4900333,P003,922,1900,0,32
E4900333,P103,922,1900,0,32
E4900333,P021,922,1900,0,10
E4900333,P105,922,1900,55,10
E4900333,P001,923,1900,82,10
E4900333,P002,923,1900,0,00
E4900333,P003,923,1900,0,32
E4900333,P103,923,1900,0,32
E4900333,P021,923,1900,39,10
E4900333,P105,923,1900,79,10
E4900333,P001,936,1900,13,10
E4900333,P002,936,1900,0,00
E4900333,P003,936,1900,0,32
E4900333,P103,936,1900,0,32
E4900333,P021,936,1900,8,10
E4900333,P105,936,1900,10,10
E5600841,P001,911,1912,5,10
E5600841,P002,911,1912,5,10
E5600841,P003,911,1912,9,10
E5600841,P004,911,1912,6,10
E5600841,P005,911,1912,9,10
E5600841,P006,911,1912,11,10
E5600841,P007,911,1912,13,10
E5600841,P008,911,1912,8,10
E5600841,P009,911,1912,9,10
E5600841,P010,911,1912,6,10
E5600841,PC23,911,1912,9,10
E5600841,PC83,911,1912,14,10
E5600841,PPB1,911,1912,8,10
E5600841,PPC1,911,1912,5,10
E5600841,PR54,911,1912,3,10
E5600841,PR61,911,1912,7,10
E5600841,PR62,911,1912,4,10
E5600841,PS11,911,1912,12,10
E5600841,PS12,911,1912,8,10
E5600841,PS31,911,1912,7,10
E5600841,PS32,911,1912,4,10
E5600841,PS51,911,1912,15,10
E5600841,PS52,911,1912,9,10
E5600841,PS71,911,1912,0,00
E5600841,PS72,911,1912,0,00
E4900333,P001,911,1912,9,10
E4900333,P002,911,1912,0,00
E4900333,P003,911,1912,0,32
E4900333,P103,911,1912,0,32
E4900333,P021,911,1912,7,10
E4900333,P105,911,1912,15,10
E4900744,P001,911,1918,0,00
E4900744,P002,911,1918,0,00
E4900744,P023,911,1918,0,00
S2300438,P001,911,1918,5,10
S1602755,P101,911,1918,5,10
S1602755,P201,911,1918,5,10
S1602755,P301,911,1918,6,10
E5600332,P001,911,1918,0,00
E5600332,P002,911,1918,0,00
E5600332,P003,911,1918,0,00
E5601197,P002,911,1918,3,10
E5601197,P003,911,1918,2,10
E5600896,P004,911,1906,0,00
E5600896,P005,911,1906,0,00
E5600896,P007,911,1906,5,10
E5600896,P008,911,1906,7,10
E5400878,P010,911,1906,1,10
S2300429,P701,911,1918,0,00
S2300429,PF01,911,1918,10,10
E5600850,PC01,911,1918,0,00
S1901066,P004,911,1918,6,10
E5600789,P001,911,1918,0,00
E5600056,P004,911,1924,0,00
E5600056,P006,911,1924,3,10
E5600056,P007,911,1924,0,00
E5600056,P008,911,1924,6,10
E5600056,P009,911,1924,2,10
E5600056,P016,911,1924,4,10
E5600056,P017,911,1924,2,10
E5600056,P018,911,1924,3,10
E5600056,P021,911,1924,2,10
E5600056,P022,911,1924,2,10
E5600056,P023,911,1924,1,10
E5600056,P024,911,1924,4,10
E5600869,P001,911,1918,4,10
S1900710,P015,911,1924,0,00
S1900710,P050,911,1924,14,10
S1900710,P056,911,1924,7,10
S1900710,P060,911,1924,7,10
S1900710,P070,911,1924,6,10
S1900685,P002,911,1918,13,10
S1900685,P421,911,1918,15,10
S1900685,P411,911,1918,4,10
S2202553,P001,911,1918,1,10
S2202553,P002,911,1918,1,10
S2202553,P003,911,1918,1,10
S2201109,P711,911,1918,15,10
S2201109,P731,911,1918,19,10
S2201109,P741,911,1918,16,10
S2201109,P751,911,1918,17,10
S2300401,P011,911,1918,9,10
E4900744,P001,911,1924,0,00
E4900744,P002,911,1924,0,00
E4900744,P023,911,1924,0,00
E4900744,P001,923,1915,0,00
E4900744,P023,923,1915,0,00
E4900744,P001,936,1915,0,00
E4900744,P023,936,1915,0,00
E5600841,P001,911,1918,5,10
E5600841,P002,911,1918,5,10
E5600841,P003,911,1918,9,10
E5600841,P004,911,1918,6,10
E5600841,P005,911,1918,9,10
E5600841,P006,911,1918,11,10
E5600841,P007,911,1918,13,10
E5600841,P008,911,1918,8,10
E5600841,P009,911,1918,9,10
E5600841,P010,911,1918,6,10
E5600841,PC23,911,1918,9,10
E5600841,PC83,911,1918,14,10
E5600841,PPB1,911,1918,8,10
E5600841,PPC1,911,1918,5,10
E5600841,PR54,911,1918,3,10
E5600841,PR61,911,1918,7,10
E5600841,PR62,911,1918,4,10
E5600841,PS11,911,1918,12,10
E5600841,PS12,911,1918,7,10
E5600841,PS31,911,1918,7,10
E5600841,PS32,911,1918,4,10
E5600841,PS51,911,1918,15,10
E5600841,PS52,911,1918,9,10
E5600841,PS71,911,1918,0,00
E5600841,PS72,911,1918,0,00
E5600896,P004,922,1900,0,00
E5600896,P004,923,1900,0,00
E5600896,P004,936,1900,0,00
E5600896,P005,922,1900,0,00
E5600896,P005,923,1900,0,00
E5600896,P005,936,1900,0,00
E5600896,P007,922,1900,0,10
E5600896,P007,923,1900,70,10
E5600896,P007,936,1900,5,10
E5600896,P008,922,1900,0,10
E5600896,P008,923,1900,64,10
E5600896,P008,936,1900,2,10
E5400878,P001,923,1900,23,10
E5400878,P001,936,1900,15,10
E5400878,P002,923,1900,20,10
E5400878,P002,936,1900,15,10
E5400878,P003,923,1900,17,10
E5400878,P003,936,1900,15,10
E5400878,P010,923,1900,17,10
E5400878,P010,936,1900,13,10
E4900333,P001,911,1918,9,10
E4900333,P002,911,1918,0,00
E4900333,P003,911,1918,0,32
E4900333,P103,911,1918,0,32
E4900333,P021,911,1918,7,10
E4900333,P105,911,1918,22,11
S2300438,P001,922,1915,0,10
S2300438,P001,923,1915,33,10
S2300438,P001,936,1915,5,10
S2300438,P001,911,1924,5,10
S1602755,P101,911,1924,5,10
S1602755,P201,911,1924,5,10
S1602755,P301,911,1924,6,10
S1602755,P101,922,1915,2,10
S1602755,P201,922,1915,2,10
S1602755,P301,922,1915,3,10
S1602755,P101,923,1915,62,10
S1602755,P201,923,1915,59,10
S1602755,P301,923,1915,58,10
S1602755,P101,924,1915,3,10
S1602755,P201,924,1915,23,10
S1602755,P301,924,1915,6,10
S1602755,P101,926,1915,7,10
S1602755,P201,926,1915,7,10
S1602755,P301,926,1915,11,10
S1602755,P101,936,1915,10,10
S1602755,P201,936,1915,8,10
S1602755,P301,936,1915,9,10
E5600332,P001,911,1924,0,00
E5600332,P002,911,1924,0,00
E5600332,P003,911,1924,0,00
E5601197,P002,911,1924,3,10
E5601197,P003,911,1924,3,10
S2300429,P701,922,1915,0,00
S2300429,P701,923,1915,0,00
S2300429,P701,936,1915,0,00
S2300429,PF01,922,1915,29,10
S2300429,PF01,923,1915,38,10
S2300429,PF01,936,1915,6,10
E5600850,PC01,923,1915,0,00
E5600850,PC01,924,1915,0,00
E5600850,PC01,936,1915,0,00
E5600850,PC01,926,1915,0,00
S1901066,P004,922,1915,228,10
S1901066,P004,923,1915,182,10
S1901066,P004,924,1915,0,10
S1901066,P004,936,1915,5,10
S1901066,P004,937,1915,11,10
E5600896,P004,911,1912,0,00
E5600896,P005,911,1912,0,00
E5600896,P007,911,1912,5,10
E5600896,P008,911,1912,7,10
E5400878,P010,911,1912,2,10
S2300429,P701,911,1924,0,00
S2300429,PF01,911,1924,10,10
E5600850,PC01,911,1924,0,00
S1901066,P004,911,1924,6,10
E5600789,P001,911,1924,0,00
E5600056,P004,911,1930,0,00
E5600056,P006,911,1930,3,10
E5600056,P007,911,1930,0,00
E5600056,P008,911,1930,6,10
E5600056,P009,911,1930,3,10
E5600056,P016,911,1930,4,10
E5600056,P017,911,1930,2,10
E5600056,P018,911,1930,3,10
E5600056,P021,911,1930,2,10
E5600056,P022,911,1930,5,10
E5600056,P023,911,1930,1,10
E5600056,P024,911,1930,4,10
E5600056,P004,922,1930,0,00
E5600056,P004,923,1930,0,00
E5600056,P004,924,1930,0,00
E5600056,P004,936,1930,0,00
E5600056,P006,922,1930,9,10
E5600056,P006,923,1930,58,10
E5600056,P006,924,1930,0,10
E5600056,P006,936,1930,4,10
E5600056,P007,922,1930,0,00
E5600056,P007,923,1930,0,00
E5600056,P007,924,1930,0,00
E5600056,P007,936,1930,0,00
E5600056,P008,922,1930,11,10
E5600056,P008,923,1930,52,10
E5600056,P008,924,1930,419,10
E5600056,P008,936,1930,5,10
E5600056,P016,922,1930,0,10
E5600056,P016,923,1930,25,10
E5600056,P016,936,1930,12,10
E5600056,P017,922,1930,2,10
E5600056,P017,923,1930,21,10
E5600056,P017,924,1930,0,10
E5600056,P017,936,1930,3,10
E5600056,P018,922,1930,1,10
E5600056,P018,923,1930,17,10
E5600056,P018,936,1930,4,10
E5600056,P021,922,1930,0,10
E5600056,P021,923,1930,51,10
E5600056,P021,936,1930,4,10
E5600056,P024,922,1930,3,10
E5600056,P024,923,1930,34,10
E5600056,P024,924,1930,2,10
E5600056,P024,936,1930,6,10
E5600056,P034,923,1930,43,10
E5600056,P034,936,1930,1,10
E5600869,P001,911,1924,4,10
E5600869,P001,922,1915,121,10
E5600869,P001,923,1915,123,10
E5600869,P001,936,1915,7,10
S1900710,P015,911,1930,0,00
S1900710,P050,911,1930,14,10
S1900710,P056,911,1930,8,10
S1900710,P060,911,1930,4,10
S1900710,P070,911,1930,6,10
S1900710,P015,923,1930,0,00
S1900710,P015,936,1930,0,00
S1900710,P015,922,1930,0,00
S1900710,P050,923,1930,105,10
S1900710,P050,936,1930,5,10
S1900710,P050,922,1930,70,10
S1900710,P056,923,1930,36,10
S1900710,P056,936,1930,3,10
S1900710,P056,922,1930,22,10
S1900710,P060,923,1930,24,10
S1900710,P060,936,1930,5,10
S1900710,P060,922,1930,25,10
S1900710,P070,923,1930,19,10
S1900710,P070,936,1930,8,10
S1900710,P070,922,1930,17,10
S1900685,P002,911,1924,13,10
S1900685,P421,911,1924,12,10
S1900685,P421,922,1915,17,10
S1900685,P421,923,1915,73,10
S1900685,P421,936,1915,6,10
S1900685,P411,911,1924,4,10
S1900685,P411,922,1915,27,10
S1900685,P411,923,1915,72,10
S1900685,P411,936,1915,12,10
S2201109,P711,923,1915,24,10
S2201109,P711,936,1915,6,10
S2201109,P711,922,1915,2,10
S2201109,P731,923,1915,47,10
S2201109,P731,936,1915,7,10
S2201109,P731,922,1915,13,10
S2201109,P741,923,1915,49,10
S2201109,P741,936,1915,5,10
S2201109,P741,922,1915,23,10
S2201109,P751,923,1915,52,10
S2201109,P751,936,1915,6,10
S2201109,P751,922,1915,11,10
S2300401,P011,923,1915,58,10
S2300401,P011,936,1915,6,10
S2300401,P011,922,1915,42,10
S2300401,P011,911,1924,9,10
S2202553,P001,911,1924,1,10
S2202553,P002,911,1924,1,10
S2202553,P003,911,1924,1,10
S2202553,P001,922,1915,16,10
S2202553,P002,922,1915,11,10
S2202553,P003,922,1915,6,10
S2202553,P001,923,1915,91,10
S2202553,P002,923,1915,81,10
S2202553,P003,923,1915,78,10
S2202553,P001,924,1915,7,10
S2202553,P002,924,1915,3,10
S2202553,P003,924,1915,5,10
S2202553,P001,926,1915,26,10
S2202553,P002,926,1915,13,10
S2202553,P003,926,1915,18,10
S2202553,P001,936,1915,11,10
S2202553,P002,936,1915,11,10
S2202553,P003,936,1915,9,10
S2201109,P711,911,1924,15,10
S2201109,P731,911,1924,18,10
S2201109,P741,911,1924,16,10
S2201109,P751,911,1924,16,10
E4900744,P001,911,1930,0,00
E4900744,P002,911,1930,0,00
E4900744,P023,911,1930,0,00
E5600841,P001,923,1915,14,10
E5600841,P001,936,1915,5,10
E5600841,P001,911,1924,5,10
E5600841,P001,922,1915,26,10
E5600841,P002,923,1915,20,10
E5600841,P002,936,1915,5,10
E5600841,P002,911,1924,5,10
E5600841,P002,922,1915,18,10
E5600841,P003,923,1915,11,10
E5600841,P003,936,1915,6,10
E5600841,P003,911,1924,9,10
E5600841,P003,922,1915,23,10
E5600841,P004,923,1915,24,10
E5600841,P004,936,1915,4,10
E5600841,P004,911,1924,6,10
E5600841,P004,922,1915,21,10
E5600841,P005,923,1915,17,10
E5600841,P005,936,1915,4,10
E5600841,P005,911,1924,9,10
E5600841,P005,922,1915,20,10
E5600841,P006,923,1915,42,10
E5600841,P006,936,1915,5,10
E5600841,P006,911,1924,11,10
E5600841,P006,922,1915,78,10
E5600841,P007,923,1915,50,10
E5600841,P007,936,1915,6,10
E5600841,P007,911,1924,13,10
E5600841,P007,922,1915,75,10
E5600841,P008,923,1915,47,10
E5600841,P008,936,1915,9,10
E5600841,P008,911,1924,8,10
E5600841,P008,922,1915,6,10
E5600841,P009,923,1915,10,10
E5600841,P009,936,1915,5,10
E5600841,P009,911,1924,9,10
E5600841,P009,922,1915,25,10
E5600841,P010,923,1915,10,10
E5600841,P010,936,1915,5,10
E5600841,P010,911,1924,6,10
E5600841,P010,922,1915,17,10
E5600841,PC23,923,1915,51,10
E5600841,PC23,936,1915,7,10
E5600841,PC23,911,1924,9,10
E5600841,PC23,922,1915,25,10
E5600841,PC83,923,1915,57,10
E5600841,PC83,936,1915,7,10
E5600841,PC83,911,1924,15,10
E5600841,PC83,922,1915,23,10
E5600841,PPB1,923,1915,9,10
E5600841,PPB1,936,1915,8,10
E5600841,PPB1,911,1924,8,10
E5600841,PPB1,922,1915,23,10
E5600841,PPC1,923,1915,12,10
E5600841,PPC1,936,1915,3,10
E5600841,PPC1,911,1924,5,10
E5600841,PPC1,922,1915,18,10
E5600841,PR54,923,1915,79,10
E5600841,PR54,936,1915,7,10
E5600841,PR54,911,1924,3,10
E5600841,PR54,922,1915,28,10
E5600841,PR61,923,1915,74,10
E5600841,PR61,936,1915,3,10
E5600841,PR61,911,1924,7,10
E5600841,PR61,922,1915,39,10
E5600841,PR62,923,1915,52,10
E5600841,PR62,936,1915,4,10
E5600841,PR62,911,1924,5,10
E5600841,PR62,922,1915,16,10
E5600841,PS11,923,1915,31,10
E5600841,PS11,936,1915,11,10
E5600841,PS11,911,1924,12,10
E5600841,PS11,922,1915,68,10
E5600841,PS12,911,1924,7,10
E5600841,PS31,923,1915,128,10
E5600841,PS31,936,1915,12,10
E5600841,PS31,911,1924,7,10
E5600841,PS31,922,1915,87,10
E5600841,PS32,911,1924,4,10
E5600841,PS51,923,1915,41,10
E5600841,PS51,936,1915,12,10
E5600841,PS51,911,1924,14,10
E5600841,PS51,922,1915,12,10
E5600841,PS52,911,1924,11,10
E5600841,PS71,923,1915,0,00
E5600841,PS71,936,1915,0,00
E5600841,PS71,911,1924,0,00
E5600841,PS71,922,1915,0,00
E5600841,PS72,911,1924,0,00
E4900333,P001,911,1924,9,10
E4900333,P002,911,1924,0,00
E4900333,P003,911,1924,0,32
E4900333,P103,911,1924,0,32
E4900333,P021,911,1924,6,10
E4900333,P105,911,1924,16,10
E4900333,P001,922,1915,1,10
E4900333,P002,922,1915,0,00
E4900333,P003,922,1915,0,32
E4900333,P103,922,1915,0,32
E4900333,P021,922,1915,0,10
E4900333,P105,922,1915,54,10
E4900333,P001,923,1915,82,10
E4900333,P002,923,1915,0,00
E4900333,P003,923,1915,0,32
E4900333,P103,923,1915,0,32
E4900333,P021,923,1915,40,10
E4900333,P105,923,1915,76,10
E4900333,P001,936,1915,13,10
E4900333,P002,936,1915,0,00
E4900333,P003,936,1915,0,32
E4900333,P103,936,1915,0,32
E4900333,P021,936,1915,8,10
E4900333,P105,936,1915,10,10
S2300438,P001,911,1930,5,10
S1602755,P101,911,1930,5,10
S1602755,P201,911,1930,5,10
S1602755,P301,911,1930,6,10
E5600332,P001,911,1930,0,00
E5600332,P002,911,1930,0,00
E5600332,P003,911,1930,0,00
E5601197,P002,911,1930,3,10
E5601197,P003,911,1930,3,10
E5600896,P004,911,1918,0,00
E5600896,P005,911,1918,0,00
E5600896,P007,911,1918,5,10
E5600896,P008,911,1918,7,10
E5400878,P010,911,1918,2,10
E5600850,PC01,911,1930,0,00
S1901066,P004,911,1930,6,10
E5600789,P001,911,1930,0,00
E5600869,P001,911,1930,4,10
S1900710,P015,911,1936,0,00
S1900710,P050,911,1936,6,10
S1900710,P056,911,1936,5,10
S1900710,P060,911,1936,5,10
S1900710,P070,911,1936,6,10
S1900685,P002,911,1930,14,10
S1900685,P421,911,1930,11,10
S1900685,P411,911,1930,15,10
E5600056,P004,911,1936,0,00
E5600056,P006,911,1936,3,10
E5600056,P007,911,1936,0,00
E5600056,P008,911,1936,6,10
E5600056,P009,911,1936,3,10
E5600056,P016,911,1936,4,10
E5600056,P017,911,1936,2,10
E5600056,P018,911,1936,3,10
E5600056,P021,911,1936,2,10
E5600056,P022,911,1936,6,10
E5600056,P023,911,1936,1,10
E5600056,P024,911,1936,4,10
S2202553,P001,911,1930,1,10
S2202553,P002,911,1930,1,10
S2202553,P003,911,1930,1,10
E4900744,P001,911,1936,0,00
E4900744,P002,911,1936,0,00
E4900744,P023,911,1936,0,00
E5600841,P001,911,1930,5,10
E5600841,P002,911,1930,5,10
E5600841,P003,911,1930,9,10
E5600841,P004,911,1930,6,10
E5600841,P005,911,1930,9,10
E5600841,P006,911,1930,11,10
E5600841,P007,911,1930,13,10
E5600841,P008,911,1930,7,10
E5600841,P009,911,1930,9,10
E5600841,P010,911,1930,6,10
E5600841,PC23,911,1930,9,10
E5600841,PC83,911,1930,14,10
E5600841,PPB1,911,1930,8,10
E5600841,PPC1,911,1930,5,10
E5600841,PR54,911,1930,3,10
E5600841,PR61,911,1930,7,10
E5600841,PR62,911,1930,5,10
E5600841,PS11,911,1930,11,10
E5600841,PS12,911,1930,8,10
E5600841,PS31,911,1930,7,10
E5600841,PS32,911,1930,4,10
E5600841,PS51,911,1930,0,00
E5600841,PS52,911,1930,0,00
E5600841,PS71,911,1930,0,00
E5600841,PS72,911,1930,0,00
E4900333,P001,911,1930,9,10
E4900333,P002,911,1930,0,00
E4900333,P003,911,1930,0,32
E4900333,P103,911,1930,0,32
E4900333,P021,911,1930,6,10
E4900333,P105,911,1930,12,10
S2300438,P001,911,1936,5,10
S1602755,P101,911,1936,5,10
S1602755,P201,911,1936,5,10
S1602755,P301,911,1936,6,10
E5600332,P001,911,1936,0,00
E5600332,P002,911,1936,0,00
E5600332,P003,911,1936,0,00
E5601197,P002,911,1936,3,10
E5601197,P003,911,1936,3,10
E4900744,P001,923,1930,0,00
E4900744,P023,923,1930,0,00
E4900744,P001,936,1930,0,00
E4900744,P023,936,1930,0,00
E5600896,P004,922,1915,0,00
E5600896,P004,923,1915,0,00
E5600896,P004,936,1915,0,00
E5600896,P005,922,1915,0,00
E5600896,P005,923,1915,0,00
E5600896,P005,936,1915,0,00
E5600896,P007,922,1915,0,10
E5600896,P007,923,1915,70,10
E5600896,P007,936,1915,5,10
E5600896,P008,922,1915,0,10
E5600896,P008,923,1915,63,10
E5600896,P008,936,1915,2,10
E5600896,P004,911,1924,0,00
E5600896,P005,911,1924,0,00
E5600896,P007,911,1924,5,10
E5600896,P008,911,1924,7,10
E5400878,P001,923,1915,22,10
E5400878,P001,936,1915,15,10
E5400878,P002,923,1915,19,10
E5400878,P002,936,1915,14,10
E5400878,P003,923,1915,17,10
E5400878,P003,936,1915,15,10
E5400878,P010,923,1915,17,10
E5400878,P010,936,1915,13,10
E5400878,P010,911,1924,2,10
S2300401,P011,911,1936,9,10
S2300429,P701,911,1936,0,00
S2300429,PF01,911,1936,9,10
E5600850,PC01,911,1936,0,00
S1901066,P004,911,1936,8,10
E5600789,P001,911,1936,0,00
E5600869,P001,911,1936,4,10
S1900685,P002,911,1936,13,10
S1900685,P421,911,1936,11,10
S1900685,P411,911,1936,10,10
E5600056,P004,911,1942,0,00
E5600056,P006,911,1942,3,10
E5600056,P007,911,1942,0,00
E5600056,P008,911,1942,5,10
E5600056,P009,911,1942,3,10
E5600056,P016,911,1942,4,10
E5600056,P017,911,1942,2,10
E5600056,P018,911,1942,3,10
E5600056,P021,911,1942,2,10
E5600056,P022,911,1942,6,10
E5600056,P023,911,1942,1,10
E5600056,P024,911,1942,4,10
S1900710,P015,911,1942,0,00
S1900710,P050,911,1942,6,10
S1900710,P056,911,1942,5,10
S1900710,P060,911,1942,4,10
S1900710,P070,911,1942,6,10
S2202553,P001,911,1936,1,10
S2202553,P002,911,1936,1,10
S2202553,P003,911,1936,1,10
S1602755,P101,922,1930,2,10
S1602755,P201,922,1930,2,10
S1602755,P301,922,1930,2,10
S1602755,P101,923,1930,90,10
S1602755,P201,923,1930,71,10
S1602755,P301,923,1930,65,10
S1602755,P101,924,1930,3,10
S1602755,P201,924,1930,3,10
S1602755,P301,924,1930,5,10
S1602755,P101,926,1930,7,10
S1602755,P201,926,1930,8,10
S1602755,P301,926,1930,13,10
S1602755,P101,936,1930,10,10
S1602755,P201,936,1930,9,10
S1602755,P301,936,1930,10,10
E5600850,PC01,923,1930,0,00
E5600850,PC01,924,1930,0,00
E5600850,PC01,936,1930,0,00
E5600850,PC01,926,1930,0,00
S2300438,P001,922,1930,0,10
S2300438,P001,923,1930,32,10
S2300438,P001,936,1930,5,10
S1901066,P004,922,1930,230,10
S1901066,P004,923,1930,179,10
S1901066,P004,924,1930,1,10
S1901066,P004,936,1930,4,10
S1901066,P004,937,1930,11,10
S2201109,P711,911,1936,15,10
S2201109,P731,911,1936,18,10
S2201109,P741,911,1936,16,10
S2201109,P751,911,1936,16,10
E4900744,P001,911,1942,0,00
E4900744,P002,911,1942,0,00
E4900744,P023,911,1942,0,00
E5600841,P001,911,1936,6,10
E5600841,P002,911,1936,6,10
E5600841,P003,911,1936,9,10
E5600841,P004,911,1936,7,10
E5600841,P005,911,1936,9,10
E5600841,P006,911,1936,11,10
E5600841,P007,911,1936,13,10
E5600841,P008,911,1936,7,10
E5600841,P009,911,1936,9,10
E5600841,P010,911,1936,6,10
E5600841,PC23,911,1936,9,10
E5600841,PC83,911,1936,14,10
E5600841,PPB1,911,1936,8,10
E5600841,PPC1,911,1936,5,10
E5600841,PR54,911,1936,3,10
E5600841,PR61,911,1936,7,10
E5600841,PR62,911,1936,4,10
E5600841,PS11,911,1936,12,10
E5600841,PS12,911,1936,9,10
E5600841,PS31,911,1936,7,10
E5600841,PS32,911,1936,4,10
E5600841,PS51,911,1936,0,00
E5600841,PS52,911,1936,0,00
E5600841,PS71,911,1936,0,00
E5600841,PS72,911,1936,0,00
E5600869,P001,922,1930,124,10
E5600869,P001,923,1930,125,10
E5600869,P001,936,1930,7,10
S1900710,P070,923,1945,16,10
S1900710,P070,936,1945,8,10
S1900710,P070,922,1945,17,10
S1900710,P015,923,1945,0,00
S1900710,P015,936,1945,0,00
S1900710,P015,922,1945,0,00
S1900710,P050,923,1945,106,10
S1900710,P050,936,1945,6,10
S1900710,P050,922,1945,69,10
S1900710,P056,923,1945,39,10
S1900710,P056,936,1945,4,10
S1900710,P056,922,1945,21,10
S1900710,P060,923,1945,23,10
S1900710,P060,936,1945,5,10
S1900710,P060,922,1945,25,10
S1900685,P421,922,1930,16,10
S1900685,P421,923,1930,68,10
S1900685,P421,936,1930,6,10
S1900685,P411,922,1930,25,10
S1900685,P411,923,1930,68,10
S1900685,P411,936,1930,12,10
S2202553,P001,922,1930,10,10
S2202553,P002,922,1930,15,10
S2202553,P003,922,1930,5,10
S2202553,P001,923,1930,85,10
S2202553,P002,923,1930,82,10
S2202553,P003,923,1930,83,10
S2202553,P001,924,1930,5,10
S2202553,P002,924,1930,6,10
S2202553,P003,924,1930,6,10
S2202553,P001,926,1930,22,10
S2202553,P002,926,1930,17,10
S2202553,P003,926,1930,16,10
S2202553,P001,936,1930,11,10
S2202553,P002,936,1930,10,10
S2202553,P003,936,1930,8,10
S2300401,P011,911,1930,9,10
S2300401,P011,923,1930,54,10
S2300401,P011,936,1930,6,10
S2300401,P011,922,1930,41,10
S2300429,P701,911,1930,0,00
S2300429,P701,922,1930,0,00
S2300429,P701,923,1930,0,00
S2300429,P701,936,1930,0,00
S2300429,PF01,911,1930,10,10
S2300429,PF01,922,1930,30,10
S2300429,PF01,923,1930,42,10
S2300429,PF01,936,1930,6,10
E4900333,P001,911,1936,9,10
E4900333,P002,911,1936,0,00
E4900333,P003,911,1936,0,32
E4900333,P103,911,1936,0,32
E4900333,P021,911,1936,6,10
E4900333,P105,911,1936,11,10
S2300438,P001,911,1942,5,10
S1601990,P001,911,1942,4,10
S1601990,P004,911,1942,3,10
S1601990,P049,911,1942,2,10
S1602755,P101,911,1942,5,10
S1602755,P201,911,1942,5,10
S1602755,P301,911,1942,6,10
E5601197,P002,911,1942,3,10
E5601197,P003,911,1942,3,10
E5600841,P001,923,1930,14,10
E5600841,P001,936,1930,4,10
E5600841,P001,922,1930,24,10
E5600841,P002,923,1930,20,10
E5600841,P002,936,1930,4,10
E5600841,P002,922,1930,17,10
E5600841,P003,923,1930,11,10
E5600841,P003,936,1930,5,10
E5600841,P003,922,1930,22,10
E5600841,P004,923,1930,20,10
E5600841,P004,936,1930,4,10
E5600841,P004,922,1930,19,10
E5600841,P005,923,1930,16,10
E5600841,P005,936,1930,4,10
E5600841,P005,922,1930,18,10
E5600841,P006,923,1930,39,10
E5600841,P006,936,1930,5,10
E5600841,P006,922,1930,77,10
E5600841,P007,923,1930,42,10
E5600841,P007,936,1930,6,10
E5600841,P007,922,1930,75,10
E5600841,P008,923,1930,46,10
E5600841,P008,936,1930,9,10
E5600841,P008,922,1930,6,10
E5600841,P009,923,1930,10,10
E5600841,P009,936,1930,5,10
E5600841,P009,922,1930,24,10
E5600841,P010,923,1930,10,10
E5600841,P010,936,1930,5,10
E5600841,P010,922,1930,17,10
E5600841,PC23,923,1930,66,10
E5600841,PC23,936,1930,7,10
E5600841,PC23,922,1930,26,10
E5600841,PC83,923,1930,56,10
E5600841,PC83,936,1930,7,10
E5600841,PC83,922,1930,23,10
E5600841,PPB1,923,1930,9,10
E5600841,PPB1,936,1930,8,10
E5600841,PPB1,922,1930,23,10
E5600841,PPC1,923,1930,13,10
E5600841,PPC1,936,1930,3,10
E5600841,PPC1,922,1930,17,10
E5600841,PR54,923,1930,66,10
E5600841,PR54,936,1930,7,10
E5600841,PR54,922,1930,31,10
E5600841,PR61,923,1930,81,10
E5600841,PR61,936,1930,3,10
E5600841,PR61,922,1930,41,10
E5600841,PR62,923,1930,52,10
E5600841,PR62,936,1930,4,10
E5600841,PR62,922,1930,16,10
E5600841,PS11,923,1930,31,10
E5600841,PS11,936,1930,11,10
E5600841,PS11,922,1930,70,10
E5600841,PS31,923,1930,131,10
E5600841,PS31,936,1930,12,10
E5600841,PS31,922,1930,86,10
E5600841,PS51,923,1930,0,00
E5600841,PS51,936,1930,0,00
E5600841,PS51,922,1930,0,00
E5600841,PS71,923,1930,0,00
E5600841,PS71,936,1930,0,00
E5600841,PS71,922,1930,0,00
E5600896,P004,911,1930,0,00
E5600896,P005,911,1930,0,00
E5600896,P007,911,1930,5,10
E5600896,P008,911,1930,7,10
E5400878,P010,911,1930,2,10
S2300401,P011,911,1942,9,10
S2300429,P701,911,1942,0,00
S2300429,PF01,911,1942,9,10
E5600332,P001,911,1942,0,00
E5600332,P002,911,1942,0,00
E5600332,P003,911,1942,0,00
E5600850,PC01,911,1942,0,00
S1901066,P004,911,1942,6,10
E4900333,P001,922,1930,1,10
E4900333,P002,922,1930,0,00
E4900333,P003,922,1930,0,32
E4900333,P103,922,1930,0,32
E4900333,P021,922,1930,0,10
E4900333,P105,922,1930,55,10
E4900333,P001,923,1930,84,10
E4900333,P002,923,1930,0,00
E4900333,P003,923,1930,0,32
E4900333,P103,923,1930,0,32
E4900333,P021,923,1930,43,10
E4900333,P105,923,1930,80,10
E4900333,P001,936,1930,13,10
E4900333,P002,936,1930,0,00
E4900333,P003,936,1930,0,32
E4900333,P103,936,1930,0,32
E4900333,P021,936,1930,8,10
E4900333,P105,936,1930,10,10
E5600789,P001,911,1942,0,00
E5600869,P001,911,1942,4,10
E5600056,P004,922,1945,0,00
E5600056,P004,923,1945,0,00
E5600056,P004,924,1945,0,00
E5600056,P004,936,1945,0,00
E5600056,P006,922,1945,6,10
E5600056,P006,923,1945,56,10
E5600056,P006,924,1945,0,10
E5600056,P006,936,1945,4,10
E5600056,P007,922,1945,0,00
E5600056,P007,923,1945,0,00
E5600056,P007,924,1945,0,00
E5600056,P007,936,1945,0,00
E5600056,P008,922,1945,26,10
E5600056,P008,923,1945,53,10
E5600056,P008,924,1945,280,10
E5600056,P008,936,1945,5,10
E5600056,P016,922,1945,0,10
E5600056,P016,923,1945,26,10
E5600056,P016,936,1945,12,10
E5600056,P017,922,1945,3,10
E5600056,P017,923,1945,21,10
E5600056,P017,924,1945,4,10
E5600056,P017,936,1945,3,10
E5600056,P018,922,1945,2,10
E5600056,P018,923,1945,17,10
E5600056,P018,924,1945,0,10
E5600056,P018,936,1945,4,10
E5600056,P021,922,1945,0,10
E5600056,P021,923,1945,50,10
E5600056,P021,924,1945,0,10
E5600056,P021,936,1945,4,10
E5600056,P024,922,1945,3,10
E5600056,P024,923,1945,35,10
E5600056,P024,924,1945,2,10
E5600056,P024,936,1945,6,10
E5600056,P034,922,1945,7,10
E5600056,P034,923,1945,44,10
E5600056,P034,936,1945,1,10
E5600056,P004,911,1948,0,00
E5600056,P006,911,1948,3,10
E5600056,P007,911,1948,0,00
E5600056,P008,911,1948,5,10
E5600056,P009,911,1948,2,10
E5600056,P016,911,1948,4,10
E5600056,P017,911,1948,2,10
E5600056,P018,911,1948,3,10
E5600056,P021,911,1948,2,10
E5600056,P022,911,1948,6,10
E5600056,P023,911,1948,1,10
E5600056,P024,911,1948,4,10
S1900710,P070,911,1948,6,10
S1900710,P015,911,1948,0,00
S1900710,P050,911,1948,7,10
S1900710,P056,911,1948,8,10
S1900710,P060,911,1948,5,10
S1900685,P002,911,1942,13,10
S1900685,P421,911,1942,12,10
S1900685,P411,911,1942,4,10
S2202553,P001,911,1942,1,10
S2202553,P002,911,1942,1,10
S2202553,P003,911,1942,1,10
S1900569,P002,911,1836,0,00
S1900569,P012,911,1836,13,10
S1900569,P002,922,1830,0,00
S1900569,P012,922,1830,14,10
S1900569,P002,923,1830,0,00
S1900569,P012,923,1830,134,10
S1900569,P002,936,1830,0,00
S1900569,P012,936,1830,4,10
S1900569,P002,911,1842,0,00
S1900569,P012,911,1842,13,10
S1900569,P002,911,1848,0,00
S1900569,P012,911,1848,12,10
S1900569,P002,911,1854,0,00
S1900569,P012,911,1854,12,10
S1900569,P002,922,1845,0,00
S1900569,P012,922,1845,13,10
S1900569,P002,923,1845,0,00
S1900569,P012,923,1845,137,10
S1900569,P002,936,1845,0,00
S1900569,P012,936,1845,4,10
S1900569,P002,222,1800,0,00
S1900569,P012,222,1800,14,10
S1900569,P002,223,1800,0,00
S1900569,P012,223,1800,135,10
S1900569,P002,236,1800,0,00
S1900569,P012,236,1800,4,10
S1900569,P002,248,1800,0,00
S1900569,P012,248,1800,104161,10
S1900569,P002,259,1800,0,00
S1900569,P012,259,1800,75,10
S1900569,P002,911,1900,0,00
S1900569,P012,911,1900,13,10
S1900569,P002,911,1906,0,00
S1900569,P012,911,1906,17,10
S1900569,P002,922,1900,0,00
S1900569,P012,922,1900,15,10
S1900569,P002,923,1900,0,00
S1900569,P012,923,1900,137,10
S1900569,P002,936,1900,0,00
S1900569,P012,936,1900,4,10
S1900569,P002,911,1912,0,00
S1900569,P012,911,1912,16,10
S1900569,P002,911,1918,0,00
S1900569,P012,911,1918,18,10
S2201109,P711,911,1930,15,10
S2201109,P731,911,1930,19,10
S2201109,P741,911,1930,16,10
S2201109,P751,911,1930,17,10
S2201109,P711,923,1930,24,10
S2201109,P711,936,1930,6,10
S2201109,P711,922,1930,2,10
S2201109,P731,923,1930,48,10
S2201109,P731,936,1930,7,10
S2201109,P731,922,1930,13,10
S2201109,P741,923,1930,50,10
S2201109,P741,936,1930,5,10
S2201109,P741,922,1930,24,10
S2201109,P751,923,1930,52,10
S2201109,P751,936,1930,6,10
S2201109,P751,922,1930,11,10
S1900569,P002,911,1924,0,00
S1900569,P012,911,1924,18,10
S1900569,P002,922,1915,0,00
S1900569,P012,922,1915,15,10
S1900569,P002,923,1915,0,00
S1900569,P012,923,1915,121,10
S1900569,P002,936,1915,0,00
S1900569,P012,936,1915,4,10
S1900569,P002,911,1930,0,00
S1900569,P012,911,1930,15,10
S2201109,P711,911,1942,15,10
S2201109,P731,911,1942,18,10
S2201109,P741,911,1942,16,10
S2201109,P751,911,1942,17,10
S1900569,P002,911,1936,0,00
S1900569,P012,911,1936,14,10
S1900569,P002,922,1930,0,00
S1900569,P012,922,1930,14,10
S1900569,P002,923,1930,0,00
S1900569,P012,923,1930,129,10
S1900569,P002,936,1930,0,00
S1900569,P012,936,1930,4,10
S1900569,P002,911,1942,0,00
S1900569,P012,911,1942,18,10
E4900744,P001,911,1948,0,00
E4900744,P002,911,1948,0,00
E4900744,P023,911,1948,0,00
E5600841,P001,911,1942,6,10
E5600841,P002,911,1942,6,10
E5600841,P003,911,1942,9,10
E5600841,P004,911,1942,7,10
E5600841,P005,911,1942,9,10
E5600841,P006,911,1942,11,10
E5600841,P007,911,1942,13,10
E5600841,P008,911,1942,7,10
E5600841,P009,911,1942,9,10
E5600841,P010,911,1942,6,10
E5600841,PC23,911,1942,10,10
E5600841,PC83,911,1942,14,10
E5600841,PPB1,911,1942,8,10
E5600841,PPC1,911,1942,5,10
E5600841,PR54,911,1942,3,10
E5600841,PR61,911,1942,7,10
E5600841,PR62,911,1942,4,10
E5600841,PS11,911,1942,11,10
E5600841,PS12,911,1942,8,10
E5600841,PS31,911,1942,7,10
E5600841,PS32,911,1942,4,10
E5600841,PS51,911,1942,0,00
E5600841,PS52,911,1942,0,00
E5600841,PS71,911,1942,0,00
E5600841,PS72,911,1942,0,00
S1900569,P002,911,1712,0,00
S1900569,P012,911,1712,12,10
S1900569,P002,911,1718,0,00
S1900569,P012,911,1718,13,10
S1900569,P002,911,1724,0,00
S1900569,P012,911,1724,14,10
S1900569,P002,922,1715,0,00
S1900569,P012,922,1715,14,10
S1900569,P002,923,1715,0,00
S1900569,P012,923,1715,127,10
S1900569,P002,936,1715,0,00
S1900569,P012,936,1715,3,10
S1900569,P002,911,1730,0,00
S1900569,P012,911,1730,13,10
S1900569,P002,911,1736,0,00
S1900569,P012,911,1736,12,10
S1900569,P002,922,1730,0,00
S1900569,P012,922,1730,14,10
S1900569,P002,923,1730,0,00
S1900569,P012,923,1730,131,10
S1900569,P002,936,1730,0,00
S1900569,P012,936,1730,4,10
S1900569,P002,911,1742,0,00
S1900569,P012,911,1742,12,10
S1900569,P002,911,1748,0,00
S1900569,P012,911,1748,13,10
S1900569,P002,911,1754,0,00
S1900569,P012,911,1754,12,10
S1900569,P002,922,1745,0,00
S1900569,P012,922,1745,14,10
S1900569,P002,923,1745,0,00
S1900569,P012,923,1745,137,10
S1900569,P002,936,1745,0,00
S1900569,P012,936,1745,4,10
S1900569,P002,222,1700,0,00
S1900569,P012,222,1700,14,10
S1900569,P002,223,1700,0,00
S1900569,P012,223,1700,129,10
S1900569,P002,236,1700,0,00
S1900569,P012,236,1700,3,10
S1900569,P002,248,1700,0,00
S1900569,P012,248,1700,106719,10
S1900569,P002,259,1700,0,00
S1900569,P012,259,1700,75,10
S1900569,P002,911,1800,0,00
S1900569,P012,911,1800,12,10
S1900569,P002,911,1806,0,00
S1900569,P012,911,1806,13,10
S1900569,P002,922,1800,0,00
S1900569,P012,922,1800,14,10
S1900569,P002,923,1800,0,00
S1900569,P012,923,1800,138,10
S1900569,P002,936,1800,0,00
S1900569,P012,936,1800,4,10
S1900569,P002,911,1812,0,00
S1900569,P012,911,1812,13,10
S1900569,P002,911,1818,0,00
S1900569,P012,911,1818,14,10
S1900569,P002,911,1824,0,00
S1900569,P012,911,1824,15,10
S1900569,P002,922,1815,0,00
S1900569,P012,922,1815,14,10
S1900569,P002,923,1815,0,00
S1900569,P012,923,1815,131,10
S1900569,P002,936,1815,0,00
S1900569,P012,936,1815,3,10
E4900333,P001,911,1942,9,10
E4900333,P002,911,1942,0,00
E4900333,P003,911,1942,0,32
E4900333,P103,911,1942,0,32
E4900333,P021,911,1942,6,10
E4900333,P105,911,1942,11,10
S2300438,P001,911,1948,5,10
E5601197,P002,911,1948,3,10
E5601197,P003,911,1948,3,10
S1602755,P101,911,1948,5,10
S1602755,P201,911,1948,5,10
S1602755,P301,911,1948,6,10
E5600896,P004,911,1936,0,00
E5600896,P005,911,1936,0,00
E5600896,P007,911,1936,5,10
E5600896,P008,911,1936,7,10
E5400878,P010,911,1936,2,10
S2300401,P011,911,1948,9,10
S2300429,P701,911,1948,0,00
S2300429,PF01,911,1948,9,10
E5600332,P001,911,1948,0,00
E5600332,P002,911,1948,0,00
E5600332,P003,911,1948,0,00
S1901066,P004,911,1948,9,10
E5600789,P001,911,1948,0,00
E5600869,P001,911,1948,4,10
E5600850,PC01,911,1948,0,00
E5600056,P004,911,1954,0,00
E5600056,P006,911,1954,3,10
E5600056,P007,911,1954,0,00
E5600056,P008,911,1954,5,10
E5600056,P009,911,1954,2,10
E5600056,P016,911,1954,5,10
E5600056,P017,911,1954,2,10
E5600056,P018,911,1954,3,10
E5600056,P021,911,1954,2,10
E5600056,P022,911,1954,6,10
E5600056,P023,911,1954,1,10
E5600056,P024,911,1954,4,10
S1900710,P015,911,1954,0,00
S1900710,P050,911,1954,20,11
S1900710,P056,911,1954,6,10
S1900710,P060,911,1954,5,10
S1900710,P070,911,1954,5,10
S1900685,P002,911,1948,13,10
S1900685,P421,911,1948,12,10
S1900685,P411,911,1948,4,10
S2202553,P001,911,1948,1,10
S2202553,P002,911,1948,1,10
S2202553,P003,911,1948,1,10
S2201109,P711,911,1948,15,10
S2201109,P731,911,1948,19,10
S2201109,P741,911,1948,16,10
S2201109,P751,911,1948,17,10
E4900744,P001,911,1954,0,00
E4900744,P002,911,1954,0,00
E4900744,P023,911,1954,0,00
E4900744,P001,923,1945,0,00
E4900744,P023,923,1945,0,00
E4900744,P001,936,1945,0,00
E4900744,P023,936,1945,0,00
E4900744,P001,223,1900,0,00
E4900744,P023,223,1900,0,00
E4900744,P001,236,1900,0,00
E4900744,P023,236,1900,0,00
E4900744,P001,248,1900,0,00
E4900744,P023,248,1900,0,00
E4900744,P001,259,1900,0,00
E4900744,P023,259,1900,0,00
E5600841,P001,911,1948,5,10
E5600841,P002,911,1948,6,10
E5600841,P003,911,1948,9,10
E5600841,P004,911,1948,6,10
E5600841,P005,911,1948,9,10
E5600841,P006,911,1948,11,10
E5600841,P007,911,1948,13,10
E5600841,P008,911,1948,7,10
E5600841,P009,911,1948,9,10
E5600841,P010,911,1948,6,10
E5600841,PC23,911,1948,9,10
E5600841,PC83,911,1948,15,10
E5600841,PPB1,911,1948,8,10
E5600841,PPC1,911,1948,5,10
E5600841,PR54,911,1948,3,10
E5600841,PR61,911,1948,7,10
E5600841,PR62,911,1948,4,10
E5600841,PS11,911,1948,11,10
E5600841,PS12,911,1948,6,10
E5600841,PS31,911,1948,7,10
E5600841,PS32,911,1948,4,10
E5600841,PS51,911,1948,0,00
E5600841,PS52,911,1948,0,00
E5600841,PS71,911,1948,0,00
E5600841,PS72,911,1948,0,00
E5600896,P004,922,1930,0,00
E5600896,P004,923,1930,0,00
E5600896,P004,936,1930,0,00
E5600896,P005,922,1930,0,00
E5600896,P005,923,1930,0,00
E5600896,P005,936,1930,0,00
E5600896,P007,922,1930,0,10
E5600896,P007,923,1930,70,11
E5600896,P007,936,1930,5,10
E5600896,P008,922,1930,0,10
E5600896,P008,923,1930,63,10
E5600896,P008,936,1930,2,10
E5400878,P001,923,1930,22,10
E5400878,P001,936,1930,15,10
E5400878,P002,923,1930,18,10
E5400878,P002,936,1930,14,10
E5400878,P003,923,1930,17,10
E5400878,P003,936,1930,15,10
E5400878,P010,923,1930,17,10
E5400878,P010,936,1930,13,10
S2300438,P001,922,1945,0,10
S2300438,P001,923,1945,33,10
S2300438,P001,936,1945,5,10
E4900333,P001,911,1948,9,10
E4900333,P002,911,1948,0,00
E4900333,P003,911,1948,0,32
E4900333,P103,911,1948,0,32
E4900333,P021,911,1948,6,10
E4900333,P105,911,1948,10,10
S2300438,P001,911,1954,5,10
E5601197,P002,911,1954,3,10
E5601197,P003,911,1954,3,10
S1602755,P101,911,1954,5,10
S1602755,P201,911,1954,5,10
S1602755,P301,911,1954,6,10
S1602755,P101,922,1945,2,10
S1602755,P201,922,1945,2,10
S1602755,P301,922,1945,2,10
S1602755,P101,923,1945,93,10
S1602755,P201,923,1945,72,10
S1602755,P301,923,1945,67,10
S1602755,P101,924,1945,2,10
S1602755,P201,924,1945,4,10
S1602755,P301,924,1945,8,10
S1602755,P101,926,1945,6,10
S1602755,P201,926,1945,7,10
S1602755,P301,926,1945,13,10
S1602755,P101,936,1945,9,10
S1602755,P201,936,1945,9,10
S1602755,P301,936,1945,11,10
S1602755,P101,222,1900,2,10
S1602755,P201,222,1900,2,10
S1602755,P301,222,1900,2,10
S1602755,P101,223,1900,77,10
S1602755,P201,223,1900,65,10
S1602755,P301,223,1900,60,10
S1602755,P101,224,1900,3,10
S1602755,P201,224,1900,13,10
S1602755,P301,224,1900,12,10
S1602755,P101,226,1900,7,10
S1602755,P201,226,1900,7,10
S1602755,P301,226,1900,11,10
S1602755,P101,236,1900,10,10
S1602755,P201,236,1900,8,10
S1602755,P301,236,1900,9,10
S1602755,P101,248,1900,97849,10
S1602755,P201,248,1900,84839,10
S1602755,P301,248,1900,100782,10
S1602755,P101,259,1900,136,10
S1602755,P201,259,1900,134,10
S1602755,P301,259,1900,137,10
E5600850,PC01,923,1945,0,00
E5600850,PC01,924,1945,0,00
E5600850,PC01,936,1945,0,00
E5600850,PC01,926,1945,0,00
E5600850,PC01,911,1954,0,00
E5600056,P004,911,2000,0,00
E5600056,P006,911,2000,3,10
E5600056,P007,911,2000,0,00
E5600056,P008,911,2000,6,10
E5600056,P009,911,2000,2,10
E5600056,P016,911,2000,4,10
E5600056,P017,911,2000,2,10
E5600056,P018,911,2000,3,10
E5600056,P021,911,2000,2,10
E5600056,P022,911,2000,6,10
E5600056,P023,911,2000,1,10
E5600056,P024,911,2000,4,10
E5600056,P004,922,2000,0,00
E5600056,P004,923,2000,0,00
E5600056,P004,924,2000,0,00
E5600056,P004,936,2000,0,00
E5600056,P006,922,2000,6,10
E5600056,P006,923,2000,64,10
E5600056,P006,924,2000,0,10
E5600056,P006,936,2000,5,10
E5600056,P007,922,2000,0,00
E5600056,P007,923,2000,0,00
E5600056,P007,924,2000,0,00
E5600056,P007,936,2000,0,00
E5600056,P008,922,2000,23,10
E5600056,P008,923,2000,57,10
E5600056,P008,924,2000,189,10
E5600056,P008,936,2000,5,10
E5600056,P016,922,2000,0,10
E5600056,P016,923,2000,27,10
E5600056,P016,936,2000,12,10
E5600056,P017,922,2000,3,10
E5600056,P017,923,2000,22,10
E5600056,P017,924,2000,0,10
E5600056,P017,936,2000,3,10
E5600056,P018,922,2000,2,10
E5600056,P018,923,2000,17,10
E5600056,P018,936,2000,4,10
E5600056,P021,922,2000,0,10
E5600056,P021,923,2000,49,10
E5600056,P021,936,2000,4,10
E5600056,P024,922,2000,3,10
E5600056,P024,923,2000,35,10
E5600056,P024,924,2000,2,10
E5600056,P024,936,2000,6,10
E5600056,P034,923,2000,49,10
E5600056,P034,936,2000,1,10
E5600056,P004,222,2000,0,00
E5600056,P004,223,2000,0,00
E5600056,P004,224,2000,0,00
E5600056,P004,236,2000,0,00
E5600056,P004,248,2000,0,00
E5600056,P004,259,2000,0,00
E5600056,P006,222,2000,12,10
E5600056,P006,223,2000,66,10
E5600056,P006,224,2000,0,10
E5600056,P006,236,2000,6,10
S2300401,P011,911,1900,9,10
S2300401,P011,923,1900,60,10
S2300401,P011,936,1900,6,10
S2300401,P011,922,1900,42,10
S2300401,P011,248,1900,193860,10
S2300401,P011,223,1900,57,10
S2300401,P011,236,1900,6,10
S2300401,P011,222,1900,42,10
S2300401,P011,259,1900,53,10
S2100223,P015,911,1906,17,10
S2100223,P015,922,1900,22,10
S2100223,P015,923,1900,32,10
S2100223,P015,924,1900,80,10
S2100223,P015,936,1900,2,10
S2100223,P015,911,1912,17,10
S2100223,P015,911,1918,16,10
S2100223,P015,911,1924,16,10
S2100223,P015,922,1915,21,10
S2100223,P015,923,1915,32,10
S2100223,P015,924,1915,80,10
S2100223,P015,936,1915,3,10
S2100223,P015,911,1930,18,10
S2100223,P015,911,1936,16,10
S2300401,P011,923,1945,55,10
S2300401,P011,936,1945,6,10
S2300401,P011,922,1945,41,10
S2300429,P701,922,1945,0,00
S2300429,P701,923,1945,0,00
S2300429,P701,936,1945,0,00
S2300429,PF01,922,1945,24,10
S2300429,PF01,923,1945,35,10
S2300429,PF01,936,1945,6,10
S2100223,P015,922,1930,23,10
S2100223,P015,923,1930,32,10
S2100223,P015,924,1930,80,10
S2100223,P015,936,1930,2,10
S1901066,P004,922,1945,233,10
S1901066,P004,923,1945,179,10
S1901066,P004,924,1945,1,10
S1901066,P004,936,1945,4,10
S1901066,P004,937,1945,11,10
E5600896,P004,911,1942,0,00
E5600896,P005,911,1942,0,00
E5600896,P007,911,1942,6,10
E5600896,P008,911,1942,7,10
E5400878,P010,911,1942,2,10
S2100223,P015,911,1942,21,11
S2300401,P011,911,1954,9,10
S2300429,P701,911,1954,0,00
S2300429,PF01,911,1954,9,10
S2100223,P015,911,1948,27,11
E5600332,P001,911,1954,0,00
E5600332,P002,911,1954,0,00
E5600332,P003,911,1954,0,00
S1901066,P004,911,1954,5,10
E5600789,P001,911,1954,0,00
E5600869,P001,911,1954,4,10
E5600869,P001,922,1945,127,10
E5600869,P001,923,1945,126,10
E5600869,P001,936,1945,7,10
E5600869,P001,222,1900,126,10
E5600869,P001,223,1900,125,10
E5600869,P001,236,1900,7,10
E5600869,P001,248,1900,53298,10
E5600869,P001,259,1900,98,10
S2100223,P015,911,1954,0,10
S2100223,P015,922,1945,0,10
S2100223,P015,923,1945,0,10
S2100223,P015,924,1945,0,10
S2100223,P015,936,1945,0,10
S2100223,P015,222,1900,0,
S2100223,P015,223,1900,0,
S2100223,P015,224,1900,0,
S2100223,P015,236,1900,0,
S2100223,P015,248,1900,0,
S2100223,P015,259,1900,0,
S2100223,P015,911,2000,0,10
S1900710,P015,911,2000,0,00
S1900710,P050,911,2000,22,11
S1900710,P056,911,2000,5,10
S1900710,P060,911,2000,4,10
S1900710,P070,911,2000,6,10
S1900710,P015,923,2000,0,00
S1900710,P015,936,2000,0,00
S1900710,P015,922,2000,0,00
S1900710,P050,923,2000,110,10
S1900710,P050,936,2000,6,10
S1900710,P050,922,2000,68,10
S1900710,P056,923,2000,41,10
S1900710,P056,936,2000,4,10
S1900710,P056,922,2000,21,10
S1900710,P060,923,2000,20,10
S1900710,P060,936,2000,5,10
S1900710,P060,922,2000,25,10
S1900710,P070,923,2000,19,10
S1900710,P070,936,2000,8,10
S1900710,P070,922,2000,16,10
S1900710,P015,248,2000,0,00
S1900710,P015,223,2000,0,00
S1900710,P015,236,2000,0,00
S1900710,P015,222,2000,0,00
S1900710,P015,259,2000,0,00
S1900710,P050,248,2000,101736,10
S1900710,P050,223,2000,110,10
S1900710,P050,236,2000,6,10
S1900710,P050,222,2000,69,10
S1900710,P050,259,2000,151,10
S1900710,P056,248,2000,190908,10
S1900710,P056,223,2000,39,10
S1900710,P056,236,2000,3,10
S1900710,P056,222,2000,22,10
S1900710,P056,259,2000,128,10
S1900710,P060,248,2000,184320,10
S1900710,P060,223,2000,22,10
S1900710,P060,236,2000,5,10
S1900710,P060,222,2000,25,10
S1900710,P060,259,2000,124,10
S1900710,P070,248,2000,174456,10
S1900710,P070,223,2000,19,10
S1900710,P070,236,2000,8,10
S1900710,P070,222,2000,17,10
S1900710,P070,259,2000,86,10
S1900685,P002,911,1954,14,10
S1900685,P421,911,1954,12,10
S1900685,P421,922,1945,18,10
S1900685,P421,923,1945,69,10
S1900685,P421,936,1945,6,10
S1900685,P421,222,1900,16,10
S1900685,P421,223,1900,71,10
S1900685,P421,236,1900,6,10
S1900685,P421,248,1900,313556,10
S1900685,P421,259,1900,52,10
S1900685,P411,911,1954,4,10
S1900685,P411,222,1900,26,10
S1900685,P411,922,1945,26,10
S1900685,P411,223,1900,69,10
S1900685,P411,923,1945,67,10
S1900685,P411,236,1900,12,10
S1900685,P411,936,1945,12,10
S1900685,P411,248,1900,20403,10
S1900685,P411,259,1900,132,10
S2202553,P001,911,1954,1,10
S2202553,P002,911,1954,1,10
S2202553,P003,911,1954,1,10
S2202553,P001,922,1945,12,10
S2202553,P002,922,1945,20,10
S2202553,P003,922,1945,7,10
S2202553,P001,923,1945,85,10
S2202553,P002,923,1945,94,10
S2202553,P003,923,1945,79,10
S2202553,P001,924,1945,6,10
S2202553,P002,924,1945,2,10
S2202553,P003,924,1945,6,10
S2202553,P001,926,1945,22,10
S2202553,P002,926,1945,26,10
S2202553,P003,926,1945,12,10
S2202553,P001,936,1945,11,10
S2202553,P002,936,1945,10,10
S2202553,P003,936,1945,8,10
S2202553,P001,222,1900,12,10
S2202553,P002,222,1900,14,10
S2202553,P003,222,1900,6,10
S2202553,P001,223,1900,85,10
S2202553,P002,223,1900,85,10
S2202553,P003,223,1900,81,10
S2202553,P001,224,1900,6,10
S2202553,P002,224,1900,3,10
S2202553,P003,224,1900,5,10
S2202553,P001,226,1900,22,10
S2202553,P002,226,1900,17,10
S2202553,P003,226,1900,16,10
S2202553,P001,236,1900,11,10
S2202553,P002,236,1900,10,10
S2202553,P003,236,1900,8,10
S2202553,P001,248,1900,102519,10
S2202553,P002,248,1900,113773,10
S2202553,P003,248,1900,113790,10
S2202553,P001,259,1900,141,10
S2202553,P002,259,1900,133,10
S2202553,P003,259,1900,149,10
S2201109,P711,923,1945,24,10
S2201109,P711,936,1945,6,10
S2201109,P711,922,1945,2,10
S2201109,P731,923,1945,49,10
S2201109,P731,936,1945,7,10
S2201109,P731,922,1945,13,10
S2201109,P741,923,1945,48,10
S2201109,P741,936,1945,5,10
S2201109,P741,922,1945,23,10
S2201109,P751,923,1945,51,10
S2201109,P751,936,1945,6,10
S2201109,P751,922,1945,12,10
S2201109,P711,911,1954,15,10
S2201109,P731,911,1954,18,10
S2201109,P741,911,1954,16,10
S2201109,P751,911,1954,17,10
E4900744,P001,911,2000,0,00
E4900744,P002,911,2000,0,00
E4900744,P023,911,2000,0,00
E4900333,P001,911,1954,9,10
E4900333,P002,911,1954,0,00
E4900333,P003,911,1954,0,32
E4900333,P103,911,1954,0,32
E4900333,P021,911,1954,6,10
E4900333,P105,911,1954,9,10
E4900333,P001,922,1945,1,10
E4900333,P002,922,1945,0,00
E4900333,P003,922,1945,0,32
E4900333,P103,922,1945,0,32
E4900333,P021,922,1945,0,10
E4900333,P105,922,1945,55,10
E4900333,P001,923,1945,85,10
E4900333,P002,923,1945,0,00
E4900333,P003,923,1945,0,32
E4900333,P103,923,1945,0,32
E4900333,P021,923,1945,41,10
E4900333,P105,923,1945,81,10
E4900333,P001,936,1945,13,10
E4900333,P002,936,1945,0,00
E4900333,P003,936,1945,0,32
E4900333,P103,936,1945,0,32
E4900333,P021,936,1945,8,10
E4900333,P105,936,1945,11,10
E4900333,P001,259,1900,83,10
E4900333,P002,259,1900,0,00
E4900333,P003,259,1900,0,32
E4900333,P103,259,1900,0,32
E4900333,P021,259,1900,124,10
E4900333,P105,259,1900,175,10
E4900333,P001,222,1900,1,10
E4900333,P002,222,1900,0,00
E4900333,P003,222,1900,0,32
E4900333,P103,222,1900,0,32
E4900333,P021,222,1900,0,10
E4900333,P105,222,1900,55,10
E4900333,P001,223,1900,83,10
E4900333,P002,223,1900,0,00
E4900333,P003,223,1900,0,32
E4900333,P103,223,1900,0,32
E4900333,P021,223,1900,41,10
E4900333,P105,223,1900,79,10
E4900333,P001,236,1900,13,10
E4900333,P002,236,1900,0,00
E4900333,P003,236,1900,0,32
E4900333,P103,236,1900,0,32
E4900333,P021,236,1900,8,10
E4900333,P105,236,1900,10,10
E4900333,P001,248,1900,32863,10
E4900333,P002,248,1900,0,00
E4900333,P003,248,1900,0,32
E4900333,P103,248,1900,0,32
E4900333,P021,248,1900,108205,10
E4900333,P105,248,1900,132590,10
S2300438,P001,911,2000,5,10
E5601197,P002,911,2000,3,10
E5601197,P003,911,2000,3,10
S1602755,P101,911,2000,5,10
S1602755,P201,911,2000,5,10
S1602755,P301,911,2000,6,10
E5600850,PC01,911,2000,0,00
E5600056,P004,911,2006,0,00
E5600056,P006,911,2006,3,10
E5600056,P007,911,2006,0,00
E5600056,P008,911,2006,6,10
E5600056,P009,911,2006,3,10
E5600056,P016,911,2006,4,10
E5600056,P017,911,2006,3,10
E5600056,P018,911,2006,4,10
E5600056,P021,911,2006,2,10
E5600056,P022,911,2006,6,10
E5600056,P023,911,2006,1,10
E5600056,P024,911,2006,4,10
E5600841,P001,248,1900,204062,10
E5600841,P001,923,1945,15,10
E5600841,P001,223,1900,14,10
E5600841,P001,936,1945,4,10
E5600841,P001,236,1900,5,10
E5600841,P001,911,1954,5,10
E5600841,P001,922,1945,23,10
E5600841,P001,222,1900,24,10
E5600841,P001,259,1900,167,10
E5600841,P002,248,1900,230234,10
E5600841,P002,923,1945,21,10
E5600841,P002,223,1900,21,10
E5600841,P002,936,1945,4,10
E5600841,P002,236,1900,4,10
E5600841,P002,911,1954,6,10
E5600841,P002,922,1945,16,10
E5600841,P002,222,1900,17,10
E5600841,P002,259,1900,168,10
E5600841,P003,248,1900,186358,10
E5600841,P003,923,1945,12,10
E5600841,P003,223,1900,12,10
E5600841,P003,936,1945,5,10
E5600841,P003,236,1900,5,10
E5600841,P003,911,1954,9,10
E5600841,P003,922,1945,21,10
E5600841,P003,222,1900,21,10
E5600841,P003,259,1900,163,10
E5600841,P004,248,1900,180136,10
E5600841,P004,923,1945,19,10
E5600841,P004,223,1900,21,10
E5600841,P004,936,1945,4,10
E5600841,P004,236,1900,4,10
E5600841,P004,911,1954,6,10
E5600841,P004,922,1945,19,10
E5600841,P004,222,1900,20,10
E5600841,P004,259,1900,180,10
E5600841,P005,248,1900,198195,10
E5600841,P005,923,1945,16,10
E5600841,P005,223,1900,16,10
E5600841,P005,936,1945,4,10
E5600841,P005,236,1900,4,10
E5600841,P005,911,1954,9,10
E5600841,P005,922,1945,17,10
E5600841,P005,222,1900,18,10
E5600841,P005,259,1900,189,10
E5600841,P006,248,1900,227640,10
E5600841,P006,923,1945,38,10
E5600841,P006,223,1900,41,10
E5600841,P006,936,1945,6,10
E5600841,P006,236,1900,6,10
E5600841,P006,911,1954,11,10
E5600841,P006,922,1945,65,10
E5600841,P006,222,1900,75,10
E5600841,P006,259,1900,121,10
E5600841,P007,248,1900,232000,10
E5600841,P007,923,1945,44,10
E5600841,P007,223,1900,47,10
E5600841,P007,936,1945,7,10
E5600841,P007,236,1900,7,10
E5600841,P007,911,1954,13,10
E5600841,P007,922,1945,73,10
E5600841,P007,222,1900,74,10
E5600841,P007,259,1900,133,10
E5600841,P008,248,1900,195756,10
E5600841,P008,923,1945,45,10
E5600841,P008,223,1900,47,10
E5600841,P008,936,1945,9,10
E5600841,P008,236,1900,9,10
E5600841,P008,911,1954,7,10
E5600841,P008,922,1945,6,10
E5600841,P008,222,1900,6,10
E5600841,P008,259,1900,48,10
E5600841,P009,248,1900,324902,10
E5600841,P009,923,1945,9,10
E5600841,P009,223,1900,10,10
E5600841,P009,936,1945,4,10
E5600841,P009,236,1900,5,10
E5600841,P009,911,1954,9,10
E5600841,P009,922,1945,23,10
E5600841,P009,222,1900,24,10
E5600841,P009,259,1900,119,10
E5600841,P010,248,1900,399483,10
E5600841,P010,923,1945,10,10
E5600841,P010,223,1900,10,10
E5600841,P010,936,1945,5,10
E5600841,P010,236,1900,5,10
E5600841,P010,911,1954,6,10
E5600841,P010,922,1945,17,10
E5600841,P010,222,1900,17,10
E5600841,P010,259,1900,105,10
E5600841,PC23,248,1900,28138,10
E5600841,PC23,923,1945,76,10
E5600841,PC23,223,1900,69,10
E5600841,PC23,936,1945,7,10
E5600841,PC23,236,1900,7,10
E5600841,PC23,911,1954,10,10
E5600841,PC23,922,1945,29,10
E5600841,PC23,222,1900,28,10
E5600841,PC23,259,1900,155,10
E5600841,PC83,248,1900,213818,10
E5600841,PC83,923,1945,58,10
E5600841,PC83,223,1900,56,10
E5600841,PC83,936,1945,7,10
E5600841,PC83,236,1900,7,10
E5600841,PC83,911,1954,14,10
E5600841,PC83,922,1945,23,10
E5600841,PC83,222,1900,23,10
E5600841,PC83,259,1900,168,10
E5600841,PPB1,248,1900,211885,10
E5600841,PPB1,923,1945,9,10
E5600841,PPB1,223,1900,9,10
E5600841,PPB1,936,1945,8,10
E5600841,PPB1,236,1900,8,10
E5600841,PPB1,911,1954,8,10
E5600841,PPB1,922,1945,23,10
E5600841,PPB1,222,1900,23,10
E5600841,PPB1,259,1900,133,10
E5600841,PPC1,248,1900,619405,10
E5600841,PPC1,923,1945,12,10
E5600841,PPC1,223,1900,13,10
E5600841,PPC1,936,1945,3,10
E5600841,PPC1,236,1900,3,10
E5600841,PPC1,911,1954,5,10
E5600841,PPC1,922,1945,17,10
E5600841,PPC1,222,1900,18,10
E5600841,PPC1,259,1900,126,10
E5600841,PR54,248,1900,34508,10
E5600841,PR54,923,1945,64,10
E5600841,PR54,223,1900,75,10
E5600841,PR54,936,1945,6,10
E5600841,PR54,236,1900,7,10
E5600841,PR54,911,1954,3,10
E5600841,PR54,922,1945,29,10
E5600841,PR54,222,1900,29,10
E5600841,PR54,259,1900,225,10
E5600841,PR61,248,1900,184126,10
E5600841,PR61,923,1945,69,10
E5600841,PR61,223,1900,74,10
E5600841,PR61,936,1945,4,10
E5600841,PR61,236,1900,3,10
E5600841,PR61,911,1954,7,10
E5600841,PR61,922,1945,37,10
E5600841,PR61,222,1900,39,10
E5600841,PR61,259,1900,345,10
E5600841,PR62,248,1900,104085,10
E5600841,PR62,923,1945,61,10
E5600841,PR62,223,1900,55,10
E5600841,PR62,936,1945,4,10
E5600841,PR62,236,1900,4,10
E5600841,PR62,911,1954,4,10
E5600841,PR62,922,1945,16,10
E5600841,PR62,222,1900,16,10
E5600841,PR62,259,1900,326,10
E5600841,PS11,248,1900,838319,10
E5600841,PS11,923,1945,27,10
E5600841,PS11,223,1900,31,10
E5600841,PS11,936,1945,11,10
E5600841,PS11,236,1900,11,10
E5600841,PS11,911,1954,11,10
E5600841,PS11,922,1945,68,10
E5600841,PS11,222,1900,68,10
E5600841,PS11,259,1900,163,10
E5600841,PS12,911,1954,6,10
E5600841,PS31,248,1900,748033,10
E5600841,PS31,923,1945,129,10
E5600841,PS31,223,1900,128,10
E5600841,PS31,936,1945,12,10
E5600841,PS31,236,1900,12,10
E5600841,PS31,911,1954,7,10
E5600841,PS31,922,1945,87,10
E5600841,PS31,222,1900,88,10
E5600841,PS31,259,1900,122,10
E5600841,PS32,911,1954,4,10
E5600841,PS51,248,1900,0,00
E5600841,PS51,923,1945,0,00
E5600841,PS51,223,1900,0,00
E5600841,PS51,936,1945,0,00
E5600841,PS51,236,1900,0,00
E5600841,PS51,911,1954,15,10
E5600841,PS51,922,1945,0,00
E5600841,PS51,222,1900,0,00
E5600841,PS51,259,1900,0,00
E5600841,PS52,911,1954,11,10
E5600841,PS71,248,1900,0,00
E5600841,PS71,923,1945,0,00
E5600841,PS71,223,1900,0,00
E5600841,PS71,936,1945,0,00
E5600841,PS71,236,1900,0,00
E5600841,PS71,911,1954,0,00
E5600841,PS71,922,1945,0,00
E5600841,PS71,222,1900,0,00
E5600841,PS71,259,1900,0,00
E5600841,PS72,911,1954,0,00
E5600896,P004,911,1948,0,00
E5600896,P005,911,1948,0,00
E5600896,P007,911,1948,6,10
E5600896,P008,911,1948,7,10
E5400878,P010,911,1948,2,10
E5600332,P001,911,2000,0,00
E5600332,P002,911,2000,0,00
E5600332,P003,911,2000,0,00
E5600789,P001,911,2000,0,00
E5600869,P001,911,2000,4,10
S2100223,P015,911,2006,0,10
S1901066,P004,911,2000,5,10
S1900710,P015,911,2006,0,00
S1900710,P050,911,2006,11,10
S1900710,P056,911,2006,5,10
S1900710,P060,911,2006,5,10
S1900710,P070,911,2006,5,10
S1900685,P002,911,2000,13,10
S1900685,P421,911,2000,12,10
S1900685,P411,911,2000,4,10
S2202553,P001,911,2000,1,10
S2202553,P002,911,2000,1,10
S2202553,P003,911,2000,1,10
E4900744,P001,911,2006,0,00
E4900744,P002,911,2006,0,00
E4900744,P023,911,2006,0,00
E5600841,P001,911,2000,5,10
E5600841,P002,911,2000,5,10
E5600841,P003,911,2000,9,10
E5600841,P004,911,2000,6,10
E5600841,P005,911,2000,9,10
E5600841,P006,911,2000,11,10
E5600841,P007,911,2000,12,10
E5600841,P008,911,2000,7,10
E5600841,P009,911,2000,9,10
E5600841,P010,911,2000,6,10
E5600841,PC23,911,2000,11,10
E5600841,PC83,911,2000,14,10
E5600841,PPB1,911,2000,8,10
E5600841,PPC1,911,2000,5,10
E5600841,PR54,911,2000,3,10
E5600841,PR61,911,2000,7,10
E5600841,PR62,911,2000,4,10
E5600841,PS11,911,2000,10,10
E5600841,PS12,911,2000,6,10
E5600841,PS31,911,2000,7,10
E5600841,PS32,911,2000,4,10
E5600841,PS51,911,2000,16,10
E5600841,PS52,911,2000,9,10
E5600841,PS71,911,2000,0,00
E5600841,PS72,911,2000,0,00
S2100223,P015,922,2000,0,10
S2100223,P015,923,2000,0,10
S2100223,P015,924,2000,0,10
S2100223,P015,936,2000,0,10
E4900333,P001,911,2000,9,10
E4900333,P002,911,2000,0,00
E4900333,P003,911,2000,0,32
E4900333,P103,911,2000,0,32
E4900333,P021,911,2000,6,10
E4900333,P105,911,2000,9,10
S2300438,P001,911,2006,5,10
E5601197,P002,911,2006,5,10
E5601197,P003,911,2006,5,10
S1602755,P101,911,2006,5,10
S1602755,P201,911,2006,5,10
S1602755,P301,911,2006,6,10
E5600850,PC01,911,2006,0,00
E5600056,P004,911,2012,0,00
E5600056,P006,911,2012,3,10
E5600056,P007,911,2012,0,00
E5600056,P008,911,2012,6,10
E5600056,P009,911,2012,3,10
E5600056,P016,911,2012,5,10
E5600056,P017,911,2012,3,10
E5600056,P018,911,2012,3,10
E5600056,P021,911,2012,2,10
E5600056,P022,911,2012,2,10
E5600056,P023,911,2012,1,10
E5600056,P024,911,2012,4,10
S2202553,P001,911,2006,1,10
S2202553,P002,911,2006,1,10
S2202553,P003,911,2006,1,10
E4900744,P001,923,2000,0,00
E4900744,P023,923,2000,0,00
E4900744,P001,936,2000,0,00
E4900744,P023,936,2000,0,00
E5600896,P004,222,1900,0,00
E5600896,P004,223,1900,0,00
E5600896,P004,236,1900,0,00
E5600896,P004,248,1900,0,00
E5600896,P004,259,1900,0,00
E5600896,P005,222,1900,0,00
E5600896,P005,223,1900,0,00
E5600896,P005,236,1900,0,00
E5600896,P005,248,1900,0,00
E5600896,P005,259,1900,0,00
E5600896,P007,222,1900,0,10
E5600896,P007,223,1900,70,11
E5600896,P007,236,1900,5,10
E5600896,P007,248,1900,1486435,10
E5600896,P007,259,1900,151,10
E5600896,P008,222,1900,0,10
E5600896,P008,223,1900,63,10
E5600896,P008,236,1900,2,10
E5600896,P008,248,1900,1904651,10
E5600896,P008,259,1900,130,10
E5600896,P004,922,1945,0,00
E5600896,P004,923,1945,0,00
E5600896,P004,936,1945,0,00
E5600896,P005,922,1945,0,00
E5600896,P005,923,1945,0,00
E5600896,P005,936,1945,0,00
E5600896,P007,922,1945,0,10
E5600896,P007,923,1945,71,11
E5600896,P007,936,1945,5,10
E5600896,P008,922,1945,0,10
E5600896,P008,923,1945,63,10
E5600896,P008,936,1945,2,10
E5600896,P004,911,1954,0,00
E5600896,P005,911,1954,0,00
E5600896,P007,911,1954,6,10
E5600896,P008,911,1954,7,10
E5400878,P001,223,1900,22,10
E5400878,P001,236,1900,15,10
E5400878,P001,248,1900,1514618,10
E5400878,P001,259,1900,113,10
E5400878,P002,223,1900,19,10
E5400878,P002,236,1900,14,10
E5400878,P002,248,1900,1822453,10
E5400878,P002,259,1900,115,10
E5400878,P003,223,1900,17,10
E5400878,P003,236,1900,15,10
E5400878,P003,248,1900,729295,10
E5400878,P003,259,1900,112,10
E5400878,P010,223,1900,17,10
E5400878,P010,236,1900,13,10
E5400878,P010,248,1900,1414522,10
E5400878,P010,259,1900,99,10
E5400878,P001,923,1945,22,10
E5400878,P001,936,1945,15,10
E5400878,P002,923,1945,18,10
E5400878,P002,936,1945,14,10
E5400878,P003,923,1945,17,10
E5400878,P003,936,1945,15,10
E5400878,P010,923,1945,17,10
E5400878,P010,936,1945,13,10
E5400878,P010,911,1954,2,10
S2300401,P011,911,2006,9,10
S2300429,P701,911,2006,0,00
S2300429,PF01,911,2006,9,10
E5600332,P001,911,2006,0,00
E5600332,P002,911,2006,0,00
E5600332,P003,911,2006,0,00
E5600789,P001,911,2006,0,00
E5600869,P001,911,2006,4,10
S2100223,P015,911,2012,0,10
S1901066,P004,911,2006,5,10
S1900710,P015,911,2012,0,00
S1900710,P050,911,2012,5,10
S1900710,P056,911,2012,5,10
S1900710,P060,911,2012,3,10
S1900710,P070,911,2012,6,10
S1900685,P002,911,2006,13,10
S1900685,P421,911,2006,13,10
S1900685,P411,911,2006,4,10
S1602755,P101,922,2000,1,10
S1602755,P201,922,2000,2,10
S1602755,P301,922,2000,2,10
S1602755,P101,923,2000,54,10
S1602755,P201,923,2000,74,10
S1602755,P301,923,2000,66,10
S1602755,P101,924,2000,19,10
S1602755,P201,924,2000,8,10
S1602755,P301,924,2000,4,10
S1602755,P101,926,2000,5,10
S1602755,P201,926,2000,7,10
S1602755,P301,926,2000,10,10
S1602755,P101,936,2000,8,10
S1602755,P201,936,2000,9,10
S1602755,P301,936,2000,9,10
S2300438,P001,922,2000,0,10
S2300438,P001,923,2000,36,10
S2300438,P001,936,2000,6,10
S2300438,P001,222,1900,0,10
S2300438,P001,223,1900,33,10
S2300438,P001,236,1900,5,10
S2300438,P001,248,1900,50384,10
S2300438,P001,259,1900,120,10
S2201109,P711,911,2006,15,10
S2201109,P731,911,2006,19,10
S2201109,P741,911,2006,17,10
S2201109,P751,911,2006,18,10
E4900744,P001,911,2012,0,00
E4900744,P002,911,2012,0,00
E4900744,P023,911,2012,0,00
E5600841,P001,911,2006,5,10
E5600841,P002,911,2006,5,10
E5600841,P003,911,2006,9,10
E5600841,P004,911,2006,6,10
E5600841,P005,911,2006,9,10
E5600841,P006,911,2006,11,10
E5600841,P007,911,2006,12,10
E5600841,P008,911,2006,7,10
E5600841,P009,911,2006,9,10
E5600841,P010,911,2006,6,10
E5600841,PC23,911,2006,12,10
E5600841,PC83,911,2006,15,10
E5600841,PPB1,911,2006,8,10
E5600841,PPC1,911,2006,5,10
E5600841,PR54,911,2006,3,10
E5600841,PR61,911,2006,7,10
E5600841,PR62,911,2006,5,10
E5600841,PS11,911,2006,11,10
E5600841,PS12,911,2006,7,10
E5600841,PS31,911,2006,7,10
E5600841,PS32,911,2006,4,10
E5600841,PS51,911,2006,22,11
E5600841,PS52,911,2006,9,10
E5600841,PS71,911,2006,0,00
E5600841,PS72,911,2006,0,00
E5600850,PC01,923,2000,0,00
E5600850,PC01,924,2000,0,00
E5600850,PC01,936,2000,0,00
E5600850,PC01,926,2000,0,00
E5600850,PC01,223,1900,0,00
E5600850,PC01,224,1900,0,00
E5600850,PC01,236,1900,0,00
E5600850,PC01,226,1900,0,00
E5600850,PC01,248,1900,0,00
E5600850,PC01,259,1900,0,00
S1901066,P004,922,2000,230,10
S1901066,P004,923,2000,179,10
S1901066,P004,924,2000,0,10
S1901066,P004,936,2000,5,10
S1901066,P004,937,2000,11,10
S1901066,P004,222,1900,230,10
S1901066,P004,223,1900,181,10
S1901066,P004,224,1900,1,10
S1901066,P004,236,1900,5,10
S1901066,P004,237,1900,11,10
S1901066,P004,248,1900,123311,10
S1901066,P004,259,1900,235,10
E5600869,P001,922,2000,126,10
E5600869,P001,923,2000,124,10
E5600869,P001,936,2000,7,10
S1900710,P070,923,2015,20,10
S1900710,P070,936,2015,8,10
S1900710,P070,922,2015,16,10
S1900710,P015,923,2015,0,00
S1900710,P015,936,2015,0,00
S1900710,P015,922,2015,0,00
S1900710,P050,923,2015,115,10
S1900710,P050,936,2015,6,10
S1900710,P050,922,2015,64,10
S1900710,P056,923,2015,39,10
S1900710,P056,936,2015,3,10
S1900710,P056,922,2015,22,10
S1900710,P060,923,2015,27,10
S1900710,P060,936,2015,5,10
S1900710,P060,922,2015,25,10
S1900685,P421,922,2000,17,10
S1900685,P421,923,2000,71,10
S1900685,P421,936,2000,6,10
S1900685,P411,922,2000,26,10
S1900685,P411,923,2000,67,10
S1900685,P411,936,2000,12,10
S2202553,P001,922,2000,11,10
S2202553,P002,922,2000,31,10
S2202553,P003,922,2000,9,10
S2202553,P001,923,2000,86,10
S2202553,P002,923,2000,98,10
S2202553,P003,923,2000,82,10
S2202553,P001,924,2000,4,10
S2202553,P002,924,2000,26,10
S2202553,P003,924,2000,3,10
S2202553,P001,926,2000,23,10
S2202553,P002,926,2000,37,11
S2202553,P003,926,2000,14,10
S2202553,P001,936,2000,11,10
S2202553,P002,936,2000,10,10
S2202553,P003,936,2000,8,10
S2300429,P701,911,2000,0,00
S2300429,P701,922,2000,0,00
S2300429,P701,923,2000,0,00
S2300429,P701,936,2000,0,00
S2300429,PF01,911,2000,9,10
S2300429,PF01,922,2000,23,10
S2300429,PF01,923,2000,30,10
S2300429,PF01,936,2000,5,10
S2300429,P701,222,1900,0,00
S2300429,P701,223,1900,0,00
S2300429,P701,236,1900,0,00
S2300429,P701,248,1900,0,00
S2300429,P701,259,1900,0,00
S2300429,PF01,222,1900,27,10
S2300429,PF01,223,1900,36,10
S2300429,PF01,236,1900,6,10
S2300429,PF01,248,1900,288158,10
S2300429,PF01,259,1900,60,10
E4900333,P001,911,2006,9,10
E4900333,P002,911,2006,0,00
E4900333,P003,911,2006,0,32
E4900333,P103,911,2006,0,32
E4900333,P021,911,2006,6,10
E4900333,P105,911,2006,9,10
S2300438,P001,911,2012,5,10
E5601197,P002,911,2012,5,10
E5601197,P003,911,2012,5,10
S1602755,P101,911,2012,5,10
S1602755,P201,911,2012,5,10
S1602755,P301,911,2012,6,10
E5600850,PC01,911,2012,0,00
E5600869,P001,911,2012,4,10
S1601990,P001,911,2012,4,10
S1601990,P004,911,2012,4,10
S1601990,P049,911,2012,1,10
E5600841,P001,923,2000,14,10
E5600841,P001,936,2000,5,10
E5600841,P001,922,2000,26,10
E5600841,P002,923,2000,19,10
E5600841,P002,936,2000,5,10
E5600841,P002,922,2000,17,10
E5600841,P003,923,2000,10,10
E5600841,P003,936,2000,6,10
E5600841,P003,922,2000,23,10
E5600841,P004,923,2000,19,10
E5600841,P004,936,2000,4,10
E5600841,P004,922,2000,21,10
E5600841,P005,923,2000,15,10
E5600841,P005,936,2000,4,10
E5600841,P005,922,2000,19,10
E5600841,P006,923,2000,23,10
E5600841,P006,936,2000,5,10
E5600841,P006,922,2000,58,10
E5600841,P007,923,2000,49,10
E5600841,P007,936,2000,6,10
E5600841,P007,922,2000,56,10
E5600841,P008,923,2000,43,10
E5600841,P008,936,2000,9,10
E5600841,P008,922,2000,6,10
E5600841,P009,923,2000,10,10
E5600841,P009,936,2000,5,10
E5600841,P009,922,2000,23,10
E5600841,P010,923,2000,9,10
E5600841,P010,936,2000,5,10
E5600841,P010,922,2000,17,10
E5600841,PC23,923,2000,55,10
E5600841,PC23,936,2000,7,10
E5600841,PC23,922,2000,28,10
E5600841,PC83,923,2000,59,10
E5600841,PC83,936,2000,7,10
E5600841,PC83,922,2000,23,10
E5600841,PPB1,923,2000,9,10
E5600841,PPB1,936,2000,9,10
E5600841,PPB1,922,2000,23,10
E5600841,PPC1,923,2000,11,10
E5600841,PPC1,936,2000,3,10
E5600841,PPC1,922,2000,20,10
E5600841,PR54,923,2000,59,10
E5600841,PR54,936,2000,6,10
E5600841,PR54,922,2000,32,10
E5600841,PR61,923,2000,65,10
E5600841,PR61,936,2000,4,10
E5600841,PR61,922,2000,37,10
E5600841,PR62,923,2000,58,10
E5600841,PR62,936,2000,4,10
E5600841,PR62,922,2000,17,10
E5600841,PS11,923,2000,28,10
E5600841,PS11,936,2000,11,10
E5600841,PS11,922,2000,65,10
E5600841,PS31,923,2000,131,10
E5600841,PS31,936,2000,12,10
E5600841,PS31,922,2000,87,10
E5600841,PS51,923,2000,30,10
E5600841,PS51,936,2000,13,10
E5600841,PS51,922,2000,22,10
E5600841,PS71,923,2000,0,00
E5600841,PS71,936,2000,0,00
E5600841,PS71,922,2000,0,00
E5600896,P004,911,2000,0,00
E5600896,P005,911,2000,0,00
E5600896,P007,911,2000,6,10
E5600896,P008,911,2000,8,10
E5400878,P010,911,2000,2,10
S2300401,P011,911,2012,9,10
S2300429,P701,911,2012,0,00
S2300429,PF01,911,2012,9,10
E5600332,P001,911,2012,0,00
E5600332,P002,911,2012,0,00
E5600332,P003,911,2012,0,00
E4900333,P001,922,2000,1,10
E4900333,P002,922,2000,0,00
E4900333,P003,922,2000,0,32
E4900333,P103,922,2000,0,32
E4900333,P021,922,2000,0,10
E4900333,P105,922,2000,55,10
E4900333,P001,923,2000,85,10
E4900333,P002,923,2000,0,00
E4900333,P003,923,2000,0,32
E4900333,P103,923,2000,0,32
E4900333,P021,923,2000,41,10
E4900333,P105,923,2000,82,10
E4900333,P001,936,2000,13,10
E4900333,P002,936,2000,0,00
E4900333,P003,936,2000,0,32
E4900333,P103,936,2000,0,32
E4900333,P021,936,2000,8,10
E4900333,P105,936,2000,11,10
E5600056,P004,922,2015,0,00
E5600056,P004,923,2015,0,00
E5600056,P004,924,2015,0,00
E5600056,P004,936,2015,0,00
E5600056,P006,922,2015,6,10
E5600056,P006,923,2015,68,10
E5600056,P006,924,2015,0,10
E5600056,P006,936,2015,5,10
E5600056,P007,922,2015,0,00
E5600056,P007,923,2015,0,00
E5600056,P007,924,2015,0,00
E5600056,P007,936,2015,0,00
E5600056,P008,922,2015,25,10
E5600056,P008,923,2015,61,10
E5600056,P008,924,2015,82,10
E5600056,P008,936,2015,5,10
E5600056,P016,922,2015,0,10
E5600056,P016,923,2015,30,10
E5600056,P016,936,2015,12,10
E5600056,P017,922,2015,3,10
E5600056,P017,923,2015,21,10
E5600056,P017,924,2015,1,10
E5600056,P017,936,2015,3,10
E5600056,P018,922,2015,3,10
E5600056,P018,923,2015,17,10
E5600056,P018,924,2015,0,10
E5600056,P018,936,2015,4,10
E5600056,P021,922,2015,0,10
E5600056,P021,923,2015,48,10
E5600056,P021,924,2015,0,10
E5600056,P021,936,2015,4,10
E5600056,P024,922,2015,3,10
E5600056,P024,923,2015,35,10
E5600056,P024,924,2015,2,10
E5600056,P024,936,2015,6,10
E5600056,P034,922,2015,8,10
E5600056,P034,923,2015,50,10
E5600056,P034,936,2015,1,10
E5600789,P001,911,2012,0,00
E5600056,P004,911,2018,0,00
E5600056,P006,911,2018,3,10
E5600056,P007,911,2018,0,00
E5600056,P008,911,2018,6,10
E5600056,P009,911,2018,3,10
E5600056,P016,911,2018,4,10
E5600056,P017,911,2018,3,10
E5600056,P018,911,2018,4,10
E5600056,P021,911,2018,2,10
E5600056,P022,911,2018,2,10
E5600056,P023,911,2018,1,10
E5600056,P024,911,2018,4,10
S2202553,P001,911,2012,1,10
S2202553,P002,911,2012,1,10
S2202553,P003,911,2012,1,10
S2100223,P015,911,2018,0,10
S1901066,P004,911,2012,5,10
S1900710,P070,911,2018,6,10
S1900710,P015,911,2018,0,00
S1900710,P050,911,2018,9,10
S1900710,P056,911,2018,6,10
S1900710,P060,911,2018,3,10
S1900685,P002,911,2012,14,10
S1900685,P421,911,2012,12,10
S1900685,P411,911,2012,4,10
S2201109,P711,911,1900,15,10
S2201109,P731,911,1900,18,10
S2201109,P741,911,1900,16,10
S2201109,P751,911,1900,17,10
S2201109,P711,923,1900,23,10
S2201109,P711,936,1900,6,10
S2201109,P711,922,1900,2,10
S2201109,P731,923,1900,46,10
S2201109,P731,936,1900,7,10
S2201109,P731,922,1900,13,10
S2201109,P741,923,1900,48,10
S2201109,P741,936,1900,5,10
S2201109,P741,922,1900,24,10
S2201109,P751,923,1900,52,10
S2201109,P751,936,1900,6,10
S2201109,P751,922,1900,11,10
S2201109,P711,248,1900,7423,10
S2201109,P711,223,1900,24,10
S2201109,P711,236,1900,6,10
S2201109,P711,222,1900,2,10
S2201109,P711,259,1900,53,10
S2201109,P731,248,1900,4238,10
S2201109,P731,223,1900,48,10
S2201109,P731,236,1900,7,10
S2201109,P731,222,1900,13,10
S2201109,P731,259,1900,53,10
S2201109,P741,248,1900,5431,10
S2201109,P741,223,1900,49,10
S2201109,P741,236,1900,5,10
S2201109,P741,222,1900,24,10
S2201109,P741,259,1900,53,10
S2201109,P751,248,1900,5090,10
S2201109,P751,223,1900,52,10
S2201109,P751,236,1900,6,10
S2201109,P751,222,1900,11,10
S2201109,P751,259,1900,51,10
E4900744,P001,911,2018,0,00
E4900744,P002,911,2018,0,00
E4900744,P023,911,2018,0,00
E5600841,P001,911,2012,5,10
E5600841,P002,911,2012,5,10
E5600841,P003,911,2012,9,10
E5600841,P004,911,2012,6,10
E5600841,P005,911,2012,9,10
E5600841,P006,911,2012,11,10
E5600841,P007,911,2012,12,10
E5600841,P008,911,2012,7,10
E5600841,P009,911,2012,9,10
E5600841,P010,911,2012,6,10
E5600841,PC23,911,2012,10,10
E5600841,PC83,911,2012,14,10
E5600841,PPB1,911,2012,8,10
E5600841,PPC1,911,2012,5,10
E5600841,PR54,911,2012,3,10
E5600841,PR61,911,2012,7,10
E5600841,PR62,911,2012,5,10
E5600841,PS11,911,2012,10,10
E5600841,PS12,911,2012,8,10
E5600841,PS31,911,2012,7,10
E5600841,PS32,911,2012,4,10
E5600841,PS51,911,2012,22,11
E5600841,PS52,911,2012,9,10
E5600841,PS71,911,2012,0,00
E5600841,PS72,911,2012,0,00
S2201109,P711,911,2012,15,10
S2201109,P731,911,2012,18,10
S2201109,P741,911,2012,17,10
S2201109,P751,911,2012,18,10
E4900333,P001,911,2012,9,10
E4900333,P002,911,2012,0,00
E4900333,P003,911,2012,0,32
E4900333,P103,911,2012,0,32
E4900333,P021,911,2012,6,10
E4900333,P105,911,2012,9,10
S2300438,P001,911,2018,5,10
E5601197,P002,911,2018,4,10
E5601197,P003,911,2018,4,10
S1602755,P101,911,2018,5,10
S1602755,P201,911,2018,5,10
S1602755,P301,911,2018,6,10
E5600850,PC01,911,2018,0,00
E5600869,P001,911,2018,4,10
E5600896,P004,911,2006,0,00
E5600896,P005,911,2006,0,00
E5600896,P007,911,2006,5,10
E5600896,P008,911,2006,8,10
E5400878,P010,911,2006,2,10
S2300401,P011,911,2018,9,10
S2300429,P701,911,2018,0,00
S2300429,PF01,911,2018,9,10
E5600332,P001,911,2018,0,00
E5600332,P002,911,2018,0,00
E5600332,P003,911,2018,0,00
E5600789,P001,911,2018,0,00
E5600056,P004,911,2024,0,00
E5600056,P006,911,2024,3,10
E5600056,P007,911,2024,0,00
E5600056,P008,911,2024,5,10
E5600056,P009,911,2024,3,10
E5600056,P016,911,2024,4,10
E5600056,P017,911,2024,3,10
E5600056,P018,911,2024,3,10
E5600056,P021,911,2024,2,10
E5600056,P022,911,2024,2,10
E5600056,P023,911,2024,1,10
E5600056,P024,911,2024,4,10
S2202553,P001,911,2018,1,10
S2202553,P002,911,2018,1,10
S2202553,P003,911,2018,1,10
S2100223,P015,911,2024,0,10
S2100223,P015,922,2015,0,10
S2100223,P015,923,2015,0,10
S2100223,P015,924,2015,0,10
S2100223,P015,936,2015,0,10
S1901066,P004,911,2018,5,10
S1900710,P015,911,2024,0,00
S1900710,P050,911,2024,11,10
S1900710,P056,911,2024,6,10
S1900710,P060,911,2024,2,10
S1900710,P070,911,2024,6,10
S1900685,P002,911,2018,14,10
S1900685,P421,911,2018,12,10
S1900685,P411,911,2018,4,10
E4900333,P001,911,2018,9,10
E4900333,P002,911,2018,0,00
E4900333,P003,911,2018,0,32
E4900333,P103,911,2018,0,32
E4900333,P021,911,2018,6,10
E4900333,P105,911,2018,10,10
E4900744,P001,911,2024,0,00
E4900744,P002,911,2024,0,00
E4900744,P023,911,2024,0,00
E4900744,P001,923,2015,0,00
E4900744,P023,923,2015,0,00
E4900744,P001,936,2015,0,00
E4900744,P023,936,2015,0,00
E5600841,P001,911,2018,5,10
E5600841,P002,911,2018,5,10
E5600841,P003,911,2018,9,10
E5600841,P004,911,2018,6,10
E5600841,P005,911,2018,9,10
E5600841,P006,911,2018,11,10
E5600841,P007,911,2018,12,10
E5600841,P008,911,2018,7,10
E5600841,P009,911,2018,9,10
E5600841,P010,911,2018,6,10
E5600841,PC23,911,2018,9,10
E5600841,PC83,911,2018,14,10
E5600841,PPB1,911,2018,8,10
E5600841,PPC1,911,2018,5,10
E5600841,PR54,911,2018,3,10
E5600841,PR61,911,2018,7,10
E5600841,PR62,911,2018,4,10
E5600841,PS11,911,2018,10,10
E5600841,PS12,911,2018,7,10
E5600841,PS31,911,2018,7,10
E5600841,PS32,911,2018,4,10
E5600841,PS51,911,2018,21,11
E5600841,PS52,911,2018,8,10
E5600841,PS71,911,2018,0,00
E5600841,PS72,911,2018,0,00
E5600896,P004,922,2000,0,00
E5600896,P004,923,2000,0,00
E5600896,P004,936,2000,0,00
E5600896,P005,922,2000,0,00
E5600896,P005,923,2000,0,00
E5600896,P005,936,2000,0,00
E5600896,P007,922,2000,0,10
E5600896,P007,923,2000,71,11
E5600896,P007,936,2000,5,10
E5600896,P008,922,2000,0,10
E5600896,P008,923,2000,64,10
E5600896,P008,936,2000,2,10
E5400878,P001,923,2000,22,10
E5400878,P001,936,2000,15,10
E5400878,P002,923,2000,18,10
E5400878,P002,936,2000,14,10
E5400878,P003,923,2000,18,10
E5400878,P003,936,2000,15,10
E5400878,P010,923,2000,17,10
E5400878,P010,936,2000,13,10
S2201109,P711,911,2018,15,10
S2201109,P731,911,2018,19,10
S2201109,P741,911,2018,17,10
S2201109,P751,911,2018,18,10
S2300438,P001,922,2015,0,10
S2300438,P001,923,2015,36,10
S2300438,P001,936,2015,5,10
S2300438,P001,911,2024,5,10
E5601197,P002,911,2024,4,10
E5601197,P003,911,2024,3,10
S1602755,P101,911,2024,5,10
S1602755,P201,911,2024,5,10
S1602755,P301,911,2024,6,10
S1602755,P101,922,2015,2,10
S1602755,P201,922,2015,2,10
S1602755,P301,922,2015,2,10
S1602755,P101,923,2015,60,10
S1602755,P201,923,2015,64,10
S1602755,P301,923,2015,57,10
S1602755,P101,924,2015,16,10
S1602755,P201,924,2015,20,10
S1602755,P301,924,2015,4,10
S1602755,P101,926,2015,5,10
S1602755,P201,926,2015,7,10
S1602755,P301,926,2015,8,10
S1602755,P101,936,2015,9,10
S1602755,P201,936,2015,8,10
S1602755,P301,936,2015,8,10
E5600850,PC01,923,2015,0,00
E5600850,PC01,924,2015,0,00
E5600850,PC01,936,2015,0,00
E5600850,PC01,926,2015,0,00
E5600850,PC01,911,2024,0,00
E5600869,P001,911,2024,4,10
E5600869,P001,922,2015,138,10
E5600869,P001,923,2015,124,10
E5600869,P001,936,2015,7,10
S2300401,P011,923,2015,59,10
S2300401,P011,936,2015,6,10
S2300401,P011,922,2015,40,10
S2300429,P701,922,2015,0,00
S2300429,P701,923,2015,0,00
S2300429,P701,936,2015,0,00
S2300429,PF01,922,2015,21,10
S2300429,PF01,923,2015,29,10
S2300429,PF01,936,2015,5,10
E5600896,P004,911,2012,0,00
E5600896,P005,911,2012,0,00
E5600896,P007,911,2012,5,10
E5600896,P008,911,2012,7,10
E5400878,P010,911,2012,2,10
S2300401,P011,911,2024,9,10
S2300429,P701,911,2024,0,00
S2300429,PF01,911,2024,9,10
E5600332,P001,911,2024,0,00
E5600332,P002,911,2024,0,00
E5600332,P003,911,2024,0,00
E5600789,P001,911,2024,0,00
E5600056,P004,911,2030,0,00
E5600056,P006,911,2030,3,10
E5600056,P007,911,2030,0,00
E5600056,P008,911,2030,5,10
E5600056,P009,911,2030,2,10
E5600056,P016,911,2030,3,10
E5600056,P017,911,2030,3,10
E5600056,P018,911,2030,3,10
E5600056,P021,911,2030,2,10
E5600056,P022,911,2030,2,10
E5600056,P023,911,2030,1,10
E5600056,P024,911,2030,4,10
E5600056,P004,922,2030,0,00
E5600056,P004,923,2030,0,00
E5600056,P004,924,2030,0,00
E5600056,P004,936,2030,0,00
E5600056,P006,922,2030,10,10
E5600056,P006,923,2030,68,10
E5600056,P006,924,2030,0,10
E5600056,P006,936,2030,5,10
E5600056,P007,922,2030,0,00
E5600056,P007,923,2030,0,00
E5600056,P007,924,2030,0,00
E5600056,P007,936,2030,0,00
E5600056,P008,922,2030,26,10
E5600056,P008,923,2030,62,10
E5600056,P008,924,2030,66,10
E5600056,P008,936,2030,5,10
E5600056,P016,922,2030,1,10
E5600056,P016,923,2030,31,10
E5600056,P016,936,2030,12,10
E5600056,P017,922,2030,3,10
E5600056,P017,923,2030,22,10
E5600056,P017,924,2030,1,10
E5600056,P017,936,2030,3,10
E5600056,P018,922,2030,3,10
E5600056,P018,923,2030,17,10
E5600056,P018,936,2030,4,10
E5600056,P021,922,2030,0,10
E5600056,P021,923,2030,49,10
E5600056,P021,936,2030,4,10
E5600056,P024,922,2030,3,10
E5600056,P024,923,2030,35,10
E5600056,P024,924,2030,2,10
E5600056,P024,936,2030,6,10
E5600056,P034,923,2030,51,10
E5600056,P034,936,2030,1,10
S2202553,P001,911,2024,1,10
S2202553,P002,911,2024,1,10
S2202553,P003,911,2024,1,10
S2202553,P001,922,2015,12,10
S2202553,P002,922,2015,7,10
S2202553,P003,922,2015,10,10
S2202553,P001,923,2015,84,10
S2202553,P002,923,2015,98,10
S2202553,P003,923,2015,99,10
S2202553,P001,924,2015,5,10
S2202553,P002,924,2015,1,10
S2202553,P003,924,2015,2,10
S2202553,P001,926,2015,26,10
S2202553,P002,926,2015,17,10
S2202553,P003,926,2015,16,10
S2202553,P001,936,2015,11,10
S2202553,P002,936,2015,10,10
S2202553,P003,936,2015,8,10
S2100223,P015,911,2030,0,10
S2201109,P711,923,2015,24,10
S2201109,P711,936,2015,6,10
S2201109,P711,922,2015,2,10
S2201109,P731,923,2015,46,10
S2201109,P731,936,2015,7,10
S2201109,P731,922,2015,14,10
S2201109,P741,923,2015,54,10
S2201109,P741,936,2015,5,10
S2201109,P741,922,2015,23,10
S2201109,P751,923,2015,51,10
S2201109,P751,936,2015,6,10
S2201109,P751,922,2015,12,10
S1901066,P004,922,2015,229,10
S1901066,P004,923,2015,176,10
S1901066,P004,924,2015,0,10
S1901066,P004,936,2015,4,10
S1901066,P004,937,2015,10,10
S2201109,P711,911,2024,15,10
S2201109,P731,911,2024,18,10
S2201109,P741,911,2024,17,10
S2201109,P751,911,2024,18,10
S1901066,P004,911,2024,5,10
S1900710,P015,911,2030,0,00
S1900710,P050,911,2030,4,10
S1900710,P056,911,2030,7,10
S1900710,P060,911,2030,2,10
S1900710,P070,911,2030,6,10
S1900710,P015,923,2030,0,00
S1900710,P015,936,2030,0,00
S1900710,P015,922,2030,0,00
S1900710,P050,923,2030,115,10
S1900710,P050,936,2030,6,10
S1900710,P050,922,2030,60,10
S1900710,P056,923,2030,41,10
S1900710,P056,936,2030,3,10
S1900710,P056,922,2030,22,10
S1900710,P060,923,2030,21,10
S1900710,P060,936,2030,5,10
S1900710,P060,922,2030,26,10
S1900710,P070,923,2030,19,10
S1900710,P070,936,2030,8,10
S1900710,P070,922,2030,16,10
S1900685,P002,911,2024,14,10
S1900685,P421,911,2024,12,10
S1900685,P421,922,2015,18,10
S1900685,P421,923,2015,73,10
S1900685,P421,936,2015,6,10
S1900685,P411,911,2024,4,10
S1900685,P411,922,2015,26,10
S1900685,P411,923,2015,67,10
S1900685,P411,936,2015,12,10
E4900333,P001,911,2024,9,10
E4900333,P002,911,2024,0,00
E4900333,P003,911,2024,0,32
E4900333,P103,911,2024,0,32
E4900333,P021,911,2024,7,10
E4900333,P105,911,2024,9,10
E4900333,P001,922,2015,1,10
E4900333,P002,922,2015,0,00
E4900333,P003,922,2015,0,32
E4900333,P103,922,2015,0,32
E4900333,P021,922,2015,0,10
E4900333,P105,922,2015,54,10
E4900333,P001,923,2015,84,10
E4900333,P002,923,2015,0,00
E4900333,P003,923,2015,0,32
E4900333,P103,923,2015,0,32
E4900333,P021,923,2015,42,10
E4900333,P105,923,2015,81,10
E4900333,P001,936,2015,13,10
E4900333,P002,936,2015,0,00
E4900333,P003,936,2015,0,32
E4900333,P103,936,2015,0,32
E4900333,P021,936,2015,8,10
E4900333,P105,936,2015,11,10
E4900744,P001,911,2030,0,00
E4900744,P002,911,2030,0,00
E4900744,P023,911,2030,0,00
E5600841,P001,923,2015,13,10
E5600841,P001,936,2015,5,10
E5600841,P001,911,2024,5,10
E5600841,P001,922,2015,26,10
E5600841,P002,923,2015,18,10
E5600841,P002,936,2015,5,10
E5600841,P002,911,2024,5,10
E5600841,P002,922,2015,18,10
E5600841,P003,923,2015,10,10
E5600841,P003,936,2015,6,10
E5600841,P003,911,2024,9,10
E5600841,P003,922,2015,23,10
E5600841,P004,923,2015,19,10
E5600841,P004,936,2015,4,10
E5600841,P004,911,2024,6,10
E5600841,P004,922,2015,20,10
E5600841,P005,923,2015,15,10
E5600841,P005,936,2015,4,10
E5600841,P005,911,2024,9,10
E5600841,P005,922,2015,20,10
E5600841,P006,923,2015,25,10
E5600841,P006,936,2015,5,10
E5600841,P006,911,2024,11,10
E5600841,P006,922,2015,57,10
E5600841,P007,923,2015,55,10
E5600841,P007,936,2015,6,10
E5600841,P007,911,2024,12,10
E5600841,P007,922,2015,55,10
E5600841,P008,923,2015,44,10
E5600841,P008,936,2015,9,10
E5600841,P008,911,2024,7,10
E5600841,P008,922,2015,6,10
E5600841,P009,923,2015,9,10
E5600841,P009,936,2015,5,10
E5600841,P009,911,2024,9,10
E5600841,P009,922,2015,22,10
E5600841,P010,923,2015,9,10
E5600841,P010,936,2015,5,10
E5600841,P010,911,2024,6,10
E5600841,P010,922,2015,17,10
E5600841,PC23,923,2015,72,10
E5600841,PC23,936,2015,7,10
E5600841,PC23,911,2024,9,10
E5600841,PC23,922,2015,26,10
E5600841,PC83,923,2015,58,10
E5600841,PC83,936,2015,7,10
E5600841,PC83,911,2024,15,10
E5600841,PC83,922,2015,23,10
E5600841,PPB1,923,2015,9,10
E5600841,PPB1,936,2015,8,10
E5600841,PPB1,911,2024,8,10
E5600841,PPB1,922,2015,22,10
E5600841,PPC1,923,2015,11,10
E5600841,PPC1,936,2015,3,10
E5600841,PPC1,911,2024,5,10
E5600841,PPC1,922,2015,20,10
E5600841,PR54,923,2015,54,10
E5600841,PR54,936,2015,6,10
E5600841,PR54,911,2024,3,10
E5600841,PR54,922,2015,32,10
E5600841,PR61,923,2015,70,10
E5600841,PR61,936,2015,4,10
E5600841,PR61,911,2024,7,10
E5600841,PR61,922,2015,37,10
E5600841,PR62,923,2015,59,10
E5600841,PR62,936,2015,4,10
E5600841,PR62,911,2024,4,10
E5600841,PR62,922,2015,17,10
E5600841,PS11,923,2015,29,10
E5600841,PS11,936,2015,11,10
E5600841,PS11,911,2024,11,10
E5600841,PS11,922,2015,68,10
E5600841,PS12,911,2024,6,10
E5600841,PS31,923,2015,136,10
E5600841,PS31,936,2015,12,10
E5600841,PS31,911,2024,7,10
E5600841,PS31,922,2015,88,10
E5600841,PS32,911,2024,4,10
E5600841,PS51,923,2015,42,10
E5600841,PS51,936,2015,12,10
E5600841,PS51,911,2024,20,11
E5600841,PS51,922,2015,10,10
E5600841,PS52,911,2024,8,10
E5600841,PS71,923,2015,0,00
E5600841,PS71,936,2015,0,00
E5600841,PS71,911,2024,0,00
E5600841,PS71,922,2015,0,00
E5600841,PS72,911,2024,0,00
E5600332,P001,911,2030,0,00
E5600332,P002,911,2030,0,00
E5600332,P003,911,2030,0,00
E5601197,P002,911,2030,3,10
E5601197,P003,911,2030,3,10
S1602755,P101,911,2030,5,10
S1602755,P201,911,2030,5,10
S1602755,P301,911,2030,6,10
S2300438,P001,911,2030,5,10
E5600869,P001,911,2030,4,10
E5600896,P004,911,2018,0,00
E5600896,P005,911,2018,0,00
E5600896,P007,911,2018,5,10
E5600896,P008,911,2018,7,10
E5400878,P010,911,2018,2,10
E5600850,PC01,911,2030,0,00
E5600789,P001,911,2030,0,00
E5600056,P004,911,2036,0,00
E5600056,P006,911,2036,3,10
E5600056,P007,911,2036,0,00
E5600056,P008,911,2036,5,10
E5600056,P009,911,2036,2,10
E5600056,P016,911,2036,4,10
E5600056,P017,911,2036,3,10
E5600056,P018,911,2036,3,10
E5600056,P021,911,2036,2,10
E5600056,P022,911,2036,2,10
E5600056,P023,911,2036,1,10
E5600056,P024,911,2036,4,10
S2202553,P001,911,2030,1,10
S2202553,P002,911,2030,1,10
S2202553,P003,911,2030,1,10
S2100223,P015,911,2036,0,10
S1901066,P004,911,2030,5,10
S1900710,P015,911,2036,0,00
S1900710,P050,911,2036,4,10
S1900710,P056,911,2036,6,10
S1900710,P060,911,2036,2,10
S1900710,P070,911,2036,6,10
S1900685,P002,911,2030,14,10
S1900685,P421,911,2030,14,10
S1900685,P411,911,2030,4,10
S1601990,P001,911,2030,4,10
S1601990,P004,911,2030,4,10
S1601990,P049,911,2030,2,10
E4900744,P001,911,2036,0,00
E4900744,P002,911,2036,0,00
E4900744,P023,911,2036,0,00
E5600841,P001,911,2030,6,10
E5600841,P002,911,2030,6,10
E5600841,P003,911,2030,9,10
E5600841,P004,911,2030,7,10
E5600841,P005,911,2030,9,10
E5600841,P006,911,2030,11,10
E5600841,P007,911,2030,12,10
E5600841,P008,911,2030,8,10
E5600841,P009,911,2030,9,10
E5600841,P010,911,2030,6,10
E5600841,PC23,911,2030,9,10
E5600841,PC83,911,2030,14,10
E5600841,PPB1,911,2030,8,10
E5600841,PPC1,911,2030,6,10
E5600841,PR54,911,2030,3,10
E5600841,PR61,911,2030,7,10
E5600841,PR62,911,2030,4,10
E5600841,PS11,911,2030,10,10
E5600841,PS12,911,2030,6,10
E5600841,PS31,911,2030,7,10
E5600841,PS32,911,2030,4,10
E5600841,PS51,911,2030,18,10
E5600841,PS52,911,2030,8,10
E5600841,PS71,911,2030,0,00
E5600841,PS72,911,2030,0,00
E4900333,P001,911,2030,9,10
E4900333,P002,911,2030,0,00
E4900333,P003,911,2030,0,32
E4900333,P103,911,2030,0,32
E4900333,P021,911,2030,7,10
E4900333,P105,911,2030,9,10
S2100223,P015,922,2030,0,10
S2100223,P015,923,2030,0,10
S2100223,P015,924,2030,0,10
S2100223,P015,936,2030,0,10
E5600332,P001,911,2036,0,00
E5600332,P002,911,2036,0,00
E5600332,P003,911,2036,0,00
E5601197,P002,911,2036,3,10
E5601197,P003,911,2036,3,10
S1601990,P001,911,2036,4,10
S1601990,P004,911,2036,4,10
S1601990,P049,911,2036,2,10
S1602755,P101,911,2036,5,10
S1602755,P201,911,2036,5,10
S1602755,P301,911,2036,6,10
S2300438,P001,911,2036,5,10
E5600869,P001,911,2036,4,10
E4900744,P001,923,2030,0,00
E4900744,P023,923,2030,0,00
E4900744,P001,936,2030,0,00
E4900744,P023,936,2030,0,00
E5600896,P004,922,2015,0,00
E5600896,P004,923,2015,0,00
E5600896,P004,936,2015,0,00
E5600896,P005,922,2015,0,00
E5600896,P005,923,2015,0,00
E5600896,P005,936,2015,0,00
E5600896,P007,922,2015,0,10
E5600896,P007,923,2015,70,11
E5600896,P007,936,2015,5,10
E5600896,P008,922,2015,0,10
E5600896,P008,923,2015,63,10
E5600896,P008,936,2015,2,10
E5600896,P004,911,2024,0,00
E5600896,P005,911,2024,0,00
E5600896,P007,911,2024,5,10
E5600896,P008,911,2024,7,10
E5400878,P001,923,2015,22,10
E5400878,P001,936,2015,15,10
E5400878,P002,923,2015,19,10
E5400878,P002,936,2015,14,10
E5400878,P003,923,2015,18,10
E5400878,P003,936,2015,15,10
E5400878,P010,923,2015,18,10
E5400878,P010,936,2015,13,10
E5400878,P010,911,2024,2,10
S2300429,P701,911,2036,0,00
S2300429,PF01,911,2036,9,10
E5600850,PC01,911,2036,0,00
E5600789,P001,911,2036,0,00
E5600056,P004,911,2042,0,00
E5600056,P006,911,2042,3,10
E5600056,P007,911,2042,0,00
E5600056,P008,911,2042,6,10
E5600056,P009,911,2042,3,10
E5600056,P016,911,2042,4,10
E5600056,P017,911,2042,2,10
E5600056,P018,911,2042,3,10
E5600056,P021,911,2042,2,10
E5600056,P022,911,2042,2,10
E5600056,P023,911,2042,1,10
E5600056,P024,911,2042,4,10
S2202553,P001,911,2036,1,10
S2202553,P002,911,2036,1,10
S2202553,P003,911,2036,1,10
S2100223,P015,911,2042,0,10
S2300438,P001,922,2030,0,10
S2300438,P001,923,2030,35,10
S2300438,P001,936,2030,6,10
S2201109,P711,911,2036,15,10
S2201109,P731,911,2036,19,10
S2201109,P741,911,2036,17,10
S2201109,P751,911,2036,17,10
S2300401,P011,911,2036,9,10
S1901066,P004,911,2036,5,10
S1900710,P015,911,2042,0,00
S1900710,P050,911,2042,4,10
S1900710,P056,911,2042,5,10
S1900710,P060,911,2042,2,10
S1900710,P070,911,2042,6,10
S1900685,P002,911,2036,13,10
S1900685,P421,911,2036,13,10
S1900685,P411,911,2036,4,10
S1602755,P101,922,2030,2,10
S1602755,P201,922,2030,2,10
S1602755,P301,922,2030,2,10
S1602755,P101,923,2030,85,10
S1602755,P201,923,2030,54,10
S1602755,P301,923,2030,51,10
S1602755,P101,924,2030,6,10
S1602755,P201,924,2030,58,10
S1602755,P301,924,2030,8,10
S1602755,P101,926,2030,6,10
S1602755,P201,926,2030,7,10
S1602755,P301,926,2030,6,10
S1602755,P101,936,2030,9,10
S1602755,P201,936,2030,7,10
S1602755,P301,936,2030,8,10
S2300429,P701,911,2030,0,00
S2300429,P701,922,2030,0,00
S2300429,P701,923,2030,0,00
S2300429,P701,936,2030,0,00
S2300429,PF01,911,2030,9,10
S2300429,PF01,922,2030,21,10
S2300429,PF01,923,2030,26,10
S2300429,PF01,936,2030,5,10
E5600850,PC01,923,2030,0,00
E5600850,PC01,924,2030,0,00
E5600850,PC01,936,2030,0,00
E5600850,PC01,926,2030,0,00
E5600869,P001,922,2030,133,10
E5600869,P001,923,2030,126,10
E5600869,P001,936,2030,7,10
E4900744,P001,911,2042,0,00
E4900744,P002,911,2042,0,00
E4900744,P023,911,2042,0,00
E5600841,P001,911,2036,5,10
E5600841,P002,911,2036,6,10
E5600841,P003,911,2036,9,10
E5600841,P004,911,2036,7,10
E5600841,P005,911,2036,9,10
E5600841,P006,911,2036,11,10
E5600841,P007,911,2036,12,10
E5600841,P008,911,2036,8,10
E5600841,P009,911,2036,9,10
E5600841,P010,911,2036,6,10
E5600841,PC23,911,2036,9,10
E5600841,PC83,911,2036,14,10
E5600841,PPB1,911,2036,8,10
E5600841,PPC1,911,2036,6,10
E5600841,PR54,911,2036,3,10
E5600841,PR61,911,2036,7,10
E5600841,PR62,911,2036,4,10
E5600841,PS11,911,2036,11,10
E5600841,PS12,911,2036,7,10
E5600841,PS31,911,2036,7,10
E5600841,PS32,911,2036,4,10
E5600841,PS51,911,2036,17,10
E5600841,PS52,911,2036,8,10
E5600841,PS71,911,2036,0,00
E5600841,PS72,911,2036,0,00
S2300401,P011,911,2030,9,10
S2300401,P011,923,2030,59,10
S2300401,P011,936,2030,6,10
S2300401,P011,922,2030,40,10
S1901066,P004,922,2030,230,10
S1901066,P004,923,2030,176,10
S1901066,P004,924,2030,0,10
S1901066,P004,936,2030,4,10
S1901066,P004,937,2030,11,10
E4900333,P001,911,2036,9,10
E4900333,P002,911,2036,0,00
E4900333,P003,911,2036,0,32
E4900333,P103,911,2036,0,32
E4900333,P021,911,2036,7,10
E4900333,P105,911,2036,9,10
S1900710,P070,923,2045,16,10
S1900710,P070,936,2045,8,10
S1900710,P070,922,2045,16,10
S1900710,P015,923,2045,0,00
S1900710,P015,936,2045,0,00
S1900710,P015,922,2045,0,00
S1900710,P050,923,2045,119,10
S1900710,P050,936,2045,6,10
S1900710,P050,922,2045,63,10
S1900710,P056,923,2045,41,10
S1900710,P056,936,2045,3,10
S1900710,P056,922,2045,21,10
S1900710,P060,923,2045,23,10
S1900710,P060,936,2045,5,10
S1900710,P060,922,2045,26,10
S1900685,P421,922,2030,18,10
S1900685,P421,923,2030,71,10
S1900685,P421,936,2030,6,10
S1900685,P411,922,2030,25,10
S1900685,P411,923,2030,64,10
S1900685,P411,936,2030,12,10
E5600332,P001,911,2042,0,00
E5600332,P002,911,2042,0,00
E5600332,P003,911,2042,0,00
S2202553,P001,922,2030,11,10
S2202553,P002,922,2030,5,10
S2202553,P003,922,2030,13,10
S2202553,P001,923,2030,85,10
S2202553,P002,923,2030,91,10
S2202553,P003,923,2030,94,10
S2202553,P001,924,2030,4,10
S2202553,P002,924,2030,1,10
S2202553,P003,924,2030,2,10
S2202553,P001,926,2030,26,10
S2202553,P002,926,2030,7,10
S2202553,P003,926,2030,18,10
S2202553,P001,936,2030,11,10
S2202553,P002,936,2030,10,10
S2202553,P003,936,2030,8,10
E5601197,P002,911,2042,3,10
E5601197,P003,911,2042,3,10
S1602755,P101,911,2042,5,10
S1602755,P201,911,2042,5,10
S1602755,P301,911,2042,6,10
S2300438,P001,911,2042,5,10
E5600869,P001,911,2042,4,10
S1900685,P002,911,2042,14,10
S1900685,P421,911,2042,13,10
S1900685,P411,911,2042,4,10
E5600841,P001,923,2030,13,10
E5600841,P001,936,2030,5,10
E5600841,P001,922,2030,23,10
E5600841,P002,923,2030,20,10
E5600841,P002,936,2030,4,10
E5600841,P002,922,2030,16,10
E5600841,P003,923,2030,10,10
E5600841,P003,936,2030,5,10
E5600841,P003,922,2030,21,10
E5600841,P004,923,2030,20,10
E5600841,P004,936,2030,4,10
E5600841,P004,922,2030,18,10
E5600841,P005,923,2030,15,10
E5600841,P005,936,2030,4,10
E5600841,P005,922,2030,17,10
E5600841,P006,923,2030,29,10
E5600841,P006,936,2030,5,10
E5600841,P006,922,2030,57,10
E5600841,P007,923,2030,56,10
E5600841,P007,936,2030,6,10
E5600841,P007,922,2030,53,10
E5600841,P008,923,2030,42,10
E5600841,P008,936,2030,9,10
E5600841,P008,922,2030,6,10
E5600841,P009,923,2030,10,10
E5600841,P009,936,2030,5,10
E5600841,P009,922,2030,23,10
E5600841,P010,923,2030,9,10
E5600841,P010,936,2030,5,10
E5600841,P010,922,2030,17,10
E5600841,PC23,923,2030,67,10
E5600841,PC23,936,2030,8,10
E5600841,PC23,922,2030,28,10
E5600841,PC83,923,2030,59,10
E5600841,PC83,936,2030,7,10
E5600841,PC83,922,2030,23,10
E5600841,PPB1,923,2030,8,10
E5600841,PPB1,936,2030,8,10
E5600841,PPB1,922,2030,22,10
E5600841,PPC1,923,2030,11,10
E5600841,PPC1,936,2030,3,10
E5600841,PPC1,922,2030,18,10
E5600841,PR54,923,2030,52,10
E5600841,PR54,936,2030,6,10
E5600841,PR54,922,2030,32,10
E5600841,PR61,923,2030,71,10
E5600841,PR61,936,2030,4,10
E5600841,PR61,922,2030,32,10
E5600841,PR62,923,2030,66,10
E5600841,PR62,936,2030,5,10
E5600841,PR62,922,2030,15,10
E5600841,PS11,923,2030,30,10
E5600841,PS11,936,2030,11,10
E5600841,PS11,922,2030,65,10
E5600841,PS31,923,2030,135,10
E5600841,PS31,936,2030,12,10
E5600841,PS31,922,2030,84,10
E5600841,PS51,923,2030,46,10
E5600841,PS51,936,2030,12,10
E5600841,PS51,922,2030,19,10
E5600841,PS71,923,2030,0,00
E5600841,PS71,936,2030,0,00
E5600841,PS71,922,2030,0,00
E5600896,P004,911,2030,0,00
E5600896,P005,911,2030,0,00
E5600896,P007,911,2030,5,10
E5600896,P008,911,2030,7,10
E5400878,P010,911,2030,2,10
E5600850,PC01,911,2042,0,00
E5600056,P004,922,2045,0,00
E5600056,P004,923,2045,0,00
E5600056,P004,924,2045,0,00
E5600056,P004,936,2045,0,00
E5600056,P006,922,2045,14,10
E5600056,P006,923,2045,67,10
E5600056,P006,924,2045,0,10
E5600056,P006,936,2045,5,10
E5600056,P007,922,2045,0,00
E5600056,P007,923,2045,0,00
E5600056,P007,924,2045,0,00
E5600056,P007,936,2045,0,00
E5600056,P008,922,2045,24,10
E5600056,P008,923,2045,60,10
E5600056,P008,924,2045,103,10
E5600056,P008,936,2045,5,10
E5600056,P016,922,2045,1,10
E5600056,P016,923,2045,30,10
E5600056,P016,936,2045,12,10
E5600056,P017,922,2045,3,10
E5600056,P017,923,2045,22,10
E5600056,P017,924,2045,1,10
E5600056,P017,936,2045,3,10
E5600056,P018,922,2045,4,10
E5600056,P018,923,2045,17,10
E5600056,P018,924,2045,0,10
E5600056,P018,936,2045,4,10
E5600056,P021,922,2045,0,10
E5600056,P021,923,2045,49,10
E5600056,P021,924,2045,0,10
E5600056,P021,936,2045,4,10
E5600056,P024,922,2045,3,10
E5600056,P024,923,2045,34,10
E5600056,P024,924,2045,2,10
E5600056,P024,936,2045,6,10
E5600056,P034,922,2045,8,10
E5600056,P034,923,2045,53,10
E5600056,P034,936,2045,1,10
E5600789,P001,911,2042,0,00
E5600056,P004,911,2048,0,00
E5600056,P006,911,2048,3,10
E5600056,P007,911,2048,0,00
E5600056,P008,911,2048,6,10
E5600056,P009,911,2048,3,10
E5600056,P016,911,2048,3,10
E5600056,P017,911,2048,2,10
E5600056,P018,911,2048,3,10
E5600056,P021,911,2048,2,10
E5600056,P022,911,2048,2,10
E5600056,P023,911,2048,1,10
E5600056,P024,911,2048,4,10
S2202553,P001,911,2042,1,10
S2202553,P002,911,2042,1,10
S2202553,P003,911,2042,1,10
S2100223,P015,911,2048,0,10
S2201109,P711,911,2030,15,10
S2201109,P731,911,2030,18,10
S2201109,P741,911,2030,17,10
S2201109,P751,911,2030,17,10
S2201109,P711,923,2030,24,10
S2201109,P711,936,2030,6,10
S2201109,P711,922,2030,3,10
S2201109,P731,923,2030,48,10
S2201109,P731,936,2030,7,10
S2201109,P731,922,2030,14,10
S2201109,P741,923,2030,45,10
S2201109,P741,936,2030,5,10
S2201109,P741,922,2030,24,10
S2201109,P751,923,2030,52,10
S2201109,P751,936,2030,6,10
S2201109,P751,922,2030,11,10
S2201109,P711,911,2042,15,10
S2201109,P731,911,2042,18,10
S2201109,P741,911,2042,16,10
S2201109,P751,911,2042,17,10
S2300401,P011,911,2042,9,10
S2300429,P701,911,2042,0,00
S2300429,PF01,911,2042,9,10
S1901066,P004,911,2042,5,10
E4900333,P001,922,2030,1,10
E4900333,P002,922,2030,0,00
E4900333,P003,922,2030,0,32
E4900333,P103,922,2030,0,32
E4900333,P021,922,2030,0,10
E4900333,P105,922,2030,54,10
E4900333,P001,923,2030,83,10
E4900333,P002,923,2030,0,00
E4900333,P003,923,2030,0,32
E4900333,P103,923,2030,0,32
E4900333,P021,923,2030,40,10
E4900333,P105,923,2030,80,10
E4900333,P001,936,2030,13,10
E4900333,P002,936,2030,0,00
E4900333,P003,936,2030,0,32
E4900333,P103,936,2030,0,32
E4900333,P021,936,2030,8,10
E4900333,P105,936,2030,11,10
S1900710,P070,911,2048,6,10
S1900710,P015,911,2048,0,00
S1900710,P050,911,2048,4,10
S1900710,P056,911,2048,5,10
S1900710,P060,911,2048,2,10
E4900744,P001,911,2048,0,00
E4900744,P002,911,2048,0,00
E4900744,P023,911,2048,0,00
E5600841,P001,911,2042,5,10
E5600841,P002,911,2042,6,10
E5600841,P003,911,2042,9,10
E5600841,P004,911,2042,6,10
E5600841,P005,911,2042,9,10
E5600841,P006,911,2042,11,10
E5600841,P007,911,2042,12,10
E5600841,P008,911,2042,8,10
E5600841,P009,911,2042,9,10
E5600841,P010,911,2042,6,10
E5600841,PC23,911,2042,9,10
E5600841,PC83,911,2042,14,10
E5600841,PPB1,911,2042,8,10
E5600841,PPC1,911,2042,6,10
E5600841,PR54,911,2042,3,10
E5600841,PR61,911,2042,7,10
E5600841,PR62,911,2042,4,10
E5600841,PS11,911,2042,10,10
E5600841,PS12,911,2042,8,10
E5600841,PS31,911,2042,7,10
E5600841,PS32,911,2042,4,10
E5600841,PS51,911,2042,16,10
E5600841,PS52,911,2042,8,10
E5600841,PS71,911,2042,0,00
E5600841,PS72,911,2042,0,00
E4900333,P001,911,2042,9,10
E4900333,P002,911,2042,0,00
E4900333,P003,911,2042,0,32
E4900333,P103,911,2042,0,32
E4900333,P021,911,2042,7,10
E4900333,P105,911,2042,9,10
E5600332,P001,911,2048,0,00
E5600332,P002,911,2048,0,00
E5600332,P003,911,2048,0,00
E5601197,P002,911,2048,3,10
E5601197,P003,911,2048,3,10
S1602755,P101,911,2048,5,10
S1602755,P201,911,2048,5,10
S1602755,P301,911,2048,6,10
S2300438,P001,911,2048,5,10
E5600869,P001,911,2048,4,10
S1900685,P002,911,2048,14,10
S1900685,P421,911,2048,13,10
S1900685,P411,911,2048,4,10
E5600896,P004,911,2036,0,00
E5600896,P005,911,2036,0,00
E5600896,P007,911,2036,5,10
E5600896,P008,911,2036,7,10
E5400878,P010,911,2036,2,10
E5600850,PC01,911,2048,0,00
E5600789,P001,911,2048,0,00
E5600056,P004,911,2054,0,00
E5600056,P006,911,2054,3,10
E5600056,P007,911,2054,0,00
E5600056,P008,911,2054,6,10
E5600056,P009,911,2054,2,10
E5600056,P016,911,2054,4,10
E5600056,P017,911,2054,2,10
E5600056,P018,911,2054,3,10
E5600056,P021,911,2054,2,10
E5600056,P022,911,2054,3,10
E5600056,P023,911,2054,1,10
E5600056,P024,911,2054,4,10
S2005081,P401,911,2054,0,32
S2202553,P001,911,2048,1,10
S2202553,P002,911,2048,1,10
S2202553,P003,911,2048,1,10
S2100223,P015,911,2054,0,10
S2100223,P015,922,2045,0,10
S2100223,P015,923,2045,0,10
S2100223,P015,924,2045,0,10
S2100223,P015,936,2045,0,10
S2100223,P015,222,2000,0,
S2100223,P015,223,2000,0,
S2100223,P015,224,2000,0,
S2100223,P015,236,2000,0,
S2100223,P015,248,2000,0,
S2100223,P015,259,2000,0,
S2201109,P711,911,2048,15,10
S2201109,P731,911,2048,19,10
S2201109,P741,911,2048,16,10
S2201109,P751,911,2048,17,10
S2300401,P011,911,2048,9,10
S2300429,P701,911,2048,0,00
S2300429,PF01,911,2048,9,10
S1901066,P004,911,2048,5,10
S1900710,P015,911,2054,0,00
S1900710,P050,911,2054,4,10
S1900710,P056,911,2054,5,10
S1900710,P060,911,2054,3,10
S1900710,P070,911,2054,6,10
E4900744,P001,911,2054,0,00
E4900744,P002,911,2054,0,00
E4900744,P023,911,2054,0,00
E4900744,P001,923,2045,0,00
E4900744,P023,923,2045,0,00
E4900744,P001,936,2045,0,00
E4900744,P023,936,2045,0,00
E4900744,P001,223,2000,0,00
E4900744,P023,223,2000,0,00
E4900744,P001,236,2000,0,00
E4900744,P023,236,2000,0,00
E4900744,P001,248,2000,0,00
E4900744,P023,248,2000,0,00
E4900744,P001,259,2000,0,00
E4900744,P023,259,2000,0,00
E5600841,P001,911,2048,5,10
E5600841,P002,911,2048,6,10
E5600841,P003,911,2048,9,10
E5600841,P004,911,2048,6,10
E5600841,P005,911,2048,9,10
E5600841,P006,911,2048,11,10
E5600841,P007,911,2048,12,10
E5600841,P008,911,2048,8,10
E5600841,P009,911,2048,9,10
E5600841,P010,911,2048,6,10
E5600841,PC23,911,2048,9,10
E5600841,PC83,911,2048,14,10
E5600841,PPB1,911,2048,8,10
E5600841,PPC1,911,2048,5,10
E5600841,PR54,911,2048,3,10
E5600841,PR61,911,2048,7,10
E5600841,PR62,911,2048,4,10
E5600841,PS11,911,2048,11,10
E5600841,PS12,911,2048,7,10
E5600841,PS31,911,2048,7,10
E5600841,PS32,911,2048,4,10
E5600841,PS51,911,2048,15,10
E5600841,PS52,911,2048,8,10
E5600841,PS71,911,2048,0,00
E5600841,PS72,911,2048,0,00
E5600896,P004,922,2030,0,00
E5600896,P004,923,2030,0,00
E5600896,P004,936,2030,0,00
E5600896,P005,922,2030,0,00
E5600896,P005,923,2030,0,00
E5600896,P005,936,2030,0,00
E5600896,P007,922,2030,0,10
E5600896,P007,923,2030,71,11
E5600896,P007,936,2030,5,10
E5600896,P008,922,2030,0,10
E5600896,P008,923,2030,63,10
E5600896,P008,936,2030,2,10
E5400878,P001,923,2030,22,10
E5400878,P001,936,2030,15,10
E5400878,P002,923,2030,19,10
E5400878,P002,936,2030,14,10
E5400878,P003,923,2030,18,10
E5400878,P003,936,2030,15,10
E5400878,P010,923,2030,18,10
E5400878,P010,936,2030,13,10
E4900333,P001,911,2048,9,10
E4900333,P002,911,2048,0,00
E4900333,P003,911,2048,0,32
E4900333,P103,911,2048,0,32
E4900333,P021,911,2048,7,10
E4900333,P105,911,2048,9,10
E5601197,P002,911,2054,3,10
E5601197,P003,911,2054,2,10
S1602755,P101,911,2054,5,10
S1602755,P201,911,2054,5,10
S1602755,P301,911,2054,6,10
S1602755,P101,922,2045,2,10
S1602755,P201,922,2045,1,10
S1602755,P301,922,2045,2,10
S1602755,P101,923,2045,86,10
S1602755,P201,923,2045,63,10
S1602755,P301,923,2045,55,10
S1602755,P101,924,2045,8,10
S1602755,P201,924,2045,25,10
S1602755,P301,924,2045,3,10
S1602755,P101,926,2045,5,10
S1602755,P201,926,2045,6,10
S1602755,P301,926,2045,5,10
S1602755,P101,936,2045,10,10
S1602755,P201,936,2045,8,10
S1602755,P301,936,2045,8,10
S1602755,P101,222,2000,2,10
S1602755,P201,222,2000,2,10
S1602755,P301,222,2000,2,10
S1602755,P101,223,2000,71,10
S1602755,P201,223,2000,64,10
S1602755,P301,223,2000,57,10
S1602755,P101,224,2000,12,10
S1602755,P201,224,2000,28,10
S1602755,P301,224,2000,5,10
S1602755,P101,226,2000,5,10
S1602755,P201,226,2000,7,10
S1602755,P301,226,2000,7,10
S1602755,P101,236,2000,9,10
S1602755,P201,236,2000,8,10
S1602755,P301,236,2000,8,10
S1602755,P101,248,2000,102081,10
S1602755,P201,248,2000,88325,10
S1602755,P301,248,2000,105811,10
S1602755,P101,259,2000,136,10
S1602755,P201,259,2000,133,10
S1602755,P301,259,2000,137,10
S2300438,P001,922,2045,0,10
S2300438,P001,923,2045,34,10
S2300438,P001,936,2045,5,10
E5600332,P001,911,2054,0,00
E5600332,P002,911,2054,0,00
E5600332,P003,911,2054,0,00
S2300438,P001,911,2054,5,10
E5600869,P001,911,2054,4,10
E5600869,P001,922,2045,146,10
E5600869,P001,923,2045,125,10
E5600869,P001,936,2045,7,10
E5600869,P001,222,2000,136,10
E5600869,P001,223,2000,125,10
E5600869,P001,236,2000,7,10
E5600869,P001,248,2000,53648,10
E5600869,P001,259,2000,100,10
S1900685,P002,911,2054,14,10
S1900685,P421,911,2054,15,10
S1900685,P421,922,2045,17,10
S1900685,P421,923,2045,70,10
S1900685,P421,936,2045,6,10
S1900685,P421,222,2000,17,10
S1900685,P421,223,2000,71,10
S1900685,P421,236,2000,6,10
S1900685,P421,248,2000,311683,10
S1900685,P421,259,2000,53,10
S1900685,P411,911,2054,4,10
S1900685,P411,222,2000,26,10
S1900685,P411,922,2045,25,10
S1900685,P411,223,2000,65,10
S1900685,P411,923,2045,64,10
S1900685,P411,236,2000,12,10
S1900685,P411,936,2045,12,10
S1900685,P411,248,2000,20662,10
S1900685,P411,259,2000,131,10
E5600850,PC01,923,2045,0,00
E5600850,PC01,924,2045,0,00
E5600850,PC01,936,2045,0,00
E5600850,PC01,926,2045,0,00
E5600896,P004,911,2042,0,00
E5600896,P005,911,2042,0,00
E5600896,P007,911,2042,5,10
E5600896,P008,911,2042,8,10
E5400878,P010,911,2042,2,10
E5600850,PC01,911,2054,0,00
E5600789,P001,911,2054,0,00
S2202553,P001,911,2054,1,10
S2202553,P002,911,2054,1,10
S2202553,P003,911,2054,1,10
S2202553,P001,922,2045,9,10
S2202553,P002,922,2045,7,10
S2202553,P003,922,2045,21,10
S2202553,P001,923,2045,92,10
S2202553,P002,923,2045,85,10
S2202553,P003,923,2045,78,10
S2202553,P001,924,2045,5,10
S2202553,P002,924,2045,1,10
S2202553,P003,924,2045,4,10
S2202553,P001,926,2045,20,10
S2202553,P002,926,2045,9,10
S2202553,P003,926,2045,32,11
S2202553,P001,936,2045,11,10
S2202553,P002,936,2045,10,10
S2202553,P003,936,2045,9,10
S2202553,P001,222,2000,11,10
S2202553,P002,222,2000,13,10
S2202553,P003,222,2000,13,10
S2202553,P001,223,2000,87,10
S2202553,P002,223,2000,93,10
S2202553,P003,223,2000,88,10
S2202553,P001,224,2000,5,10
S2202553,P002,224,2000,7,10
S2202553,P003,224,2000,3,10
S2202553,P001,226,2000,24,10
S2202553,P002,226,2000,18,10
S2202553,P003,226,2000,20,10
S2202553,P001,236,2000,11,10
S2202553,P002,236,2000,10,10
S2202553,P003,236,2000,8,10
S2202553,P001,248,2000,104980,10
S2202553,P002,248,2000,115471,10
S2202553,P003,248,2000,116686,10
S2202553,P001,259,2000,141,10
S2202553,P002,259,2000,135,10
S2202553,P003,259,2000,149,10
S2100223,P015,911,2100,0,10
S2300401,P011,911,2000,9,10
S2300401,P011,923,2000,56,10
S2300401,P011,936,2000,6,10
S2300401,P011,922,2000,41,10
S2300401,P011,248,2000,192312,10
S2300401,P011,223,2000,58,10
S2300401,P011,236,2000,6,10
S2300401,P011,222,2000,40,10
S2300401,P011,259,2000,52,10
S2300401,P011,923,2045,59,10
S2300401,P011,936,2045,6,10
S2300401,P011,922,2045,40,10
S2300429,P701,922,2045,0,00
S2300429,P701,923,2045,0,00
S2300429,P701,936,2045,0,00
S2300429,PF01,922,2045,21,10
S2300429,PF01,923,2045,26,10
S2300429,PF01,936,2045,5,10
S1901066,P004,922,2045,230,10
S1901066,P004,923,2045,176,10
S1901066,P004,924,2045,0,10
S1901066,P004,936,2045,4,10
S1901066,P004,937,2045,11,10
S2300401,P011,911,2054,9,10
S2300429,P701,911,2054,0,00
S2300429,PF01,911,2054,9,10
S1901066,P004,911,2054,5,10
E5600056,P004,911,2100,0,00
E5600056,P006,911,2100,3,10
E5600056,P007,911,2100,0,00
E5600056,P008,911,2100,6,10
E5600056,P009,911,2100,2,10
E5600056,P016,911,2100,4,10
E5600056,P017,911,2100,2,10
E5600056,P018,911,2100,3,10
E5600056,P021,911,2100,2,10
E5600056,P022,911,2100,3,10
E5600056,P023,911,2100,1,10
E5600056,P024,911,2100,4,10
E5600056,P004,922,2100,0,00
E5600056,P004,923,2100,0,00
E5600056,P004,924,2100,0,00
E5600056,P004,936,2100,0,00
E5600056,P006,922,2100,15,10
E5600056,P006,923,2100,76,10
E5600056,P006,924,2100,0,10
E5600056,P006,936,2100,5,10
E5600056,P007,922,2100,0,00
E5600056,P007,923,2100,0,00
E5600056,P007,924,2100,0,00
E5600056,P007,936,2100,0,00
E5600056,P008,922,2100,26,10
E5600056,P008,923,2100,58,10
E5600056,P008,924,2100,162,10
E5600056,P008,936,2100,5,10
E5600056,P016,922,2100,0,10
E5600056,P016,923,2100,23,10
E5600056,P016,936,2100,12,10
E5600056,P017,922,2100,3,10
E5600056,P017,923,2100,22,10
E5600056,P017,924,2100,1,10
E5600056,P017,936,2100,3,10
E5600056,P018,922,2100,4,10
E5600056,P018,923,2100,18,10
E5600056,P018,936,2100,4,10
E5600056,P021,922,2100,0,10
E5600056,P021,923,2100,49,10
E5600056,P021,936,2100,4,10
E5600056,P024,922,2100,3,10
E5600056,P024,923,2100,34,10
E5600056,P024,924,2100,2,10
E5600056,P024,936,2100,6,10
E5600056,P034,923,2100,53,10
E5600056,P034,936,2100,1,10
E5600056,P004,222,2100,0,00
E5600056,P004,223,2100,0,00
E5600056,P004,224,2100,0,00
E5600056,P004,236,2100,0,00
E5600056,P004,248,2100,0,00
E5600056,P004,259,2100,0,00
E5600056,P006,222,2100,11,10
E5600056,P006,223,2100,70,10
E5600056,P006,224,2100,0,10
E5600056,P006,236,2100,5,10
S1900710,P015,911,2100,0,00
S1900710,P050,911,2100,4,10
S1900710,P056,911,2100,5,10
S1900710,P060,911,2100,3,10
S1900710,P070,911,2100,6,10
S1900710,P015,923,2100,0,00
S1900710,P015,936,2100,0,00
S1900710,P015,922,2100,0,00
S1900710,P050,923,2100,121,10
S1900710,P050,936,2100,6,10
S1900710,P050,922,2100,62,10
S1900710,P056,923,2100,44,10
S1900710,P056,936,2100,4,10
S1900710,P056,922,2100,21,10
S1900710,P060,923,2100,22,10
S1900710,P060,936,2100,5,10
S1900710,P060,922,2100,26,10
S1900710,P070,923,2100,17,10
S1900710,P070,936,2100,8,10
S1900710,P070,922,2100,16,10
S1900710,P015,248,2100,0,00
S1900710,P015,223,2100,0,00
S1900710,P015,236,2100,0,00
S1900710,P015,222,2100,0,00
S1900710,P015,259,2100,0,00
S1900710,P050,248,2100,94032,10
S1900710,P050,223,2100,118,10
S1900710,P050,236,2100,6,10
S1900710,P050,222,2100,62,10
S1900710,P050,259,2100,145,10
S1900710,P056,248,2100,188172,10
S1900710,P056,223,2100,41,10
S1900710,P056,236,2100,3,10
S1900710,P056,222,2100,21,10
S1900710,P056,259,2100,128,10
S1900710,P060,248,2100,181548,10
S1900710,P060,223,2100,23,10
S1900710,P060,236,2100,5,10
S1900710,P060,222,2100,25,10
S1900710,P060,259,2100,125,10
S1900710,P070,248,2100,174816,10
S1900710,P070,223,2100,18,10
S1900710,P070,236,2100,8,10
S1900710,P070,222,2100,16,10
S1900710,P070,259,2100,85,10
S2201109,P711,923,2045,24,10
S2201109,P711,936,2045,6,10
S2201109,P711,922,2045,2,10
S2201109,P731,923,2045,48,10
S2201109,P731,936,2045,7,10
S2201109,P731,922,2045,14,10
S2201109,P741,923,2045,48,10
S2201109,P741,936,2045,5,10
S2201109,P741,922,2045,24,10
S2201109,P751,923,2045,52,10
S2201109,P751,936,2045,6,10
S2201109,P751,922,2045,11,10
S2201109,P711,911,2054,15,10
S2201109,P731,911,2054,18,10
S2201109,P741,911,2054,16,10
S2201109,P751,911,2054,17,10
E4900744,P001,911,2100,0,00
E4900744,P002,911,2100,0,00
E4900744,P023,911,2100,0,00
E4900333,P001,911,2054,9,10
E4900333,P002,911,2054,0,00
E4900333,P003,911,2054,0,32
E4900333,P103,911,2054,0,32
E4900333,P021,911,2054,7,10
E4900333,P105,911,2054,9,10
E4900333,P001,922,2045,1,10
E4900333,P002,922,2045,0,00
E4900333,P003,922,2045,0,32
E4900333,P103,922,2045,0,32
E4900333,P021,922,2045,0,10
E4900333,P105,922,2045,54,10
E4900333,P001,923,2045,85,10
E4900333,P002,923,2045,0,00
E4900333,P003,923,2045,0,32
E4900333,P103,923,2045,0,32
E4900333,P021,923,2045,40,10
E4900333,P105,923,2045,80,10
E4900333,P001,936,2045,13,10
E4900333,P002,936,2045,0,00
E4900333,P003,936,2045,0,32
E4900333,P103,936,2045,0,32
E4900333,P021,936,2045,8,10
E4900333,P105,936,2045,11,10
E4900333,P001,259,2000,85,10
E4900333,P002,259,2000,0,00
E4900333,P003,259,2000,0,32
E4900333,P103,259,2000,0,32
E4900333,P021,259,2000,124,10
E4900333,P105,259,2000,175,10
E4900333,P001,222,2000,1,10
E4900333,P002,222,2000,0,00
E4900333,P003,222,2000,0,32
E4900333,P103,222,2000,0,32
E4900333,P021,222,2000,0,10
E4900333,P105,222,2000,54,10
E4900333,P001,223,2000,84,10
E4900333,P002,223,2000,0,00
E4900333,P003,223,2000,0,32
E4900333,P103,223,2000,0,32
E4900333,P021,223,2000,41,10
E4900333,P105,223,2000,81,10
E4900333,P001,236,2000,13,10
E4900333,P002,236,2000,0,00
E4900333,P003,236,2000,0,32
E4900333,P103,236,2000,0,32
E4900333,P021,236,2000,8,10
E4900333,P105,236,2000,11,10
E4900333,P001,248,2000,44331,10
E4900333,P002,248,2000,0,00
E4900333,P003,248,2000,0,32
E4900333,P103,248,2000,0,32
E4900333,P021,248,2000,105912,10
E4900333,P105,248,2000,126702,10
E5600850,PC01,911,2100,0,00
E5601197,P002,911,2100,3,10
E5601197,P003,911,2100,3,10
S1602755,P101,911,2100,5,10
S1602755,P201,911,2100,5,10
S1602755,P301,911,2100,6,10
E5600332,P001,911,2100,0,00
E5600332,P002,911,2100,0,00
E5600332,P003,911,2100,0,00
S2300438,P001,911,2100,5,10
E5600789,P001,911,2100,0,00
E5600056,P004,911,2106,0,00
E5600056,P006,911,2106,3,10
E5600056,P007,911,2106,0,00
E5600056,P008,911,2106,6,10
E5600056,P009,911,2106,1,10
E5600056,P016,911,2106,4,10
E5600056,P017,911,2106,2,10
E5600056,P018,911,2106,4,10
E5600056,P021,911,2106,2,10
E5600056,P022,911,2106,3,10
E5600056,P023,911,2106,1,10
E5600056,P024,911,2106,4,10
E5600869,P001,911,2100,4,10
S1900685,P002,911,2100,15,10
S1900685,P421,911,2100,13,10
S1900685,P411,911,2100,4,10
E5600841,P001,248,2000,205599,10
E5600841,P001,923,2045,14,10
E5600841,P001,223,2000,14,10
E5600841,P001,936,2045,4,10
E5600841,P001,236,2000,5,10
E5600841,P001,911,2054,5,10
E5600841,P001,922,2045,23,10
E5600841,P001,222,2000,25,10
E5600841,P001,259,2000,169,10
E5600841,P002,248,2000,226177,10
E5600841,P002,923,2045,20,10
E5600841,P002,223,2000,19,10
E5600841,P002,936,2045,4,10
E5600841,P002,236,2000,5,10
E5600841,P002,911,2054,5,10
E5600841,P002,922,2045,16,10
E5600841,P002,222,2000,17,10
E5600841,P002,259,2000,168,10
E5600841,P003,248,2000,181508,10
E5600841,P003,923,2045,11,10
E5600841,P003,223,2000,10,10
E5600841,P003,936,2045,5,10
E5600841,P003,236,2000,5,10
E5600841,P003,911,2054,9,10
E5600841,P003,922,2045,20,10
E5600841,P003,222,2000,22,10
E5600841,P003,259,2000,166,10
E5600841,P004,248,2000,185461,10
E5600841,P004,923,2045,21,10
E5600841,P004,223,2000,20,10
E5600841,P004,936,2045,4,10
E5600841,P004,236,2000,4,10
E5600841,P004,911,2054,6,10
E5600841,P004,922,2045,18,10
E5600841,P004,222,2000,19,10
E5600841,P004,259,2000,182,10
E5600841,P005,248,2000,195788,10
E5600841,P005,923,2045,16,10
E5600841,P005,223,2000,15,10
E5600841,P005,936,2045,4,10
E5600841,P005,236,2000,4,10
E5600841,P005,911,2054,9,10
E5600841,P005,922,2045,17,10
E5600841,P005,222,2000,18,10
E5600841,P005,259,2000,191,10
E5600841,P006,248,2000,227772,10
E5600841,P006,923,2045,45,10
E5600841,P006,223,2000,30,10
E5600841,P006,936,2045,5,10
E5600841,P006,236,2000,5,10
E5600841,P006,911,2054,11,10
E5600841,P006,922,2045,62,10
E5600841,P006,222,2000,59,10
E5600841,P006,259,2000,117,10
E5600841,P007,248,2000,238179,10
E5600841,P007,923,2045,52,10
E5600841,P007,223,2000,53,10
E5600841,P007,936,2045,7,10
E5600841,P007,236,2000,6,10
E5600841,P007,911,2054,12,10
E5600841,P007,922,2045,52,10
E5600841,P007,222,2000,54,10
E5600841,P007,259,2000,131,10
E5600841,P008,248,2000,195868,10
E5600841,P008,923,2045,43,10
E5600841,P008,223,2000,43,10
E5600841,P008,936,2045,9,10
E5600841,P008,236,2000,9,10
E5600841,P008,911,2054,8,10
E5600841,P008,922,2045,6,10
E5600841,P008,222,2000,6,10
E5600841,P008,259,2000,48,10
E5600841,P009,248,2000,319031,10
E5600841,P009,923,2045,10,10
E5600841,P009,223,2000,10,10
E5600841,P009,936,2045,5,10
E5600841,P009,236,2000,5,10
E5600841,P009,911,2054,9,10
E5600841,P009,922,2045,25,10
E5600841,P009,222,2000,23,10
E5600841,P009,259,2000,119,10
E5600841,P010,248,2000,407972,10
E5600841,P010,923,2045,9,10
E5600841,P010,223,2000,9,10
E5600841,P010,936,2045,5,10
E5600841,P010,236,2000,5,10
E5600841,P010,911,2054,6,10
E5600841,P010,922,2045,17,10
E5600841,P010,222,2000,17,10
E5600841,P010,259,2000,106,10
E5600841,PC23,248,2000,28548,10
E5600841,PC23,923,2045,56,10
E5600841,PC23,223,2000,63,10
E5600841,PC23,936,2045,7,10
E5600841,PC23,236,2000,7,10
E5600841,PC23,911,2054,9,10
E5600841,PC23,922,2045,27,10
E5600841,PC23,222,2000,27,10
E5600841,PC23,259,2000,154,10
E5600841,PC83,248,2000,207537,10
E5600841,PC83,923,2045,57,10
E5600841,PC83,223,2000,58,10
E5600841,PC83,936,2045,7,10
E5600841,PC83,236,2000,7,10
E5600841,PC83,911,2054,14,10
E5600841,PC83,922,2045,22,10
E5600841,PC83,222,2000,23,10
E5600841,PC83,259,2000,168,10
E5600841,PPB1,248,2000,213813,10
E5600841,PPB1,923,2045,8,10
E5600841,PPB1,223,2000,8,10
E5600841,PPB1,936,2045,8,10
E5600841,PPB1,236,2000,8,10
E5600841,PPB1,911,2054,8,10
E5600841,PPB1,922,2045,22,10
E5600841,PPB1,222,2000,22,10
E5600841,PPB1,259,2000,135,10
E5600841,PPC1,248,2000,648695,10
E5600841,PPC1,923,2045,13,10
E5600841,PPC1,223,2000,11,10
E5600841,PPC1,936,2045,3,10
E5600841,PPC1,236,2000,3,10
E5600841,PPC1,911,2054,5,10
E5600841,PPC1,922,2045,18,10
E5600841,PPC1,222,2000,19,10
E5600841,PPC1,259,2000,128,10
E5600841,PR54,248,2000,35361,10
E5600841,PR54,923,2045,69,10
E5600841,PR54,223,2000,58,10
E5600841,PR54,936,2045,8,10
E5600841,PR54,236,2000,6,10
E5600841,PR54,911,2054,3,10
E5600841,PR54,922,2045,28,10
E5600841,PR54,222,2000,31,10
E5600841,PR54,259,2000,222,10
E5600841,PR61,248,2000,138620,10
E5600841,PR61,923,2045,59,10
E5600841,PR61,223,2000,66,10
E5600841,PR61,936,2045,5,10
E5600841,PR61,236,2000,4,10
E5600841,PR61,911,2054,7,10
E5600841,PR61,922,2045,29,10
E5600841,PR61,222,2000,34,10
E5600841,PR61,259,2000,326,10
E5600841,PR62,248,2000,92921,10
E5600841,PR62,923,2045,51,10
E5600841,PR62,223,2000,58,10
E5600841,PR62,936,2045,5,10
E5600841,PR62,236,2000,5,10
E5600841,PR62,911,2054,4,10
E5600841,PR62,922,2045,16,10
E5600841,PR62,222,2000,16,10
E5600841,PR62,259,2000,319,10
E5600841,PS11,248,2000,811591,10
E5600841,PS11,923,2045,31,10
E5600841,PS11,223,2000,29,10
E5600841,PS11,936,2045,11,10
E5600841,PS11,236,2000,11,10
E5600841,PS11,911,2054,11,10
E5600841,PS11,922,2045,69,10
E5600841,PS11,222,2000,67,10
E5600841,PS11,259,2000,167,10
E5600841,PS12,911,2054,6,10
E5600841,PS31,248,2000,768930,10
E5600841,PS31,923,2045,133,10
E5600841,PS31,223,2000,134,10
E5600841,PS31,936,2045,12,10
E5600841,PS31,236,2000,12,10
E5600841,PS31,911,2054,7,10
E5600841,PS31,922,2045,90,10
E5600841,PS31,222,2000,87,10
E5600841,PS31,259,2000,125,10
E5600841,PS32,911,2054,4,10
E5600841,PS51,248,2000,833874,10
E5600841,PS51,923,2045,46,10
E5600841,PS51,223,2000,41,10
E5600841,PS51,936,2045,12,10
E5600841,PS51,236,2000,12,10
E5600841,PS51,911,2054,13,10
E5600841,PS51,922,2045,17,10
E5600841,PS51,222,2000,17,10
E5600841,PS51,259,2000,131,10
E5600841,PS52,911,2054,10,10
E5600841,PS71,248,2000,0,00
E5600841,PS71,923,2045,0,00
E5600841,PS71,223,2000,0,00
E5600841,PS71,936,2045,0,00
E5600841,PS71,236,2000,0,00
E5600841,PS71,911,2054,0,00
E5600841,PS71,922,2045,0,00
E5600841,PS71,222,2000,0,00
E5600841,PS71,259,2000,0,00
E5600841,PS72,911,2054,0,00
E5600896,P004,911,2048,0,00
E5600896,P005,911,2048,0,00
E5600896,P007,911,2048,5,10
E5600896,P008,911,2048,8,10
E5400878,P010,911,2048,2,10
S2202553,P001,911,2100,1,10
S2202553,P002,911,2100,1,10
S2202553,P003,911,2100,1,10
S2100223,P015,911,2106,0,10
S1901066,P004,911,2100,5,10
S1900710,P015,911,2106,0,00
S1900710,P050,911,2106,4,10
S1900710,P056,911,2106,5,10
S1900710,P060,911,2106,3,10
S1900710,P070,911,2106,6,10
E4900744,P001,911,2106,0,00
E4900744,P002,911,2106,0,00
E4900744,P023,911,2106,0,00
E5600841,P001,911,2100,5,10
E5600841,P002,911,2100,5,10
E5600841,P003,911,2100,9,10
E5600841,P004,911,2100,6,10
E5600841,P005,911,2100,9,10
E5600841,P006,911,2100,11,10
E5600841,P007,911,2100,12,10
E5600841,P008,911,2100,8,10
E5600841,P009,911,2100,9,10
E5600841,P010,911,2100,6,10
E5600841,PC23,911,2100,9,10
E5600841,PC83,911,2100,14,10
E5600841,PPB1,911,2100,8,10
E5600841,PPC1,911,2100,5,10
E5600841,PR54,911,2100,3,10
E5600841,PR61,911,2100,7,10
E5600841,PR62,911,2100,4,10
E5600841,PS11,911,2100,10,10
E5600841,PS12,911,2100,6,10
E5600841,PS31,911,2100,7,10
E5600841,PS32,911,2100,4,10
E5600841,PS51,911,2100,13,10
E5600841,PS52,911,2100,9,10
E5600841,PS71,911,2100,0,00
E5600841,PS72,911,2100,0,00
E4900333,P001,911,2100,9,10
E4900333,P002,911,2100,0,00
E4900333,P003,911,2100,0,32
E4900333,P103,911,2100,0,32
E4900333,P021,911,2100,7,10
E4900333,P105,911,2100,9,10
S2100223,P015,922,2100,0,10
S2100223,P015,923,2100,0,10
S2100223,P015,924,2100,0,10
S2100223,P015,936,2100,0,10
E5600850,PC01,911,2106,0,00
E5601197,P002,911,2106,3,10
E5601197,P003,911,2106,2,10
S1602755,P101,911,2106,5,10
S1602755,P201,911,2106,5,10
S1602755,P301,911,2106,6,10
S2300401,P011,911,2106,9,10
E5600332,P001,911,2106,0,00
E5600332,P002,911,2106,0,00
E5600332,P003,911,2106,0,00
S2300438,P001,911,2106,5,10
E5600789,P001,911,2106,0,00
E5600056,P004,911,2112,0,00
E5600056,P006,911,2112,3,10
E5600056,P007,911,2112,0,00
E5600056,P008,911,2112,6,10
E5600056,P009,911,2112,3,10
E5600056,P016,911,2112,4,10
E5600056,P017,911,2112,2,10
E5600056,P018,911,2112,3,10
E5600056,P021,911,2112,2,10
E5600056,P022,911,2112,3,10
E5600056,P023,911,2112,1,10
E5600056,P024,911,2112,4,10
E5600869,P001,911,2106,4,10
E4900744,P001,923,2100,0,00
E4900744,P023,923,2100,0,00
E4900744,P001,936,2100,0,00
E4900744,P023,936,2100,0,00
E5600896,P004,222,2000,0,00
E5600896,P004,223,2000,0,00
E5600896,P004,236,2000,0,00
E5600896,P004,248,2000,0,00
E5600896,P004,259,2000,0,00
E5600896,P005,222,2000,0,00
E5600896,P005,223,2000,0,00
E5600896,P005,236,2000,0,00
E5600896,P005,248,2000,0,00
E5600896,P005,259,2000,0,00
E5600896,P007,222,2000,0,10
E5600896,P007,223,2000,71,11
E5600896,P007,236,2000,5,10
E5600896,P007,248,2000,1486713,10
E5600896,P007,259,2000,152,10
E5600896,P008,222,2000,0,10
E5600896,P008,223,2000,63,10
E5600896,P008,236,2000,2,10
E5600896,P008,248,2000,1900862,10
E5600896,P008,259,2000,130,10
E5600896,P004,922,2045,0,00
E5600896,P004,923,2045,0,00
E5600896,P004,936,2045,0,00
E5600896,P005,922,2045,0,00
E5600896,P005,923,2045,0,00
E5600896,P005,936,2045,0,00
E5600896,P007,922,2045,0,10
E5600896,P007,923,2045,70,11
E5600896,P007,936,2045,5,10
E5600896,P008,922,2045,0,10
E5600896,P008,923,2045,63,10
E5600896,P008,936,2045,2,10
E5600896,P004,911,2054,0,00
E5600896,P005,911,2054,0,00
E5600896,P007,911,2054,5,10
E5600896,P008,911,2054,7,10
E5400878,P001,223,2000,22,10
E5400878,P001,236,2000,15,10
E5400878,P001,248,2000,1541079,10
E5400878,P001,259,2000,114,10
E5400878,P002,223,2000,19,10
E5400878,P002,236,2000,14,10
E5400878,P002,248,2000,1817591,10
E5400878,P002,259,2000,115,10
E5400878,P003,223,2000,18,10
E5400878,P003,236,2000,15,10
E5400878,P003,248,2000,713828,10
E5400878,P003,259,2000,113,10
E5400878,P010,223,2000,18,10
E5400878,P010,236,2000,13,10
E5400878,P010,248,2000,1417925,10
E5400878,P010,259,2000,100,10
E5400878,P001,923,2045,22,10
E5400878,P001,936,2045,15,10
E5400878,P002,923,2045,19,10
E5400878,P002,936,2045,14,10
E5400878,P003,923,2045,17,10
E5400878,P003,936,2045,15,10
E5400878,P010,923,2045,18,10
E5400878,P010,936,2045,13,10
E5400878,P010,911,2054,2,10
S1900685,P002,911,2106,15,10
S1900685,P421,911,2106,13,10
S1900685,P411,911,2106,4,10
S2100223,P015,911,2112,0,10
S2300438,P001,922,2100,0,10
S2300438,P001,923,2100,33,10
S2300438,P001,936,2100,5,10
S2300438,P001,222,2000,0,10
S2300438,P001,223,2000,35,10
S2300438,P001,236,2000,6,10
S2300438,P001,248,2000,49449,10
S2300438,P001,259,2000,120,10
S2300429,P701,911,2106,0,00
S2300429,PF01,911,2106,9,10
S1901066,P004,911,2106,5,10
S1900710,P015,911,2112,0,00
S1900710,P050,911,2112,4,10
S1900710,P056,911,2112,4,10
S1900710,P060,911,2112,3,10
S1900710,P070,911,2112,6,10
S2202553,P001,911,2106,1,10
S2202553,P002,911,2106,1,10
S2202553,P003,911,2106,1,10
S1602755,P101,922,2100,2,10
S1602755,P201,922,2100,1,10
S1602755,P301,922,2100,2,10
S1602755,P101,923,2100,66,10
S1602755,P201,923,2100,57,10
S1602755,P301,923,2100,38,10
S1602755,P101,924,2100,3,10
S1602755,P201,924,2100,47,10
S1602755,P301,924,2100,82,11
S1602755,P101,926,2100,5,10
S1602755,P201,926,2100,6,10
S1602755,P301,926,2100,5,10
S1602755,P101,936,2100,9,10
S1602755,P201,936,2100,8,10
S1602755,P301,936,2100,7,10
S2201109,P711,911,2106,15,10
S2201109,P731,911,2106,18,10
S2201109,P741,911,2106,16,10
S2201109,P751,911,2106,16,10
E5600869,P001,922,2100,171,10
E5600869,P001,923,2100,125,10
E5600869,P001,936,2100,7,10
E4900744,P001,911,2112,0,00
E4900744,P002,911,2112,0,00
E4900744,P023,911,2112,0,00
E5600841,P001,911,2106,5,10
E5600841,P002,911,2106,5,10
E5600841,P003,911,2106,9,10
E5600841,P004,911,2106,6,10
E5600841,P005,911,2106,9,10
E5600841,P006,911,2106,11,10
E5600841,P007,911,2106,12,10
E5600841,P008,911,2106,8,10
E5600841,P009,911,2106,9,10
E5600841,P010,911,2106,6,10
E5600841,PC23,911,2106,9,10
E5600841,PC83,911,2106,15,10
E5600841,PPB1,911,2106,8,10
E5600841,PPC1,911,2106,5,10
E5600841,PR54,911,2106,3,10
E5600841,PR61,911,2106,7,10
E5600841,PR62,911,2106,4,10
E5600841,PS11,911,2106,11,10
E5600841,PS12,911,2106,7,10
E5600841,PS31,911,2106,7,10
E5600841,PS32,911,2106,4,10
E5600841,PS51,911,2106,13,10
E5600841,PS52,911,2106,9,10
E5600841,PS71,911,2106,0,00
E5600841,PS72,911,2106,0,00
S2300429,P701,911,2100,0,00
S2300429,P701,922,2100,0,00
S2300429,P701,923,2100,0,00
S2300429,P701,936,2100,0,00
S2300429,PF01,911,2100,9,10
S2300429,PF01,922,2100,20,10
S2300429,PF01,923,2100,26,10
S2300429,PF01,936,2100,5,10
S2300429,P701,222,2000,0,00
S2300429,P701,223,2000,0,00
S2300429,P701,236,2000,0,00
S2300429,P701,248,2000,0,00
S2300429,P701,259,2000,0,00
S2300429,PF01,222,2000,22,10
S2300429,PF01,223,2000,28,10
S2300429,PF01,236,2000,5,10
S2300429,PF01,248,2000,280483,10
S2300429,PF01,259,2000,59,10
E5600850,PC01,923,2100,0,00
E5600850,PC01,924,2100,0,00
E5600850,PC01,936,2100,0,00
E5600850,PC01,926,2100,0,00
E5600850,PC01,223,2000,0,00
E5600850,PC01,224,2000,0,00
E5600850,PC01,236,2000,0,00
E5600850,PC01,226,2000,0,00
E5600850,PC01,248,2000,0,00
E5600850,PC01,259,2000,0,00
S1901066,P004,922,2100,227,10
S1901066,P004,923,2100,171,10
S1901066,P004,924,2100,0,10
S1901066,P004,936,2100,5,10
S1901066,P004,937,2100,11,10
S1901066,P004,222,2000,229,10
S1901066,P004,223,2000,177,10
S1901066,P004,224,2000,1,10
S1901066,P004,236,2000,4,10
S1901066,P004,237,2000,11,10
S1901066,P004,248,2000,112160,10
S1901066,P004,259,2000,228,10
E4900333,P001,911,2106,9,10
E4900333,P002,911,2106,0,00
E4900333,P003,911,2106,0,32
E4900333,P103,911,2106,0,32
E4900333,P021,911,2106,7,10
E4900333,P105,911,2106,9,10
S1900710,P070,923,2115,21,10
S1900710,P070,936,2115,8,10
S1900710,P070,922,2115,16,10
S1900710,P015,923,2115,0,00
S1900710,P015,936,2115,0,00
S1900710,P015,922,2115,0,00
S1900710,P050,923,2115,120,10
S1900710,P050,936,2115,6,10
S1900710,P050,922,2115,62,10
S1900710,P056,923,2115,41,10
S1900710,P056,936,2115,4,10
S1900710,P056,922,2115,21,10
S1900710,P060,923,2115,24,10
S1900710,P060,936,2115,5,10
S1900710,P060,922,2115,25,10
S2202553,P001,922,2100,15,10
S2202553,P002,922,2100,10,10
S2202553,P003,922,2100,10,10
S2202553,P001,923,2100,88,10
S2202553,P002,923,2100,82,10
S2202553,P003,923,2100,74,10
S2202553,P001,924,2100,5,10
S2202553,P002,924,2100,1,10
S2202553,P003,924,2100,6,10
S2202553,P001,926,2100,26,10
S2202553,P002,926,2100,12,10
S2202553,P003,926,2100,20,10
S2202553,P001,936,2100,10,10
S2202553,P002,936,2100,10,10
S2202553,P003,936,2100,9,10
S1601990,P001,911,2112,4,10
S1601990,P004,911,2112,4,10
S1601990,P049,911,2112,1,10
S1900685,P421,922,2100,15,10
S1900685,P421,923,2100,69,10
S1900685,P421,936,2100,6,10
S1900685,P411,922,2100,25,10
S1900685,P411,923,2100,63,10
S1900685,P411,936,2100,12,10
E5601197,P002,911,2112,3,10
E5601197,P003,911,2112,3,10
S1602755,P101,911,2112,5,10
S1602755,P201,911,2112,5,10
S1602755,P301,911,2112,6,10
S2300401,P011,911,2112,9,10
E5600332,P001,911,2112,0,00
E5600332,P002,911,2112,0,00
E5600332,P003,911,2112,0,00
E5600850,PC01,911,2112,0,00
S2300438,P001,911,2112,5,10
S1901066,P004,911,2112,5,10
E4900333,P001,922,2100,1,10
E4900333,P002,922,2100,0,00
E4900333,P003,922,2100,0,32
E4900333,P103,922,2100,0,32
E4900333,P021,922,2100,0,10
E4900333,P105,922,2100,55,10
E4900333,P001,923,2100,84,10
E4900333,P002,923,2100,0,00
E4900333,P003,923,2100,0,32
E4900333,P103,923,2100,0,32
E4900333,P021,923,2100,40,10
E4900333,P105,923,2100,76,10
E4900333,P001,936,2100,13,10
E4900333,P002,936,2100,0,00
E4900333,P003,936,2100,0,32
E4900333,P103,936,2100,0,32
E4900333,P021,936,2100,8,10
E4900333,P105,936,2100,10,10
E5600056,P004,922,2115,0,00
E5600056,P004,923,2115,0,00
E5600056,P004,924,2115,0,00
E5600056,P004,936,2115,0,00
E5600056,P006,922,2115,14,10
E5600056,P006,923,2115,73,10
E5600056,P006,924,2115,0,10
E5600056,P006,936,2115,5,10
E5600056,P007,922,2115,0,00
E5600056,P007,923,2115,0,00
E5600056,P007,924,2115,0,00
E5600056,P007,936,2115,0,00
E5600056,P008,922,2115,27,10
E5600056,P008,923,2115,60,10
E5600056,P008,924,2115,111,10
E5600056,P008,936,2115,5,10
E5600056,P016,922,2115,0,10
E5600056,P016,923,2115,23,10
E5600056,P016,936,2115,12,10
E5600056,P017,922,2115,2,10
E5600056,P017,923,2115,22,10
E5600056,P017,924,2115,2,10
E5600056,P017,936,2115,3,10
E5600056,P018,922,2115,2,10
E5600056,P018,923,2115,20,10
E5600056,P018,924,2115,0,10
E5600056,P018,936,2115,4,10
E5600056,P021,922,2115,0,10
E5600056,P021,923,2115,49,10
E5600056,P021,924,2115,0,10
E5600056,P021,936,2115,4,10
E5600056,P024,922,2115,3,10
E5600056,P024,923,2115,36,10
E5600056,P024,924,2115,2,10
E5600056,P024,936,2115,6,10
E5600056,P034,922,2115,8,10
E5600056,P034,923,2115,53,10
E5600056,P034,936,2115,1,10
E5600789,P001,911,2112,0,00
E5600056,P004,911,2118,0,00
E5600056,P006,911,2118,3,10
E5600056,P007,911,2118,0,00
E5600056,P008,911,2118,6,10
E5600056,P009,911,2118,2,10
E5600056,P016,911,2118,4,10
E5600056,P017,911,2118,2,10
E5600056,P018,911,2118,3,10
E5600056,P021,911,2118,2,10
E5600056,P022,911,2118,3,10
E5600056,P023,911,2118,1,10
E5600056,P024,911,2118,4,10
E5600869,P001,911,2112,4,10
E5600841,P001,923,2100,25,10
E5600841,P001,936,2100,5,10
E5600841,P001,922,2100,28,10
E5600841,P002,923,2100,41,10
E5600841,P002,936,2100,5,10
E5600841,P002,922,2100,20,10
E5600841,P003,923,2100,27,10
E5600841,P003,936,2100,6,10
E5600841,P003,922,2100,24,10
E5600841,P004,923,2100,20,10
E5600841,P004,936,2100,4,10
E5600841,P004,922,2100,21,10
E5600841,P005,923,2100,15,10
E5600841,P005,936,2100,4,10
E5600841,P005,922,2100,20,10
E5600841,P006,923,2100,57,10
E5600841,P006,936,2100,5,10
E5600841,P006,922,2100,79,10
E5600841,P007,923,2100,49,10
E5600841,P007,936,2100,6,10
E5600841,P007,922,2100,55,10
E5600841,P008,923,2100,44,10
E5600841,P008,936,2100,9,10
E5600841,P008,922,2100,6,10
E5600841,P009,923,2100,9,10
E5600841,P009,936,2100,5,10
E5600841,P009,922,2100,23,10
E5600841,P010,923,2100,9,10
E5600841,P010,936,2100,5,10
E5600841,P010,922,2100,16,10
E5600841,PC23,923,2100,81,10
E5600841,PC23,936,2100,7,10
E5600841,PC23,922,2100,27,10
E5600841,PC83,923,2100,57,10
E5600841,PC83,936,2100,7,10
E5600841,PC83,922,2100,23,10
E5600841,PPB1,923,2100,8,10
E5600841,PPB1,936,2100,8,10
E5600841,PPB1,922,2100,22,10
E5600841,PPC1,923,2100,15,10
E5600841,PPC1,936,2100,3,10
E5600841,PPC1,922,2100,20,10
E5600841,PR54,923,2100,72,10
E5600841,PR54,936,2100,8,10
E5600841,PR54,922,2100,27,10
E5600841,PR61,923,2100,52,10
E5600841,PR61,936,2100,5,10
E5600841,PR61,922,2100,33,10
E5600841,PR62,923,2100,53,10
E5600841,PR62,936,2100,5,10
E5600841,PR62,922,2100,15,10
E5600841,PS11,923,2100,30,10
E5600841,PS11,936,2100,11,10
E5600841,PS11,922,2100,70,10
E5600841,PS31,923,2100,135,10
E5600841,PS31,936,2100,13,10
E5600841,PS31,922,2100,89,10
E5600841,PS51,923,2100,47,10
E5600841,PS51,936,2100,12,10
E5600841,PS51,922,2100,18,10
E5600841,PS71,923,2100,0,00
E5600841,PS71,936,2100,0,00
E5600841,PS71,922,2100,0,00
E5600896,P004,911,2100,0,00
E5600896,P005,911,2100,0,00
E5600896,P007,911,2100,5,10
E5600896,P008,911,2100,7,10
E5400878,P010,911,2100,2,10
S1900685,P002,911,2112,14,10
S1900685,P421,911,2112,14,10
S1900685,P411,911,2112,4,10
S2100223,P015,911,2118,0,10
S2300429,P701,911,2112,0,00
S2300429,PF01,911,2112,9,10
S1900710,P070,911,2118,6,10
S1900710,P015,911,2118,0,00
S1900710,P050,911,2118,3,10
S1900710,P056,911,2118,4,10
S1900710,P060,911,2118,2,10
S2202553,P001,911,2112,1,10
S2202553,P002,911,2112,1,10
S2202553,P003,911,2112,1,10
S2201109,P711,911,2000,15,10
S2201109,P731,911,2000,18,10
S2201109,P741,911,2000,17,10
S2201109,P751,911,2000,17,10
S2201109,P711,923,2000,24,10
S2201109,P711,936,2000,6,10
S2201109,P711,922,2000,2,10
S2201109,P731,923,2000,48,10
S2201109,P731,936,2000,7,10
S2201109,P731,922,2000,13,10
S2201109,P741,923,2000,49,10
S2201109,P741,936,2000,5,10
S2201109,P741,922,2000,23,10
S2201109,P751,923,2000,51,10
S2201109,P751,936,2000,6,10
S2201109,P751,922,2000,11,10
S2201109,P711,248,2000,7348,10
S2201109,P711,223,2000,24,10
S2201109,P711,236,2000,6,10
S2201109,P711,222,2000,2,10
S2201109,P711,259,2000,54,10
S2201109,P731,248,2000,4163,10
S2201109,P731,223,2000,47,10
S2201109,P731,236,2000,7,10
S2201109,P731,222,2000,14,10
S2201109,P731,259,2000,53,10
S2201109,P741,248,2000,5443,10
S2201109,P741,223,2000,49,10
S2201109,P741,236,2000,5,10
S2201109,P741,222,2000,23,10
S2201109,P741,259,2000,53,10
S2201109,P751,248,2000,5070,10
S2201109,P751,223,2000,52,10
S2201109,P751,236,2000,6,10
S2201109,P751,222,2000,11,10
S2201109,P751,259,2000,50,10
S2201109,P711,911,2112,15,10
S2201109,P731,911,2112,18,10
S2201109,P741,911,2112,16,10
S2201109,P751,911,2112,16,10
E4900744,P001,911,2118,0,00
E4900744,P002,911,2118,0,00
E4900744,P023,911,2118,0,00
E5600841,P001,911,2112,5,10
E5600841,P002,911,2112,5,10
E5600841,P003,911,2112,9,10
E5600841,P004,911,2112,6,10
E5600841,P005,911,2112,9,10
E5600841,P006,911,2112,11,10
E5600841,P007,911,2112,12,10
E5600841,P008,911,2112,9,10
E5600841,P009,911,2112,9,10
E5600841,P010,911,2112,6,10
E5600841,PC23,911,2112,9,10
E5600841,PC83,911,2112,14,10
E5600841,PPB1,911,2112,8,10
E5600841,PPC1,911,2112,5,10
E5600841,PR54,911,2112,3,10
E5600841,PR61,911,2112,7,10
E5600841,PR62,911,2112,4,10
E5600841,PS11,911,2112,10,10
E5600841,PS12,911,2112,7,10
E5600841,PS31,911,2112,7,10
E5600841,PS32,911,2112,4,10
E5600841,PS51,911,2112,13,10
E5600841,PS52,911,2112,8,10
E5600841,PS71,911,2112,0,00
E5600841,PS72,911,2112,0,00
E4900333,P001,911,2112,9,10
E4900333,P002,911,2112,0,00
E4900333,P003,911,2112,0,32
E4900333,P103,911,2112,0,32
E4900333,P021,911,2112,7,10
E4900333,P105,911,2112,9,10
E5601197,P002,911,2118,5,10
E5601197,P003,911,2118,5,10
S1602755,P101,911,2118,5,10
S1602755,P201,911,2118,5,10
S1602755,P301,911,2118,6,10
S2300401,P011,911,2118,9,10
E5600332,P001,911,2118,0,00
E5600332,P002,911,2118,0,00
E5600332,P003,911,2118,0,00
E5600850,PC01,911,2118,0,00
S2300438,P001,911,2118,5,10
S1901066,P004,911,2118,5,10
E5600789,P001,911,2118,0,00
E5600056,P004,911,2124,0,00
E5600056,P006,911,2124,3,10
E5600056,P007,911,2124,0,00
E5600056,P008,911,2124,6,10
E5600056,P009,911,2124,2,10
E5600056,P016,911,2124,4,10
E5600056,P017,911,2124,2,10
E5600056,P018,911,2124,3,10
E5600056,P021,911,2124,2,10
E5600056,P022,911,2124,3,10
E5600056,P023,911,2124,1,10
E5600056,P024,911,2124,4,10
E5600869,P001,911,2118,4,10
E5600896,P004,911,2106,0,00
E5600896,P005,911,2106,0,00
E5600896,P007,911,2106,6,10
E5600896,P008,911,2106,7,10
E5400878,P010,911,2106,1,10
S1900685,P002,911,2118,13,10
S1900685,P421,911,2118,15,10
S1900685,P411,911,2118,4,10
S2100223,P015,911,2124,0,10
S2100223,P015,922,2115,0,10
S2100223,P015,923,2115,0,10
S2100223,P015,924,2115,0,10
S2100223,P015,936,2115,0,10
S2300429,P701,911,2118,0,00
S2300429,PF01,911,2118,9,10
S1900710,P015,911,2124,0,00
S1900710,P050,911,2124,3,10
S1900710,P056,911,2124,4,10
S1900710,P060,911,2124,2,10
S1900710,P070,911,2124,6,10
S2202553,P001,911,2118,1,10
S2202553,P002,911,2118,1,10
S2202553,P003,911,2118,1,10
S2201109,P711,911,2118,15,10
S2201109,P731,911,2118,19,10
S2201109,P741,911,2118,16,10
S2201109,P751,911,2118,16,10
E4900744,P001,911,2124,0,00
E4900744,P002,911,2124,0,00
E4900744,P023,911,2124,0,00
E4900744,P001,923,2115,0,00
E4900744,P023,923,2115,0,00
E4900744,P001,936,2115,0,00
E4900744,P023,936,2115,0,00
E5600841,P001,911,2118,5,10
E5600841,P002,911,2118,5,10
E5600841,P003,911,2118,9,10
E5600841,P004,911,2118,6,10
E5600841,P005,911,2118,9,10
E5600841,P006,911,2118,11,10
E5600841,P007,911,2118,12,10
E5600841,P008,911,2118,9,10
E5600841,P009,911,2118,9,10
E5600841,P010,911,2118,6,10
E5600841,PC23,911,2118,9,10
E5600841,PC83,911,2118,14,10
E5600841,PPB1,911,2118,8,10
E5600841,PPC1,911,2118,5,10
E5600841,PR54,911,2118,3,10
E5600841,PR61,911,2118,7,10
E5600841,PR62,911,2118,5,10
E5600841,PS11,911,2118,11,10
E5600841,PS12,911,2118,8,10
E5600841,PS31,911,2118,7,10
E5600841,PS32,911,2118,4,10
E5600841,PS51,911,2118,12,10
E5600841,PS52,911,2118,9,10
E5600841,PS71,911,2118,0,00
E5600841,PS72,911,2118,0,00
E5600896,P004,922,2100,0,00
E5600896,P004,923,2100,0,00
E5600896,P004,936,2100,0,00
E5600896,P005,922,2100,0,00
E5600896,P005,923,2100,0,00
E5600896,P005,936,2100,0,00
E5600896,P007,922,2100,0,10
E5600896,P007,923,2100,70,10
E5600896,P007,936,2100,5,10
E5600896,P008,922,2100,0,10
E5600896,P008,923,2100,63,10
E5600896,P008,936,2100,2,10
E5400878,P001,923,2100,22,10
E5400878,P001,936,2100,15,10
E5400878,P002,923,2100,19,10
E5400878,P002,936,2100,14,10
E5400878,P003,923,2100,18,10
E5400878,P003,936,2100,15,10
E5400878,P010,923,2100,18,10
E5400878,P010,936,2100,13,10
S2300438,P001,922,2115,0,10
S2300438,P001,923,2115,36,10
S2300438,P001,936,2115,5,10
S2300438,P001,911,2124,5,10
E4900333,P001,911,2118,9,10
E4900333,P002,911,2118,0,00
E4900333,P003,911,2118,0,32
E4900333,P103,911,2118,0,32
E4900333,P021,911,2118,7,10
E4900333,P105,911,2118,9,10
E5601197,P002,911,2124,5,10
E5601197,P003,911,2124,5,10
S1602755,P101,911,2124,5,10
S1602755,P201,911,2124,5,10
S1602755,P301,911,2124,6,10
S1602755,P101,922,2115,1,10
S1602755,P201,922,2115,1,10
S1602755,P301,922,2115,2,10
S1602755,P101,923,2115,67,10
S1602755,P201,923,2115,62,10
S1602755,P301,923,2115,47,10
S1602755,P101,924,2115,13,10
S1602755,P201,924,2115,25,10
S1602755,P301,924,2115,28,10
S1602755,P101,926,2115,6,10
S1602755,P201,926,2115,8,10
S1602755,P301,926,2115,6,10
S1602755,P101,936,2115,8,10
S1602755,P201,936,2115,8,10
S1602755,P301,936,2115,7,10
S2300401,P011,923,2115,60,10
S2300401,P011,936,2115,6,10
S2300401,P011,922,2115,40,10
E5600850,PC01,923,2115,0,00
E5600850,PC01,924,2115,0,00
E5600850,PC01,936,2115,0,00
E5600850,PC01,926,2115,0,00
S1901066,P004,922,2115,229,10
S1901066,P004,923,2115,169,10
S1901066,P004,924,2115,0,10
S1901066,P004,936,2115,4,10
S1901066,P004,937,2115,11,10
S2300401,P011,911,2124,9,10
E5600332,P001,911,2124,0,00
E5600332,P002,911,2124,0,00
E5600332,P003,911,2124,0,00
E5600850,PC01,911,2124,0,00
S1901066,P004,911,2124,5,10
E5600789,P001,911,2124,0,00
E5600056,P004,911,2130,0,00
E5600056,P006,911,2130,3,10
E5600056,P007,911,2130,0,00
E5600056,P008,911,2130,6,10
E5600056,P009,911,2130,2,10
E5600056,P016,911,2130,4,10
E5600056,P017,911,2130,2,10
E5600056,P018,911,2130,3,10
E5600056,P021,911,2130,2,10
E5600056,P022,911,2130,3,10
E5600056,P023,911,2130,1,10
E5600056,P024,911,2130,4,10
E5600056,P004,922,2130,0,00
E5600056,P004,923,2130,0,00
E5600056,P004,924,2130,0,00
E5600056,P004,936,2130,0,00
E5600056,P006,922,2130,19,10
E5600056,P006,923,2130,75,10
E5600056,P006,924,2130,0,10
E5600056,P006,936,2130,5,10
E5600056,P007,922,2130,0,00
E5600056,P007,923,2130,0,00
E5600056,P007,924,2130,0,00
E5600056,P007,936,2130,0,00
E5600056,P008,922,2130,26,10
E5600056,P008,923,2130,60,10
E5600056,P008,924,2130,65,10
E5600056,P008,936,2130,5,10
E5600056,P016,922,2130,0,10
E5600056,P016,923,2130,24,10
E5600056,P016,936,2130,12,10
E5600056,P017,922,2130,2,10
E5600056,P017,923,2130,22,10
E5600056,P017,924,2130,1,10
E5600056,P017,936,2130,3,10
E5600056,P018,922,2130,0,10
E5600056,P018,923,2130,21,10
E5600056,P018,936,2130,4,10
E5600056,P021,922,2130,0,10
E5600056,P021,923,2130,50,10
E5600056,P021,936,2130,4,10
E5600056,P024,922,2130,3,10
E5600056,P024,923,2130,38,10
E5600056,P024,924,2130,2,10
E5600056,P024,936,2130,6,10
E5600056,P034,923,2130,54,10
E5600056,P034,936,2130,1,10
E5600869,P001,911,2124,4,10
E5600869,P001,922,2115,146,10
E5600869,P001,923,2115,125,10
E5600869,P001,936,2115,7,10
E5600896,P004,911,2112,0,00
E5600896,P005,911,2112,0,00
E5600896,P007,911,2112,6,10
E5600896,P008,911,2112,7,10
E5400878,P010,911,2112,2,10
S1900685,P002,911,2124,13,10
S1900685,P421,911,2124,14,10
S1900685,P421,922,2115,17,10
S1900685,P421,923,2115,69,10
S1900685,P421,936,2115,6,10
S1900685,P411,911,2124,4,10
S1900685,P411,922,2115,25,10
S1900685,P411,923,2115,63,10
S1900685,P411,936,2115,12,10
S2100223,P015,911,2130,0,10
S2300429,P701,922,2115,0,00
S2300429,P701,923,2115,0,00
S2300429,P701,936,2115,0,00
S2300429,PF01,922,2115,18,10
S2300429,PF01,923,2115,27,10
S2300429,PF01,936,2115,5,10
S2300429,P701,911,2124,0,00
S2300429,PF01,911,2124,9,10
S1900710,P015,911,2130,0,00
S1900710,P050,911,2130,3,10
S1900710,P056,911,2130,4,10
S1900710,P060,911,2130,2,10
S1900710,P070,911,2130,6,10
S1900710,P015,923,2130,0,00
S1900710,P015,936,2130,0,00
S1900710,P015,922,2130,0,00
S1900710,P050,923,2130,123,10
S1900710,P050,936,2130,6,10
S1900710,P050,922,2130,62,10
S1900710,P056,923,2130,44,10
S1900710,P056,936,2130,4,10
S1900710,P056,922,2130,20,10
S1900710,P060,923,2130,22,10
S1900710,P060,936,2130,5,10
S1900710,P060,922,2130,26,10
S1900710,P070,923,2130,19,10
S1900710,P070,936,2130,8,10
S1900710,P070,922,2130,17,10
S2202553,P001,911,2124,1,10
S2202553,P002,911,2124,1,10
S2202553,P003,911,2124,1,10
S2202553,P001,922,2115,11,10
S2202553,P002,922,2115,8,10
S2202553,P003,922,2115,13,10
S2202553,P001,923,2115,90,10
S2202553,P002,923,2115,80,10
S2202553,P003,923,2115,79,10
S2202553,P001,924,2115,5,10
S2202553,P002,924,2115,1,10
S2202553,P003,924,2115,5,10
S2202553,P001,926,2115,27,10
S2202553,P002,926,2115,12,10
S2202553,P003,926,2115,19,10
S2202553,P001,936,2115,11,10
S2202553,P002,936,2115,11,10
S2202553,P003,936,2115,9,10
S2201109,P711,923,2115,27,10
S2201109,P711,936,2115,6,10
S2201109,P711,922,2115,2,10
S2201109,P731,923,2115,48,10
S2201109,P731,936,2115,7,10
S2201109,P731,922,2115,14,10
S2201109,P741,923,2115,47,10
S2201109,P741,936,2115,5,10
S2201109,P741,922,2115,25,10
S2201109,P751,923,2115,53,10
S2201109,P751,936,2115,6,10
S2201109,P751,922,2115,11,10
S2201109,P711,911,2124,15,10
S2201109,P731,911,2124,18,10
S2201109,P741,911,2124,16,10
S2201109,P751,911,2124,16,10
E4900744,P001,911,2130,0,00
E4900744,P002,911,2130,0,00
E4900744,P023,911,2130,0,00
E5600841,P001,923,2115,30,10
E5600841,P001,936,2115,5,10
E5600841,P001,911,2124,5,10
E5600841,P001,922,2115,27,10
E5600841,P002,923,2115,53,10
E5600841,P002,936,2115,5,10
E5600841,P002,911,2124,5,10
E5600841,P002,922,2115,20,10
E5600841,P003,923,2115,37,10
E5600841,P003,936,2115,6,10
E5600841,P003,911,2124,9,10
E5600841,P003,922,2115,25,10
E5600841,P004,923,2115,18,10
E5600841,P004,936,2115,4,10
E5600841,P004,911,2124,6,10
E5600841,P004,922,2115,20,10
E5600841,P005,923,2115,14,10
E5600841,P005,936,2115,4,10
E5600841,P005,911,2124,9,10
E5600841,P005,922,2115,19,10
E5600841,P006,923,2115,59,10
E5600841,P006,936,2115,5,10
E5600841,P006,911,2124,11,10
E5600841,P006,922,2115,88,11
E5600841,P007,923,2115,54,10
E5600841,P007,936,2115,6,10
E5600841,P007,911,2124,12,10
E5600841,P007,922,2115,72,10
E5600841,P008,923,2115,51,10
E5600841,P008,936,2115,9,10
E5600841,P008,911,2124,9,10
E5600841,P008,922,2115,7,10
E5600841,P009,923,2115,9,10
E5600841,P009,936,2115,4,10
E5600841,P009,911,2124,9,10
E5600841,P009,922,2115,23,10
E5600841,P010,923,2115,9,10
E5600841,P010,936,2115,5,10
E5600841,P010,911,2124,6,10
E5600841,P010,922,2115,16,10
E5600841,PC23,923,2115,53,10
E5600841,PC23,936,2115,7,10
E5600841,PC23,911,2124,9,10
E5600841,PC23,922,2115,27,10
E5600841,PC83,923,2115,59,10
E5600841,PC83,936,2115,7,10
E5600841,PC83,911,2124,15,10
E5600841,PC83,922,2115,22,10
E5600841,PPB1,923,2115,8,10
E5600841,PPB1,936,2115,8,10
E5600841,PPB1,911,2124,8,10
E5600841,PPB1,922,2115,22,10
E5600841,PPC1,923,2115,18,10
E5600841,PPC1,936,2115,3,10
E5600841,PPC1,911,2124,5,10
E5600841,PPC1,922,2115,21,10
E5600841,PR54,923,2115,70,10
E5600841,PR54,936,2115,7,10
E5600841,PR54,911,2124,3,10
E5600841,PR54,922,2115,28,10
E5600841,PR61,923,2115,74,10
E5600841,PR61,936,2115,6,10
E5600841,PR61,911,2124,7,10
E5600841,PR61,922,2115,26,10
E5600841,PR62,923,2115,67,10
E5600841,PR62,936,2115,6,10
E5600841,PR62,911,2124,5,10
E5600841,PR62,922,2115,15,10
E5600841,PS11,923,2115,32,10
E5600841,PS11,936,2115,11,10
E5600841,PS11,911,2124,11,10
E5600841,PS11,922,2115,58,10
E5600841,PS12,911,2124,8,10
E5600841,PS31,923,2115,130,10
E5600841,PS31,936,2115,12,10
E5600841,PS31,911,2124,7,10
E5600841,PS31,922,2115,86,10
E5600841,PS32,911,2124,4,10
E5600841,PS51,923,2115,49,10
E5600841,PS51,936,2115,12,10
E5600841,PS51,911,2124,12,10
E5600841,PS51,922,2115,16,10
E5600841,PS52,911,2124,8,10
E5600841,PS71,923,2115,0,00
E5600841,PS71,936,2115,0,00
E5600841,PS71,911,2124,0,00
E5600841,PS71,922,2115,0,00
E5600841,PS72,911,2124,0,00
S2300438,P001,911,2130,5,10
E4900333,P001,911,2124,9,10
E4900333,P002,911,2124,0,00
E4900333,P003,911,2124,0,32
E4900333,P103,911,2124,0,32
E4900333,P021,911,2124,7,10
E4900333,P105,911,2124,9,10
E4900333,P001,922,2115,1,10
E4900333,P002,922,2115,0,00
E4900333,P003,922,2115,0,32
E4900333,P103,922,2115,0,32
E4900333,P021,922,2115,0,10
E4900333,P105,922,2115,56,10
E4900333,P001,923,2115,83,10
E4900333,P002,923,2115,0,00
E4900333,P003,923,2115,0,32
E4900333,P103,923,2115,0,32
E4900333,P021,923,2115,36,10
E4900333,P105,923,2115,75,10
E4900333,P001,936,2115,13,10
E4900333,P002,936,2115,0,00
E4900333,P003,936,2115,0,32
E4900333,P103,936,2115,0,32
E4900333,P021,936,2115,8,10
E4900333,P105,936,2115,10,10
E5601197,P002,911,2130,4,10
E5601197,P003,911,2130,4,10
S1602755,P101,911,2130,5,10
S1602755,P201,911,2130,5,10
S1602755,P301,911,2130,6,10
E5600332,P001,911,2130,0,00
E5600332,P002,911,2130,0,00
E5600332,P003,911,2130,0,00
E5600850,PC01,911,2130,0,00
S1901066,P004,911,2130,5,10
E5600789,P001,911,2130,0,00
E5600056,P004,911,2136,0,00
E5600056,P006,911,2136,3,10
E5600056,P007,911,2136,0,00
E5600056,P008,911,2136,6,10
E5600056,P009,911,2136,2,10
E5600056,P016,911,2136,4,10
E5600056,P017,911,2136,2,10
E5600056,P018,911,2136,3,10
E5600056,P021,911,2136,2,10
E5600056,P022,911,2136,3,10
E5600056,P023,911,2136,1,10
E5600056,P024,911,2136,4,10
E5600869,P001,911,2130,4,10
E5600896,P004,911,2118,0,00
E5600896,P005,911,2118,0,00
E5600896,P007,911,2118,6,10
E5600896,P008,911,2118,7,10
E5400878,P010,911,2118,1,10
S1900685,P002,911,2130,14,10
S1900685,P421,911,2130,13,10
S1900685,P411,911,2130,4,10
S2100223,P015,911,2136,0,10
S1900710,P015,911,2136,0,00
S1900710,P050,911,2136,3,10
S1900710,P056,911,2136,4,10
S1900710,P060,911,2136,2,10
S1900710,P070,911,2136,6,10
S2202553,P001,911,2130,1,10
S2202553,P002,911,2130,1,10
S2202553,P003,911,2130,1,10
E4900744,P001,911,2136,0,00
E4900744,P002,911,2136,0,00
E4900744,P023,911,2136,0,00
E5600841,P001,911,2130,5,10
E5600841,P002,911,2130,6,10
E5600841,P003,911,2130,9,10
E5600841,P004,911,2130,7,10
E5600841,P005,911,2130,9,10
E5600841,P006,911,2130,11,10
E5600841,P007,911,2130,12,10
E5600841,P008,911,2130,9,10
E5600841,P009,911,2130,9,10
E5600841,P010,911,2130,6,10
E5600841,PC23,911,2130,9,10
E5600841,PC83,911,2130,14,10
E5600841,PPB1,911,2130,8,10
E5600841,PPC1,911,2130,6,10
E5600841,PR54,911,2130,3,10
E5600841,PR61,911,2130,7,10
E5600841,PR62,911,2130,4,10
E5600841,PS11,911,2130,10,10
E5600841,PS12,911,2130,7,10
E5600841,PS31,911,2130,7,10
E5600841,PS32,911,2130,4,10
E5600841,PS51,911,2130,12,10
E5600841,PS52,911,2130,9,10
E5600841,PS71,911,2130,0,00
E5600841,PS72,911,2130,0,00
S2300438,P001,911,2136,5,10
S2100223,P015,922,2130,0,10
S2100223,P015,923,2130,0,10
S2100223,P015,924,2130,0,10
S2100223,P015,936,2130,0,10
E4900333,P001,911,2130,9,10
E4900333,P002,911,2130,0,00
E4900333,P003,911,2130,0,32
E4900333,P103,911,2130,0,32
E4900333,P021,911,2130,7,10
E4900333,P105,911,2130,9,10
E5601197,P002,911,2136,4,10
E5601197,P003,911,2136,3,10
S1602755,P101,911,2136,5,10
S1602755,P201,911,2136,5,10
S1602755,P301,911,2136,6,10
E5600332,P001,911,2136,0,00
E5600332,P002,911,2136,0,00
E5600332,P003,911,2136,0,00
E5600850,PC01,911,2136,0,00
S1901066,P004,911,2136,5,10
E5600789,P001,911,2136,0,00
E5600056,P004,911,2142,0,00
E5600056,P006,911,2142,3,10
E5600056,P007,911,2142,0,00
E5600056,P008,911,2142,6,10
E5600056,P009,911,2142,2,10
E5600056,P016,911,2142,4,10
E5600056,P017,911,2142,2,10
E5600056,P018,911,2142,3,10
E5600056,P021,911,2142,2,10
E5600056,P022,911,2142,3,10
E5600056,P023,911,2142,1,10
E5600056,P024,911,2142,4,10
E5600869,P001,911,2136,4,10
S2202553,P001,911,2136,1,10
S2202553,P002,911,2136,1,10
S2202553,P003,911,2136,1,10
E4900744,P001,923,2130,0,00
E4900744,P023,923,2130,0,00
E4900744,P001,936,2130,0,00
E4900744,P023,936,2130,0,00
E5600896,P004,922,2115,0,00
E5600896,P004,923,2115,0,00
E5600896,P004,936,2115,0,00
E5600896,P005,922,2115,0,00
E5600896,P005,923,2115,0,00
E5600896,P005,936,2115,0,00
E5600896,P007,922,2115,0,10
E5600896,P007,923,2115,70,10
E5600896,P007,936,2115,5,10
E5600896,P008,922,2115,0,10
E5600896,P008,923,2115,63,10
E5600896,P008,936,2115,2,10
E5600896,P004,911,2124,0,00
E5600896,P005,911,2124,0,00
E5600896,P007,911,2124,6,10
E5600896,P008,911,2124,7,10
E5400878,P001,923,2115,22,10
E5400878,P001,936,2115,15,10
E5400878,P002,923,2115,19,10
E5400878,P002,936,2115,14,10
E5400878,P003,923,2115,17,10
E5400878,P003,936,2115,15,10
E5400878,P010,923,2115,18,10
E5400878,P010,936,2115,13,10
E5400878,P010,911,2124,2,10
S2201109,P711,911,2136,15,10
S2201109,P731,911,2136,19,10
S2201109,P741,911,2136,15,10
S2201109,P751,911,2136,15,10
S2300401,P011,911,2136,9,10
S1900685,P002,911,2136,13,10
S1900685,P421,911,2136,12,10
S1900685,P411,911,2136,4,10
S2100223,P015,911,2142,0,10
E5600850,PC01,923,2130,0,00
E5600850,PC01,924,2130,0,00
E5600850,PC01,936,2130,0,00
E5600850,PC01,926,2130,0,00
S2300438,P001,922,2130,0,10
S2300438,P001,923,2130,36,10
S2300438,P001,936,2130,5,10
S2300429,P701,911,2136,0,00
S2300429,PF01,911,2136,9,10
S1900710,P015,911,2142,0,00
S1900710,P050,911,2142,3,10
S1900710,P056,911,2142,5,10
S1900710,P060,911,2142,2,10
S1900710,P070,911,2142,5,10
S1602755,P101,922,2130,2,10
S1602755,P201,922,2130,2,10
S1602755,P301,922,2130,2,10
S1602755,P101,923,2130,88,10
S1602755,P201,923,2130,72,10
S1602755,P301,923,2130,56,10
S1602755,P101,924,2130,4,10
S1602755,P201,924,2130,4,10
S1602755,P301,924,2130,16,10
S1602755,P101,926,2130,6,10
S1602755,P201,926,2130,12,10
S1602755,P301,926,2130,5,10
S1602755,P101,936,2130,9,10
S1602755,P201,936,2130,8,10
S1602755,P301,936,2130,8,10
E5600869,P001,922,2130,130,10
E5600869,P001,923,2130,124,10
E5600869,P001,936,2130,7,10
S1900685,P421,922,2130,17,10
S1900685,P421,923,2130,70,10
S1900685,P421,936,2130,6,10
S1900685,P411,922,2130,24,10
S1900685,P411,923,2130,64,10
S1900685,P411,936,2130,12,10
E4900744,P001,911,2142,0,00
E4900744,P002,911,2142,0,00
E4900744,P023,911,2142,0,00
E5600841,P001,911,2136,5,10
E5600841,P002,911,2136,6,10
E5600841,P003,911,2136,9,10
E5600841,P004,911,2136,6,10
E5600841,P005,911,2136,9,10
E5600841,P006,911,2136,11,10
E5600841,P007,911,2136,12,10
E5600841,P008,911,2136,9,10
E5600841,P009,911,2136,9,10
E5600841,P010,911,2136,6,10
E5600841,PC23,911,2136,9,10
E5600841,PC83,911,2136,14,10
E5600841,PPB1,911,2136,8,10
E5600841,PPC1,911,2136,6,10
E5600841,PR54,911,2136,3,10
E5600841,PR61,911,2136,7,10
E5600841,PR62,911,2136,5,10
E5600841,PS11,911,2136,11,10
E5600841,PS12,911,2136,7,10
E5600841,PS31,911,2136,7,10
E5600841,PS32,911,2136,4,10
E5600841,PS51,911,2136,12,10
E5600841,PS52,911,2136,8,10
E5600841,PS71,911,2136,0,00
E5600841,PS72,911,2136,0,00
S2300429,P701,911,2130,0,00
S2300429,P701,922,2130,0,00
S2300429,P701,923,2130,0,00
S2300429,P701,936,2130,0,00
S2300429,PF01,911,2130,9,10
S2300429,PF01,922,2130,18,10
S2300429,PF01,923,2130,27,10
S2300429,PF01,936,2130,5,10
S1901066,P004,922,2130,229,10
S1901066,P004,923,2130,168,10
S1901066,P004,924,2130,0,10
S1901066,P004,936,2130,5,10
S1901066,P004,937,2130,11,10
S2300438,P001,911,2142,5,10
S1900710,P070,923,2145,17,10
S1900710,P070,936,2145,8,10
S1900710,P070,922,2145,16,10
S1900710,P015,923,2145,0,00
S1900710,P015,936,2145,0,00
S1900710,P015,922,2145,0,00
S1900710,P050,923,2145,136,10
S1900710,P050,936,2145,7,10
S1900710,P050,922,2145,57,10
S1900710,P056,923,2145,42,10
S1900710,P056,936,2145,4,10
S1900710,P056,922,2145,21,10
S1900710,P060,923,2145,25,10
S1900710,P060,936,2145,5,10
S1900710,P060,922,2145,26,10
S2005081,P401,923,2145,60,10
S2005081,P401,922,2145,11,10
S2005081,P401,936,2145,7,10
S2202553,P001,922,2130,10,10
S2202553,P002,922,2130,9,10
S2202553,P003,922,2130,9,10
S2202553,P001,923,2130,78,10
S2202553,P002,923,2130,82,10
S2202553,P003,923,2130,82,10
S2202553,P001,924,2130,4,10
S2202553,P002,924,2130,1,10
S2202553,P003,924,2130,8,10
S2202553,P001,926,2130,25,10
S2202553,P002,926,2130,11,10
S2202553,P003,926,2130,15,10
S2202553,P001,936,2130,11,10
S2202553,P002,936,2130,10,10
S2202553,P003,936,2130,8,10
S1601990,P001,911,2142,4,10
S1601990,P004,911,2142,4,10
S1601990,P049,911,2142,2,10
S2300401,P011,911,2130,9,10
S2300401,P011,923,2130,60,10
S2300401,P011,936,2130,6,10
S2300401,P011,922,2130,38,10
E4900333,P001,911,2136,9,10
E4900333,P002,911,2136,0,00
E4900333,P003,911,2136,0,32
E4900333,P103,911,2136,0,32
E4900333,P021,911,2136,7,10
E4900333,P105,911,2136,9,10
E5601197,P002,911,2142,3,10
E5601197,P003,911,2142,3,10
S1602755,P101,911,2142,5,10
S1602755,P201,911,2142,5,10
S1602755,P301,911,2142,6,10
S2300429,P701,911,2142,0,00
S2300429,PF01,911,2142,9,10
E5600332,P001,911,2142,0,00
E5600332,P002,911,2142,0,00
E5600332,P003,911,2142,0,00
S1901066,P004,911,2142,5,10
E5600789,P001,911,2142,0,00
E5600869,P001,911,2142,4,10
S2202553,P001,911,2142,1,10
S2202553,P002,911,2142,1,10
S2202553,P003,911,2142,1,10
E5600841,P001,923,2130,19,10
E5600841,P001,936,2130,4,10
E5600841,P001,922,2130,23,10
E5600841,P002,923,2130,31,10
E5600841,P002,936,2130,4,10
E5600841,P002,922,2130,17,10
E5600841,P003,923,2130,21,10
E5600841,P003,936,2130,5,10
E5600841,P003,922,2130,22,10
E5600841,P004,923,2130,19,10
E5600841,P004,936,2130,3,10
E5600841,P004,922,2130,18,10
E5600841,P005,923,2130,15,10
E5600841,P005,936,2130,3,10
E5600841,P005,922,2130,17,10
E5600841,P006,923,2130,47,10
E5600841,P006,936,2130,5,10
E5600841,P006,922,2130,91,11
E5600841,P007,923,2130,58,10
E5600841,P007,936,2130,6,10
E5600841,P007,922,2130,72,10
E5600841,P008,923,2130,50,10
E5600841,P008,936,2130,9,10
E5600841,P008,922,2130,6,10
E5600841,P009,923,2130,9,10
E5600841,P009,936,2130,4,10
E5600841,P009,922,2130,25,10
E5600841,P010,923,2130,9,10
E5600841,P010,936,2130,5,10
E5600841,P010,922,2130,16,10
E5600841,PC23,923,2130,63,10
E5600841,PC23,936,2130,7,10
E5600841,PC23,922,2130,27,10
E5600841,PC83,923,2130,58,10
E5600841,PC83,936,2130,7,10
E5600841,PC83,922,2130,22,10
E5600841,PPB1,923,2130,8,10
E5600841,PPB1,936,2130,8,10
E5600841,PPB1,922,2130,22,10
E5600841,PPC1,923,2130,19,10
E5600841,PPC1,936,2130,3,10
E5600841,PPC1,922,2130,18,10
E5600841,PR54,923,2130,67,10
E5600841,PR54,936,2130,7,10
E5600841,PR54,922,2130,29,10
E5600841,PR61,923,2130,65,10
E5600841,PR61,936,2130,5,10
E5600841,PR61,922,2130,28,10
E5600841,PR62,923,2130,67,10
E5600841,PR62,936,2130,7,10
E5600841,PR62,922,2130,15,10
E5600841,PS11,923,2130,33,10
E5600841,PS11,936,2130,11,10
E5600841,PS11,922,2130,68,10
E5600841,PS31,923,2130,128,10
E5600841,PS31,936,2130,12,10
E5600841,PS31,922,2130,84,10
E5600841,PS51,923,2130,48,10
E5600841,PS51,936,2130,12,10
E5600841,PS51,922,2130,17,10
E5600841,PS71,923,2130,0,00
E5600841,PS71,936,2130,0,00
E5600841,PS71,922,2130,0,00
E5600896,P004,911,2130,0,00
E5600896,P005,911,2130,0,00
E5600896,P007,911,2130,6,10
E5600896,P008,911,2130,7,10
E5400878,P010,911,2130,2,10
S2300401,P011,911,2142,9,10
E5600850,PC01,911,2142,0,00
E4900333,P001,922,2130,1,10
E4900333,P002,922,2130,0,00
E4900333,P003,922,2130,0,32
E4900333,P103,922,2130,0,32
E4900333,P021,922,2130,0,10
E4900333,P105,922,2130,56,10
E4900333,P001,923,2130,83,10
E4900333,P002,923,2130,0,00
E4900333,P003,923,2130,0,32
E4900333,P103,923,2130,0,32
E4900333,P021,923,2130,37,10
E4900333,P105,923,2130,76,10
E4900333,P001,936,2130,13,10
E4900333,P002,936,2130,0,00
E4900333,P003,936,2130,0,32
E4900333,P103,936,2130,0,32
E4900333,P021,936,2130,8,10
E4900333,P105,936,2130,10,10
E5600056,P004,922,2145,0,00
E5600056,P004,923,2145,0,00
E5600056,P004,924,2145,0,00
E5600056,P004,936,2145,0,00
E5600056,P006,922,2145,20,10
E5600056,P006,923,2145,75,10
E5600056,P006,924,2145,0,10
E5600056,P006,936,2145,5,10
E5600056,P007,922,2145,0,00
E5600056,P007,923,2145,0,00
E5600056,P007,924,2145,0,00
E5600056,P007,936,2145,0,00
E5600056,P008,922,2145,21,10
E5600056,P008,923,2145,61,10
E5600056,P008,924,2145,9,10
E5600056,P008,936,2145,5,10
E5600056,P016,922,2145,0,10
E5600056,P016,923,2145,24,10
E5600056,P016,936,2145,12,10
E5600056,P017,922,2145,2,10
E5600056,P017,923,2145,22,10
E5600056,P017,924,2145,0,10
E5600056,P017,936,2145,3,10
E5600056,P018,922,2145,0,10
E5600056,P018,923,2145,20,10
E5600056,P018,924,2145,0,10
E5600056,P018,936,2145,4,10
E5600056,P021,922,2145,0,10
E5600056,P021,923,2145,50,10
E5600056,P021,924,2145,0,10
E5600056,P021,936,2145,4,10
E5600056,P024,922,2145,3,10
E5600056,P024,923,2145,36,10
E5600056,P024,924,2145,2,10
E5600056,P024,936,2145,6,10
E5600056,P034,922,2145,8,10
E5600056,P034,923,2145,56,10
E5600056,P034,936,2145,1,10
E5600056,P004,911,2148,0,00
E5600056,P006,911,2148,3,10
E5600056,P007,911,2148,0,00
E5600056,P008,911,2148,7,10
E5600056,P009,911,2148,2,10
E5600056,P016,911,2148,4,10
E5600056,P017,911,2148,2,10
E5600056,P018,911,2148,3,10
E5600056,P021,911,2148,2,10
E5600056,P022,911,2148,3,10
E5600056,P023,911,2148,1,10
E5600056,P024,911,2148,4,10
S1900685,P002,911,2142,13,10
S1900685,P421,911,2142,14,10
S1900685,P411,911,2142,4,10
S2100223,P015,911,2148,0,10
S2201109,P711,911,2130,15,10
S2201109,P731,911,2130,19,10
S2201109,P741,911,2130,16,10
S2201109,P751,911,2130,16,10
S2201109,P711,923,2130,25,10
S2201109,P711,936,2130,6,10
S2201109,P711,922,2130,3,10
S2201109,P731,923,2130,50,10
S2201109,P731,936,2130,7,10
S2201109,P731,922,2130,14,10
S2201109,P741,923,2130,47,10
S2201109,P741,936,2130,5,10
S2201109,P741,922,2130,24,10
S2201109,P751,923,2130,54,10
S2201109,P751,936,2130,6,10
S2201109,P751,922,2130,11,10
S2201109,P711,911,2142,15,10
S2201109,P731,911,2142,18,10
S2201109,P741,911,2142,15,10
S2201109,P751,911,2142,16,10
S1900710,P070,911,2148,6,10
S1900710,P015,911,2148,0,00
S1900710,P050,911,2148,3,10
S1900710,P056,911,2148,5,10
S1900710,P060,911,2148,2,10
E4900333,P001,911,2142,9,10
E4900333,P002,911,2142,0,00
E4900333,P003,911,2142,0,32
E4900333,P103,911,2142,0,32
E4900333,P021,911,2142,7,10
E4900333,P105,911,2142,9,10
E4900744,P001,911,2148,0,00
E4900744,P002,911,2148,0,00
E4900744,P023,911,2148,0,00
E5600841,P001,911,2142,5,10
E5600841,P002,911,2142,5,10
E5600841,P003,911,2142,9,10
E5600841,P004,911,2142,6,10
E5600841,P005,911,2142,9,10
E5600841,P006,911,2142,11,10
E5600841,P007,911,2142,12,10
E5600841,P008,911,2142,9,10
E5600841,P009,911,2142,9,10
E5600841,P010,911,2142,6,10
E5600841,PC23,911,2142,9,10
E5600841,PC83,911,2142,14,10
E5600841,PPB1,911,2142,8,10
E5600841,PPC1,911,2142,6,10
E5600841,PR54,911,2142,3,10
E5600841,PR61,911,2142,7,10
E5600841,PR62,911,2142,5,10
E5600841,PS11,911,2142,11,10
E5600841,PS12,911,2142,7,10
E5600841,PS31,911,2142,7,10
E5600841,PS32,911,2142,4,10
E5600841,PS51,911,2142,12,10
E5600841,PS52,911,2142,8,10
E5600841,PS71,911,2142,0,00
E5600841,PS72,911,2142,0,00
S2300438,P001,911,2148,5,10
E5601197,P002,911,2148,3,10
E5601197,P003,911,2148,3,10
S1602755,P101,911,2148,5,10
S1602755,P201,911,2148,5,10
S1602755,P301,911,2148,6,10
S2300429,P701,911,2148,0,00
S2300429,PF01,911,2148,9,10
E5600332,P001,911,2148,0,00
E5600332,P002,911,2148,0,00
E5600332,P003,911,2148,0,00
S1901066,P004,911,2148,5,10
E5600789,P001,911,2148,0,00
E5600869,P001,911,2148,4,10
S1900710,P015,911,2154,0,00
S1900710,P050,911,2154,4,10
S1900710,P056,911,2154,4,10
S1900710,P060,911,2154,2,10
S1900710,P070,911,2154,6,10
S2202553,P001,911,2148,1,10
S2202553,P002,911,2148,1,10
S2202553,P003,911,2148,1,10
E5600896,P004,911,2136,0,00
E5600896,P005,911,2136,0,00
E5600896,P007,911,2136,6,10
E5600896,P008,911,2136,7,10
E5400878,P010,911,2136,2,10
S2300401,P011,911,2148,9,10
E5600850,PC01,911,2148,0,00
E5600056,P004,911,2154,0,00
E5600056,P006,911,2154,3,10
E5600056,P007,911,2154,0,00
E5600056,P008,911,2154,7,10
E5600056,P009,911,2154,3,10
E5600056,P016,911,2154,4,10
E5600056,P017,911,2154,2,10
E5600056,P018,911,2154,3,10
E5600056,P021,911,2154,2,10
E5600056,P022,911,2154,3,10
E5600056,P023,911,2154,1,10
E5600056,P024,911,2154,4,10
S1900685,P002,911,2148,13,10
S1900685,P421,911,2148,12,10
S1900685,P411,911,2148,4,10
S2100223,P015,911,2154,0,10
S2100223,P015,922,2145,0,10
S2100223,P015,923,2145,0,10
S2100223,P015,924,2145,0,10
S2100223,P015,936,2145,0,10
S2100223,P015,222,2100,0,
S2100223,P015,223,2100,0,
S2100223,P015,224,2100,0,
S2100223,P015,236,2100,0,
S2100223,P015,248,2100,0,
S2100223,P015,259,2100,0,
S2201109,P711,911,2148,15,10
S2201109,P731,911,2148,18,10
S2201109,P741,911,2148,15,10
S2201109,P751,911,2148,15,10
E4900333,P001,911,2148,9,10
E4900333,P002,911,2148,0,00
E4900333,P003,911,2148,0,32
E4900333,P103,911,2148,0,32
E4900333,P021,911,2148,7,10
E4900333,P105,911,2148,9,10
E4900744,P001,911,2154,0,00
E4900744,P002,911,2154,0,00
E4900744,P023,911,2154,0,00
E4900744,P001,923,2145,0,00
E4900744,P023,923,2145,0,00
E4900744,P001,936,2145,0,00
E4900744,P023,936,2145,0,00
E4900744,P001,223,2100,0,00
E4900744,P023,223,2100,0,00
E4900744,P001,236,2100,0,00
E4900744,P023,236,2100,0,00
E4900744,P001,248,2100,0,00
E4900744,P023,248,2100,0,00
E4900744,P001,259,2100,0,00
E4900744,P023,259,2100,0,00
E5600841,P001,911,2148,5,10
E5600841,P002,911,2148,5,10
E5600841,P003,911,2148,9,10
E5600841,P004,911,2148,6,10
E5600841,P005,911,2148,9,10
E5600841,P006,911,2148,11,10
E5600841,P007,911,2148,12,10
E5600841,P008,911,2148,9,10
E5600841,P009,911,2148,9,10
E5600841,P010,911,2148,6,10
E5600841,PC23,911,2148,9,10
E5600841,PC83,911,2148,14,10
E5600841,PPB1,911,2148,8,10
E5600841,PPC1,911,2148,6,10
E5600841,PR54,911,2148,3,10
E5600841,PR61,911,2148,7,10
E5600841,PR62,911,2148,5,10
E5600841,PS11,911,2148,11,10
E5600841,PS12,911,2148,9,10
E5600841,PS31,911,2148,7,10
E5600841,PS32,911,2148,4,10
E5600841,PS51,911,2148,12,10
E5600841,PS52,911,2148,8,10
E5600841,PS71,911,2148,0,00
E5600841,PS72,911,2148,0,00
E5600896,P004,922,2130,0,00
E5600896,P004,923,2130,0,00
E5600896,P004,936,2130,0,00
E5600896,P005,922,2130,0,00
E5600896,P005,923,2130,0,00
E5600896,P005,936,2130,0,00
E5600896,P007,922,2130,0,10
E5600896,P007,923,2130,71,11
E5600896,P007,936,2130,5,10
E5600896,P008,922,2130,0,10
E5600896,P008,923,2130,63,10
E5600896,P008,936,2130,2,10
E5400878,P001,923,2130,23,10
E5400878,P001,936,2130,15,10
E5400878,P002,923,2130,19,10
E5400878,P002,936,2130,14,10
E5400878,P003,923,2130,18,10
E5400878,P003,936,2130,15,10
E5400878,P010,923,2130,17,10
E5400878,P010,936,2130,13,10
S2300438,P001,922,2145,0,10
S2300438,P001,923,2145,33,10
S2300438,P001,936,2145,6,10
S2300438,P001,911,2154,5,10
E5601197,P002,911,2154,3,10
E5601197,P003,911,2154,3,10
S1602755,P101,911,2154,5,10
S1602755,P201,911,2154,5,10
S1602755,P301,911,2154,6,10
S1602755,P101,922,2145,2,10
S1602755,P201,922,2145,2,10
S1602755,P301,922,2145,4,10
S1602755,P101,923,2145,76,10
S1602755,P201,923,2145,75,10
S1602755,P301,923,2145,52,10
S1602755,P101,924,2145,2,10
S1602755,P201,924,2145,2,10
S1602755,P301,924,2145,25,10
S1602755,P101,926,2145,4,10
S1602755,P201,926,2145,12,10
S1602755,P301,926,2145,8,10
S1602755,P101,936,2145,9,10
S1602755,P201,936,2145,9,10
S1602755,P301,936,2145,8,10
S1602755,P101,222,2100,2,10
S1602755,P201,222,2100,2,10
S1602755,P301,222,2100,3,10
S1602755,P101,223,2100,74,10
S1602755,P201,223,2100,67,10
S1602755,P301,223,2100,48,10
S1602755,P101,224,2100,6,10
S1602755,P201,224,2100,19,10
S1602755,P301,224,2100,38,10
S1602755,P101,226,2100,5,10
S1602755,P201,226,2100,10,10
S1602755,P301,226,2100,6,10
S1602755,P101,236,2100,9,10
S1602755,P201,236,2100,8,10
S1602755,P301,236,2100,7,10
S1602755,P101,248,2100,102348,10
S1602755,P201,248,2100,88989,10
S1602755,P301,248,2100,112468,10
S1602755,P101,259,2100,136,10
S1602755,P201,259,2100,132,10
S1602755,P301,259,2100,137,10
S2300429,P701,922,2145,0,00
S2300429,P701,923,2145,0,00
S2300429,P701,936,2145,0,00
S2300429,PF01,922,2145,19,10
S2300429,PF01,923,2145,27,10
S2300429,PF01,936,2145,5,10
S1901066,P004,922,2145,229,10
S1901066,P004,923,2145,168,10
S1901066,P004,924,2145,0,10
S1901066,P004,936,2145,5,10
S1901066,P004,937,2145,11,10
S2300429,P701,911,2154,0,00
S2300429,PF01,911,2154,9,10
E5600332,P001,911,2154,0,00
E5600332,P002,911,2154,0,00
E5600332,P003,911,2154,0,00
S1901066,P004,911,2154,5,10
E5600789,P001,911,2154,0,00
E5600869,P001,911,2154,4,10
E5600869,P001,922,2145,127,10
E5600869,P001,923,2145,123,10
E5600869,P001,936,2145,7,10
E5600869,P001,222,2100,144,10
E5600869,P001,223,2100,124,10
E5600869,P001,236,2100,7,10
E5600869,P001,248,2100,52528,10
E5600869,P001,259,2100,103,10
S2300401,P011,911,2100,9,10
S2300401,P011,923,2100,59,10
S2300401,P011,936,2100,6,10
S2300401,P011,922,2100,40,10
S2300401,P011,248,2100,189720,10
S2300401,P011,223,2100,59,10
S2300401,P011,236,2100,6,10
S2300401,P011,222,2100,39,10
S2300401,P011,259,2100,52,10
S2300401,P011,923,2145,58,10
S2300401,P011,936,2145,6,10
S2300401,P011,922,2145,37,10
E5600850,PC01,923,2145,0,00
E5600850,PC01,924,2145,0,00
E5600850,PC01,936,2145,0,00
E5600850,PC01,926,2145,0,00
E5600896,P004,911,2142,0,00
E5600896,P005,911,2142,0,00
E5600896,P007,911,2142,5,10
E5600896,P008,911,2142,7,10
E5400878,P010,911,2142,2,10
S2300401,P011,911,2154,9,10
E5600850,PC01,911,2154,0,00
E5600056,P004,911,2200,0,00
E5600056,P006,911,2200,3,10
E5600056,P007,911,2200,0,00
E5600056,P008,911,2200,7,10
E5600056,P009,911,2200,3,10
E5600056,P016,911,2200,4,10
E5600056,P017,911,2200,2,10
E5600056,P018,911,2200,3,10
E5600056,P021,911,2200,2,10
E5600056,P022,911,2200,3,10
E5600056,P023,911,2200,1,10
E5600056,P024,911,2200,4,10
E5600056,P004,922,2200,0,00
E5600056,P004,923,2200,0,00
E5600056,P004,924,2200,0,00
E5600056,P004,936,2200,0,00
E5600056,P006,922,2200,19,10
E5600056,P006,923,2200,76,10
E5600056,P006,924,2200,0,10
E5600056,P006,936,2200,4,10
E5600056,P007,922,2200,0,00
E5600056,P007,923,2200,0,00
E5600056,P007,924,2200,0,00
E5600056,P007,936,2200,0,00
E5600056,P008,922,2200,11,10
E5600056,P008,923,2200,64,10
E5600056,P008,924,2200,0,10
E5600056,P008,936,2200,5,10
E5600056,P016,922,2200,0,10
E5600056,P016,923,2200,23,10
E5600056,P016,936,2200,12,10
E5600056,P017,922,2200,2,10
E5600056,P017,923,2200,22,10
E5600056,P017,924,2200,1,10
E5600056,P017,936,2200,3,10
E5600056,P018,922,2200,0,10
E5600056,P018,923,2200,18,10
E5600056,P018,936,2200,4,10
E5600056,P021,922,2200,0,10
E5600056,P021,923,2200,50,10
E5600056,P021,936,2200,4,10
E5600056,P024,922,2200,3,10
E5600056,P024,923,2200,38,10
E5600056,P024,924,2200,2,10
E5600056,P024,936,2200,6,10
E5600056,P034,923,2200,52,10
E5600056,P034,936,2200,1,10
E5600056,P004,222,2200,0,00
E5600056,P004,223,2200,0,00
E5600056,P004,224,2200,0,00
E5600056,P004,236,2200,0,00
E5600056,P004,248,2200,0,00
E5600056,P004,259,2200,0,00
E5600056,P006,222,2200,18,10
E5600056,P006,223,2200,75,10
E5600056,P006,224,2200,0,10
E5600056,P006,236,2200,5,10
S1900685,P002,911,2154,14,10
S1900685,P421,911,2154,12,10
S1900685,P421,922,2145,15,10
S1900685,P421,923,2145,70,10
S1900685,P421,936,2145,6,10
S1900685,P421,222,2100,16,10
S1900685,P421,223,2100,69,10
S1900685,P421,236,2100,6,10
S1900685,P421,248,2100,310381,10
S1900685,P421,259,2100,52,10
S1900685,P411,911,2154,4,10
S1900685,P411,222,2100,25,10
S1900685,P411,922,2145,25,10
S1900685,P411,223,2100,63,10
S1900685,P411,923,2145,63,10
S1900685,P411,236,2100,12,10
S1900685,P411,936,2145,12,10
S1900685,P411,248,2100,21656,10
S1900685,P411,259,2100,133,10
S2202553,P001,911,2154,1,10
S2202553,P002,911,2154,1,10
S2202553,P003,911,2154,1,10
S2202553,P001,922,2145,11,10
S2202553,P002,922,2145,7,10
S2202553,P003,922,2145,11,10
S2202553,P001,923,2145,92,10
S2202553,P002,923,2145,92,10
S2202553,P003,923,2145,82,10
S2202553,P001,924,2145,6,10
S2202553,P002,924,2145,2,10
S2202553,P003,924,2145,4,10
S2202553,P001,926,2145,26,10
S2202553,P002,926,2145,10,10
S2202553,P003,926,2145,18,10
S2202553,P001,936,2145,11,10
S2202553,P002,936,2145,10,10
S2202553,P003,936,2145,9,10
S2202553,P001,222,2100,12,10
S2202553,P002,222,2100,9,10
S2202553,P003,222,2100,11,10
S2202553,P001,223,2100,87,10
S2202553,P002,223,2100,84,10
S2202553,P003,223,2100,79,10
S2202553,P001,224,2100,5,10
S2202553,P002,224,2100,1,10
S2202553,P003,224,2100,6,10
S2202553,P001,226,2100,26,10
S2202553,P002,226,2100,11,10
S2202553,P003,226,2100,18,10
S2202553,P001,236,2100,11,10
S2202553,P002,236,2100,10,10
S2202553,P003,236,2100,9,10
S2202553,P001,248,2100,105489,10
S2202553,P002,248,2100,115128,10
S2202553,P003,248,2100,111696,10
S2202553,P001,259,2100,141,10
S2202553,P002,259,2100,136,10
S2202553,P003,259,2100,149,10
S2100223,P015,911,2200,0,10
S2201109,P711,923,2145,24,10
S2201109,P711,936,2145,6,10
S2201109,P711,922,2145,3,10
S2201109,P731,923,2145,50,10
S2201109,P731,936,2145,7,10
S2201109,P731,922,2145,14,10
S2201109,P741,923,2145,46,10
S2201109,P741,936,2145,5,10
S2201109,P741,922,2145,25,10
S2201109,P751,923,2145,49,10
S2201109,P751,936,2145,6,10
S2201109,P751,922,2145,11,10
S2201109,P711,911,2154,15,10
S2201109,P731,911,2154,18,10
S2201109,P741,911,2154,15,10
S2201109,P751,911,2154,15,10
S1900710,P015,911,2200,0,00
S1900710,P050,911,2200,5,10
S1900710,P056,911,2200,4,10
S1900710,P060,911,2200,2,10
S1900710,P070,911,2200,6,10
S1900710,P015,923,2200,0,00
S1900710,P015,936,2200,0,00
S1900710,P015,922,2200,0,00
S1900710,P050,923,2200,125,10
S1900710,P050,936,2200,6,10
S1900710,P050,922,2200,59,10
S1900710,P056,923,2200,40,10
S1900710,P056,936,2200,4,10
S1900710,P056,922,2200,22,10
S1900710,P060,923,2200,24,10
S1900710,P060,936,2200,5,10
S1900710,P060,922,2200,26,10
S1900710,P070,923,2200,18,10
S1900710,P070,936,2200,8,10
S1900710,P070,922,2200,17,10
S1900710,P015,248,2200,0,00
S1900710,P015,223,2200,0,00
S1900710,P015,236,2200,0,00
S1900710,P015,222,2200,0,00
S1900710,P015,259,2200,0,00
S1900710,P050,248,2200,91764,10
S1900710,P050,223,2200,126,10
S1900710,P050,236,2200,6,10
S1900710,P050,222,2200,60,10
S1900710,P050,259,2200,143,10
S1900710,P056,248,2200,179316,10
S1900710,P056,223,2200,42,10
S1900710,P056,236,2200,4,10
S1900710,P056,222,2200,21,10
S1900710,P056,259,2200,126,10
S1900710,P060,248,2200,172980,10
S1900710,P060,223,2200,24,10
S1900710,P060,236,2200,5,10
S1900710,P060,222,2200,26,10
S1900710,P060,259,2200,125,10
S1900710,P070,248,2200,173952,10
S1900710,P070,223,2200,19,10
S1900710,P070,236,2200,8,10
S1900710,P070,222,2200,16,10
S1900710,P070,259,2200,85,10
E4900333,P001,911,2154,9,10
E4900333,P002,911,2154,0,00
E4900333,P003,911,2154,0,32
E4900333,P103,911,2154,0,32
E4900333,P021,911,2154,7,10
E4900333,P105,911,2154,9,10
E4900333,P001,922,2145,1,10
E4900333,P002,922,2145,0,00
E4900333,P003,922,2145,0,32
E4900333,P103,922,2145,0,32
E4900333,P021,922,2145,0,10
E4900333,P105,922,2145,57,10
E4900333,P001,923,2145,82,10
E4900333,P002,923,2145,0,00
E4900333,P003,923,2145,0,32
E4900333,P103,923,2145,0,32
E4900333,P021,923,2145,40,10
E4900333,P105,923,2145,77,10
E4900333,P001,936,2145,13,10
E4900333,P002,936,2145,0,00
E4900333,P003,936,2145,0,32
E4900333,P103,936,2145,0,32
E4900333,P021,936,2145,8,10
E4900333,P105,936,2145,10,10
E4900333,P001,259,2100,85,10
E4900333,P002,259,2100,0,00
E4900333,P003,259,2100,0,32
E4900333,P103,259,2100,0,32
E4900333,P021,259,2100,124,10
E4900333,P105,259,2100,163,10
E4900333,P001,222,2100,1,10
E4900333,P002,222,2100,0,00
E4900333,P003,222,2100,0,32
E4900333,P103,222,2100,0,32
E4900333,P021,222,2100,0,10
E4900333,P105,222,2100,56,10
E4900333,P001,223,2100,83,10
E4900333,P002,223,2100,0,00
E4900333,P003,223,2100,0,32
E4900333,P103,223,2100,0,32
E4900333,P021,223,2100,39,10
E4900333,P105,223,2100,76,10
E4900333,P001,236,2100,13,10
E4900333,P002,236,2100,0,00
E4900333,P003,236,2100,0,32
E4900333,P103,236,2100,0,32
E4900333,P021,236,2100,8,10
E4900333,P105,236,2100,10,10
E4900333,P001,248,2100,41550,10
E4900333,P002,248,2100,0,00
E4900333,P003,248,2100,0,32
E4900333,P103,248,2100,0,32
E4900333,P021,248,2100,105219,10
E4900333,P105,248,2100,148110,10
E4900744,P001,911,2200,0,00
E4900744,P002,911,2200,0,00
E4900744,P023,911,2200,0,00
S2300438,P001,911,2200,5,10
E5600850,PC01,911,2200,0,00
E5601197,P002,911,2200,3,10
E5601197,P003,911,2200,3,10
S1602755,P101,911,2200,5,10
S1602755,P201,911,2200,5,10
S1602755,P301,911,2200,6,10
E5600332,P001,911,2200,4,10
E5600332,P002,911,2200,3,10
E5600332,P003,911,2200,4,10
S1901066,P004,911,2200,5,10
E5600869,P001,911,2200,4,10
S1900710,P015,911,2206,0,00
S1900710,P050,911,2206,5,10
S1900710,P056,911,2206,4,10
S1900710,P060,911,2206,2,10
S1900710,P070,911,2206,6,10
E5600841,P001,248,2100,192698,10
E5600841,P001,923,2145,13,10
E5600841,P001,223,2100,22,10
E5600841,P001,936,2145,4,10
E5600841,P001,236,2100,5,10
E5600841,P001,911,2154,5,10
E5600841,P001,922,2145,22,10
E5600841,P001,222,2100,25,10
E5600841,P001,259,2100,164,10
E5600841,P002,248,2100,212274,10
E5600841,P002,923,2145,19,10
E5600841,P002,223,2100,36,10
E5600841,P002,936,2145,4,10
E5600841,P002,236,2100,4,10
E5600841,P002,911,2154,5,10
E5600841,P002,922,2145,16,10
E5600841,P002,222,2100,18,10
E5600841,P002,259,2100,162,10
E5600841,P003,248,2100,146846,10
E5600841,P003,923,2145,11,10
E5600841,P003,223,2100,24,10
E5600841,P003,936,2145,5,10
E5600841,P003,236,2100,6,10
E5600841,P003,911,2154,9,10
E5600841,P003,922,2145,20,10
E5600841,P003,222,2100,23,10
E5600841,P003,259,2100,159,10
E5600841,P004,248,2100,181882,10
E5600841,P004,923,2145,18,10
E5600841,P004,223,2100,19,10
E5600841,P004,936,2145,3,10
E5600841,P004,236,2100,4,10
E5600841,P004,911,2154,6,10
E5600841,P004,922,2145,17,10
E5600841,P004,222,2100,19,10
E5600841,P004,259,2100,183,10
E5600841,P005,248,2100,195080,10
E5600841,P005,923,2145,15,10
E5600841,P005,223,2100,15,10
E5600841,P005,936,2145,3,10
E5600841,P005,236,2100,4,10
E5600841,P005,911,2154,9,10
E5600841,P005,922,2145,17,10
E5600841,P005,222,2100,18,10
E5600841,P005,259,2100,192,10
E5600841,P006,248,2100,226704,10
E5600841,P006,923,2145,37,10
E5600841,P006,223,2100,50,10
E5600841,P006,936,2145,5,10
E5600841,P006,236,2100,5,10
E5600841,P006,911,2154,11,10
E5600841,P006,922,2145,87,11
E5600841,P006,222,2100,86,11
E5600841,P006,259,2100,116,10
E5600841,P007,248,2100,238171,10
E5600841,P007,923,2145,57,10
E5600841,P007,223,2100,55,10
E5600841,P007,936,2145,7,10
E5600841,P007,236,2100,6,10
E5600841,P007,911,2154,12,10
E5600841,P007,922,2145,71,10
E5600841,P007,222,2100,68,10
E5600841,P007,259,2100,128,10
E5600841,P008,248,2100,197117,10
E5600841,P008,923,2145,49,10
E5600841,P008,223,2100,48,10
E5600841,P008,936,2145,9,10
E5600841,P008,236,2100,9,10
E5600841,P008,911,2154,10,10
E5600841,P008,922,2145,7,10
E5600841,P008,222,2100,6,10
E5600841,P008,259,2100,49,10
E5600841,P009,248,2100,342422,10
E5600841,P009,923,2145,9,10
E5600841,P009,223,2100,9,10
E5600841,P009,936,2145,5,10
E5600841,P009,236,2100,4,10
E5600841,P009,911,2154,9,10
E5600841,P009,922,2145,22,10
E5600841,P009,222,2100,23,10
E5600841,P009,259,2100,122,10
E5600841,P010,248,2100,424443,10
E5600841,P010,923,2145,9,10
E5600841,P010,223,2100,9,10
E5600841,P010,936,2145,5,10
E5600841,P010,236,2100,5,10
E5600841,P010,911,2154,6,10
E5600841,P010,922,2145,16,10
E5600841,P010,222,2100,16,10
E5600841,P010,259,2100,108,10
E5600841,PC23,248,2100,31876,10
E5600841,PC23,923,2145,78,10
E5600841,PC23,223,2100,69,10
E5600841,PC23,936,2145,7,10
E5600841,PC23,236,2100,7,10
E5600841,PC23,911,2154,9,10
E5600841,PC23,922,2145,26,10
E5600841,PC23,222,2100,27,10
E5600841,PC23,259,2100,155,10
E5600841,PC83,248,2100,210687,10
E5600841,PC83,923,2145,59,10
E5600841,PC83,223,2100,58,10
E5600841,PC83,936,2145,7,10
E5600841,PC83,236,2100,7,10
E5600841,PC83,911,2154,14,10
E5600841,PC83,922,2145,22,10
E5600841,PC83,222,2100,22,10
E5600841,PC83,259,2100,168,10
E5600841,PPB1,248,2100,228569,10
E5600841,PPB1,923,2145,9,10
E5600841,PPB1,223,2100,8,10
E5600841,PPB1,936,2145,8,10
E5600841,PPB1,236,2100,8,10
E5600841,PPB1,911,2154,8,10
E5600841,PPB1,922,2145,22,10
E5600841,PPB1,222,2100,22,10
E5600841,PPB1,259,2100,139,10
E5600841,PPC1,248,2100,696392,10
E5600841,PPC1,923,2145,20,10
E5600841,PPC1,223,2100,18,10
E5600841,PPC1,936,2145,3,10
E5600841,PPC1,236,2100,3,10
E5600841,PPC1,911,2154,6,10
E5600841,PPC1,922,2145,20,10
E5600841,PPC1,222,2100,20,10
E5600841,PPC1,259,2100,131,10
E5600841,PR54,248,2100,31257,10
E5600841,PR54,923,2145,58,10
E5600841,PR54,223,2100,67,10
E5600841,PR54,936,2145,6,10
E5600841,PR54,236,2100,7,10
E5600841,PR54,911,2154,3,10
E5600841,PR54,922,2145,30,10
E5600841,PR54,222,2100,29,10
E5600841,PR54,259,2100,224,10
E5600841,PR61,248,2100,78485,10
E5600841,PR61,923,2145,69,10
E5600841,PR61,223,2100,65,10
E5600841,PR61,936,2145,5,10
E5600841,PR61,236,2100,5,10
E5600841,PR61,911,2154,7,10
E5600841,PR61,922,2145,28,10
E5600841,PR61,222,2100,29,10
E5600841,PR61,259,2100,288,10
E5600841,PR62,248,2100,61904,10
E5600841,PR62,923,2145,65,10
E5600841,PR62,223,2100,63,10
E5600841,PR62,936,2145,6,10
E5600841,PR62,236,2100,6,10
E5600841,PR62,911,2154,5,10
E5600841,PR62,922,2145,15,10
E5600841,PR62,222,2100,15,10
E5600841,PR62,259,2100,287,10
E5600841,PS11,248,2100,822628,10
E5600841,PS11,923,2145,30,10
E5600841,PS11,223,2100,31,10
E5600841,PS11,936,2145,12,10
E5600841,PS11,236,2100,11,10
E5600841,PS11,911,2154,11,10
E5600841,PS11,922,2145,57,10
E5600841,PS11,222,2100,63,10
E5600841,PS11,259,2100,166,10
E5600841,PS12,911,2154,8,10
E5600841,PS31,248,2100,721178,10
E5600841,PS31,923,2145,125,10
E5600841,PS31,223,2100,129,10
E5600841,PS31,936,2145,12,10
E5600841,PS31,236,2100,12,10
E5600841,PS31,911,2154,7,10
E5600841,PS31,922,2145,84,10
E5600841,PS31,222,2100,86,10
E5600841,PS31,259,2100,127,10
E5600841,PS32,911,2154,4,10
E5600841,PS51,248,2100,885986,10
E5600841,PS51,923,2145,50,10
E5600841,PS51,223,2100,49,10
E5600841,PS51,936,2145,12,10
E5600841,PS51,236,2100,12,10
E5600841,PS51,911,2154,12,10
E5600841,PS51,922,2145,18,10
E5600841,PS51,222,2100,17,10
E5600841,PS51,259,2100,133,10
E5600841,PS52,911,2154,8,10
E5600841,PS71,248,2100,0,00
E5600841,PS71,923,2145,0,00
E5600841,PS71,223,2100,0,00
E5600841,PS71,936,2145,0,00
E5600841,PS71,236,2100,0,00
E5600841,PS71,911,2154,0,00
E5600841,PS71,922,2145,0,00
E5600841,PS71,222,2100,0,00
E5600841,PS71,259,2100,0,00
E5600841,PS72,911,2154,0,00
E5600896,P004,911,2148,0,00
E5600896,P005,911,2148,0,00
E5600896,P007,911,2148,5,10
E5600896,P008,911,2148,7,10
E5400878,P010,911,2148,2,10
E5600789,P001,911,2200,5,10
E5600056,P004,911,2206,0,00
E5600056,P006,911,2206,3,10
E5600056,P007,911,2206,0,00
E5600056,P008,911,2206,7,10
E5600056,P009,911,2206,3,10
E5600056,P016,911,2206,4,10
E5600056,P017,911,2206,2,10
E5600056,P018,911,2206,3,10
E5600056,P021,911,2206,2,10
E5600056,P022,911,2206,3,10
E5600056,P023,911,2206,1,10
E5600056,P024,911,2206,4,10
S1900685,P002,911,2200,14,10
S1900685,P421,911,2200,12,10
S1900685,P411,911,2200,4,10
S2202553,P001,911,2200,1,10
S2202553,P002,911,2200,1,10
S2202553,P003,911,2200,1,10
S2100223,P015,911,2206,0,10
E4900333,P001,911,2200,9,10
E4900333,P002,911,2200,0,00
E4900333,P003,911,2200,0,32
E4900333,P103,911,2200,0,32
E4900333,P021,911,2200,7,10
E4900333,P105,911,2200,9,10
E4900744,P001,911,2206,0,00
E4900744,P002,911,2206,0,00
E4900744,P023,911,2206,0,00
S2100223,P015,922,2200,0,10
S2100223,P015,923,2200,0,10
S2100223,P015,924,2200,0,10
S2100223,P015,936,2200,0,10
E5600841,P001,911,2200,5,10
E5600841,P002,911,2200,5,10
E5600841,P003,911,2200,9,10
E5600841,P004,911,2200,6,10
E5600841,P005,911,2200,9,10
E5600841,P006,911,2200,11,10
E5600841,P007,911,2200,12,10
E5600841,P008,911,2200,11,10
E5600841,P009,911,2200,9,10
E5600841,P010,911,2200,6,10
E5600841,PC23,911,2200,9,10
E5600841,PC83,911,2200,14,10
E5600841,PPB1,911,2200,8,10
E5600841,PPC1,911,2200,5,10
E5600841,PR54,911,2200,3,10
E5600841,PR61,911,2200,7,10
E5600841,PR62,911,2200,5,10
E5600841,PS11,911,2200,11,10
E5600841,PS12,911,2200,8,10
E5600841,PS31,911,2200,7,10
E5600841,PS32,911,2200,4,10
E5600841,PS51,911,2200,12,10
E5600841,PS52,911,2200,8,10
E5600841,PS71,911,2200,0,00
E5600841,PS72,911,2200,0,00
S1602755,P101,911,2206,5,10
S1602755,P201,911,2206,5,10
S1602755,P301,911,2206,6,10
E5600850,PC01,911,2206,0,00
S2300438,P001,911,2206,5,10
E5601197,P002,911,2206,3,10
E5601197,P003,911,2206,3,10
S2300429,P701,911,2206,0,00
S2300429,PF01,911,2206,9,10
E5600332,P001,911,2206,5,10
E5600332,P002,911,2206,3,10
E5600332,P003,911,2206,4,10
S1901066,P004,911,2206,5,10
E5600789,P001,911,2206,5,10
E5600869,P001,911,2206,4,10
S1900710,P015,911,2212,0,00
S1900710,P050,911,2212,5,10
S1900710,P056,911,2212,4,10
S1900710,P060,911,2212,2,10
S1900710,P070,911,2212,6,10
E4900744,P001,923,2200,0,00
E4900744,P023,923,2200,0,00
E4900744,P001,936,2200,0,00
E4900744,P023,936,2200,0,00
S2100223,P015,911,2212,0,10
E5600896,P004,222,2100,0,00
E5600896,P004,223,2100,0,00
E5600896,P004,236,2100,0,00
E5600896,P004,248,2100,0,00
E5600896,P004,259,2100,0,00
E5600896,P005,222,2100,0,00
E5600896,P005,223,2100,0,00
E5600896,P005,236,2100,0,00
E5600896,P005,248,2100,0,00
E5600896,P005,259,2100,0,00
E5600896,P007,222,2100,0,10
E5600896,P007,223,2100,71,11
E5600896,P007,236,2100,5,10
E5600896,P007,248,2100,1439661,10
E5600896,P007,259,2100,152,10
E5600896,P008,222,2100,0,10
E5600896,P008,223,2100,63,10
E5600896,P008,236,2100,2,10
E5600896,P008,248,2100,1893862,10
E5600896,P008,259,2100,130,10
E5600896,P004,922,2145,0,00
E5600896,P004,923,2145,0,00
E5600896,P004,936,2145,0,00
E5600896,P005,922,2145,0,00
E5600896,P005,923,2145,0,00
E5600896,P005,936,2145,0,00
E5600896,P007,922,2145,0,10
E5600896,P007,923,2145,71,11
E5600896,P007,936,2145,5,10
E5600896,P008,922,2145,0,10
E5600896,P008,923,2145,63,10
E5600896,P008,936,2145,2,10
E5600896,P004,911,2154,0,00
E5600896,P005,911,2154,0,00
E5600896,P007,911,2154,5,10
E5600896,P008,911,2154,7,10
E5400878,P001,223,2100,23,10
E5400878,P001,236,2100,15,10
E5400878,P001,248,2100,1507656,10
E5400878,P001,259,2100,113,10
E5400878,P002,223,2100,19,10
E5400878,P002,236,2100,14,10
E5400878,P002,248,2100,1768431,10
E5400878,P002,259,2100,115,10
E5400878,P003,223,2100,18,10
E5400878,P003,236,2100,15,10
E5400878,P003,248,2100,687315,10
E5400878,P003,259,2100,112,10
E5400878,P010,223,2100,18,10
E5400878,P010,236,2100,13,10
E5400878,P010,248,2100,1414803,10
E5400878,P010,259,2100,100,10
E5400878,P001,923,2145,23,10
E5400878,P001,936,2145,15,10
E5400878,P002,923,2145,19,10
E5400878,P002,936,2145,14,10
E5400878,P003,923,2145,18,10
E5400878,P003,936,2145,15,10
E5400878,P010,923,2145,18,10
E5400878,P010,936,2145,13,10
E5400878,P010,911,2154,2,10
S2300401,P011,911,2206,9,10
E5600056,P004,911,2212,0,00
E5600056,P006,911,2212,3,10
E5600056,P007,911,2212,0,00
E5600056,P008,911,2212,6,10
E5600056,P009,911,2212,3,10
E5600056,P016,911,2212,4,10
E5600056,P017,911,2212,2,10
E5600056,P018,911,2212,3,10
E5600056,P021,911,2212,2,10
E5600056,P022,911,2212,3,10
E5600056,P023,911,2212,1,10
E5600056,P024,911,2212,4,10
S1900685,P002,911,2206,13,10
S1900685,P421,911,2206,13,10
S1900685,P411,911,2206,4,10
S2202553,P001,911,2206,1,10
S2202553,P002,911,2206,1,10
S2202553,P003,911,2206,1,10
S1602755,P101,922,2200,2,10
S1602755,P201,922,2200,2,10
S1602755,P301,922,2200,6,10
S1602755,P101,923,2200,66,10
S1602755,P201,923,2200,73,10
S1602755,P301,923,2200,68,10
S1602755,P101,924,2200,3,10
S1602755,P201,924,2200,3,10
S1602755,P301,924,2200,2,10
S1602755,P101,926,2200,4,10
S1602755,P201,926,2200,11,10
S1602755,P301,926,2200,17,10
S1602755,P101,936,2200,9,10
S1602755,P201,936,2200,9,10
S1602755,P301,936,2200,9,10
S2201109,P711,911,2206,15,10
S2201109,P731,911,2206,19,10
S2201109,P741,911,2206,15,10
S2201109,P751,911,2206,15,10
E5600841,P001,911,2206,5,10
E5600841,P002,911,2206,5,10
E5600841,P003,911,2206,9,10
E5600841,P004,911,2206,6,10
E5600841,P005,911,2206,9,10
E5600841,P006,911,2206,11,10
E5600841,P007,911,2206,12,10
E5600841,P008,911,2206,10,10
E5600841,P009,911,2206,9,10
E5600841,P010,911,2206,6,10
E5600841,PC23,911,2206,9,10
E5600841,PC83,911,2206,15,10
E5600841,PPB1,911,2206,8,10
E5600841,PPC1,911,2206,5,10
E5600841,PR54,911,2206,3,10
E5600841,PR61,911,2206,7,10
E5600841,PR62,911,2206,5,10
E5600841,PS11,911,2206,11,10
E5600841,PS12,911,2206,9,10
E5600841,PS31,911,2206,7,10
E5600841,PS32,911,2206,4,10
E5600841,PS51,911,2206,12,10
E5600841,PS52,911,2206,8,10
E5600841,PS71,911,2206,0,00
E5600841,PS72,911,2206,0,00
E5600850,PC01,923,2200,0,00
E5600850,PC01,924,2200,0,00
E5600850,PC01,936,2200,0,00
E5600850,PC01,926,2200,0,00
E5600850,PC01,223,2100,0,00
E5600850,PC01,224,2100,0,00
E5600850,PC01,236,2100,0,00
E5600850,PC01,226,2100,0,00
E5600850,PC01,248,2100,0,00
E5600850,PC01,259,2100,0,00
S2300438,P001,922,2200,0,10
S2300438,P001,923,2200,34,10
S2300438,P001,936,2200,6,10
S2300438,P001,222,2100,0,10
S2300438,P001,223,2100,35,10
S2300438,P001,236,2100,5,10
S2300438,P001,248,2100,50392,10
S2300438,P001,259,2100,121,10
E4900333,P001,911,2206,9,10
E4900333,P002,911,2206,0,00
E4900333,P003,911,2206,0,32
E4900333,P103,911,2206,0,32
E4900333,P021,911,2206,7,10
E4900333,P105,911,2206,9,10
E5600869,P001,922,2200,133,10
E5600869,P001,923,2200,123,10
E5600869,P001,936,2200,7,10
S1900685,P421,922,2200,15,10
S1900685,P421,923,2200,70,10
S1900685,P421,936,2200,6,10
S1900685,P411,922,2200,25,10
S1900685,P411,923,2200,63,10
S1900685,P411,936,2200,12,10
E4900744,P001,911,2212,0,00
E4900744,P002,911,2212,0,00
E4900744,P023,911,2212,0,00
S2300429,P701,911,2200,0,00
S2300429,P701,922,2200,0,00
S2300429,P701,923,2200,0,00
S2300429,P701,936,2200,0,00
S2300429,PF01,911,2200,9,10
S2300429,PF01,922,2200,19,10
S2300429,PF01,923,2200,28,10
S2300429,PF01,936,2200,5,10
S2300429,P701,222,2100,0,00
S2300429,P701,223,2100,0,00
S2300429,P701,236,2100,0,00
S2300429,P701,248,2100,0,00
S2300429,P701,259,2100,0,00
S2300429,PF01,222,2100,19,10
S2300429,PF01,223,2100,27,10
S2300429,PF01,236,2100,5,10
S2300429,PF01,248,2100,275155,10
S2300429,PF01,259,2100,57,10
S1901066,P004,922,2200,229,10
S1901066,P004,923,2200,169,10
S1901066,P004,924,2200,0,10
S1901066,P004,936,2200,5,10
S1901066,P004,937,2200,11,10
S1901066,P004,222,2100,229,10
S1901066,P004,223,2100,169,10
S1901066,P004,224,2100,0,10
S1901066,P004,236,2100,5,10
S1901066,P004,237,2100,11,10
S1901066,P004,248,2100,105693,10
S1901066,P004,259,2100,219,10
S1900710,P070,923,2215,19,10
S1900710,P070,936,2215,9,10
S1900710,P070,922,2215,17,10
S1900710,P015,923,2215,0,00
S1900710,P015,936,2215,0,00
S1900710,P015,922,2215,0,00
S1900710,P050,923,2215,116,10
S1900710,P050,936,2215,6,10
S1900710,P050,922,2215,62,10
S1900710,P056,923,2215,42,10
S1900710,P056,936,2215,4,10
S1900710,P056,922,2215,22,10
S1900710,P060,923,2215,26,10
S1900710,P060,936,2215,5,10
S1900710,P060,922,2215,26,10
S1602755,P101,911,2212,5,10
S1602755,P201,911,2212,5,10
S1602755,P301,911,2212,6,10
E5600850,PC01,911,2212,0,00
S2300438,P001,911,2212,5,10
S2202553,P001,922,2200,11,10
S2202553,P002,922,2200,8,10
S2202553,P003,922,2200,11,10
S2202553,P001,923,2200,92,10
S2202553,P002,923,2200,96,10
S2202553,P003,923,2200,81,10
S2202553,P001,924,2200,4,10
S2202553,P002,924,2200,2,10
S2202553,P003,924,2200,4,10
S2202553,P001,926,2200,25,10
S2202553,P002,926,2200,10,10
S2202553,P003,926,2200,20,10
S2202553,P001,936,2200,11,10
S2202553,P002,936,2200,10,10
S2202553,P003,936,2200,9,10
E5601197,P002,911,2212,3,10
E5601197,P003,911,2212,3,10
S1601990,P001,911,2212,4,10
S1601990,P004,911,2212,5,10
S1601990,P049,911,2212,2,10
E5600841,P001,923,2200,13,10
E5600841,P001,936,2200,5,10
E5600841,P001,922,2200,23,10
E5600841,P002,923,2200,18,10
E5600841,P002,936,2200,4,10
E5600841,P002,922,2200,16,10
E5600841,P003,923,2200,10,10
E5600841,P003,936,2200,5,10
E5600841,P003,922,2200,21,10
E5600841,P004,923,2200,19,10
E5600841,P004,936,2200,4,10
E5600841,P004,922,2200,18,10
E5600841,P005,923,2200,15,10
E5600841,P005,936,2200,4,10
E5600841,P005,922,2200,18,10
E5600841,P006,923,2200,22,10
E5600841,P006,936,2200,5,10
E5600841,P006,922,2200,66,10
E5600841,P007,923,2200,48,10
E5600841,P007,936,2200,7,10
E5600841,P007,922,2200,61,10
E5600841,P008,923,2200,57,10
E5600841,P008,936,2200,10,10
E5600841,P008,922,2200,7,10
E5600841,P009,923,2200,9,10
E5600841,P009,936,2200,4,10
E5600841,P009,922,2200,21,10
E5600841,P010,923,2200,10,10
E5600841,P010,936,2200,5,10
E5600841,P010,922,2200,16,10
E5600841,PC23,923,2200,56,10
E5600841,PC23,936,2200,8,10
E5600841,PC23,922,2200,24,10
E5600841,PC83,923,2200,59,10
E5600841,PC83,936,2200,7,10
E5600841,PC83,922,2200,21,10
E5600841,PPB1,923,2200,8,10
E5600841,PPB1,936,2200,8,10
E5600841,PPB1,922,2200,21,10
E5600841,PPC1,923,2200,18,10
E5600841,PPC1,936,2200,3,10
E5600841,PPC1,922,2200,19,10
E5600841,PR54,923,2200,51,10
E5600841,PR54,936,2200,6,10
E5600841,PR54,922,2200,34,10
E5600841,PR61,923,2200,58,10
E5600841,PR61,936,2200,5,10
E5600841,PR61,922,2200,31,10
E5600841,PR62,923,2200,67,10
E5600841,PR62,936,2200,7,10
E5600841,PR62,922,2200,16,10
E5600841,PS11,923,2200,32,10
E5600841,PS11,936,2200,11,10
E5600841,PS11,922,2200,57,10
E5600841,PS31,923,2200,127,10
E5600841,PS31,936,2200,12,10
E5600841,PS31,922,2200,79,10
E5600841,PS51,923,2200,50,10
E5600841,PS51,936,2200,12,10
E5600841,PS51,922,2200,19,10
E5600841,PS71,923,2200,0,00
E5600841,PS71,936,2200,0,00
E5600841,PS71,922,2200,0,00
S2300429,P701,911,2212,0,00
S2300429,PF01,911,2212,9,10
S1901066,P004,911,2212,5,10
E5600789,P001,911,2212,5,10
E5600869,P001,911,2212,4,10
S1900710,P070,911,2218,6,10
S1900710,P015,911,2218,0,00
S1900710,P050,911,2218,6,10
S1900710,P056,911,2218,4,10
S1900710,P060,911,2218,2,10
S2005081,P401,911,2218,11,10
S2100223,P015,911,2218,0,10
E5600896,P004,911,2200,0,00
E5600896,P005,911,2200,0,00
E5600896,P007,911,2200,5,10
E5600896,P008,911,2200,7,10
E5400878,P010,911,2200,1,10
S2300401,P011,911,2212,9,10
E5600332,P001,911,2212,4,10
E5600332,P002,911,2212,3,10
E5600332,P003,911,2212,4,10
E5600056,P004,922,2215,0,00
E5600056,P004,923,2215,0,00
E5600056,P004,924,2215,0,00
E5600056,P004,936,2215,0,00
E5600056,P006,922,2215,21,10
E5600056,P006,923,2215,73,10
E5600056,P006,924,2215,0,10
E5600056,P006,936,2215,4,10
E5600056,P007,922,2215,0,00
E5600056,P007,923,2215,0,00
E5600056,P007,924,2215,0,00
E5600056,P007,936,2215,0,00
E5600056,P008,922,2215,21,10
E5600056,P008,923,2215,69,10
E5600056,P008,924,2215,0,10
E5600056,P008,936,2215,5,10
E5600056,P016,922,2215,0,10
E5600056,P016,923,2215,23,10
E5600056,P016,936,2215,12,10
E5600056,P017,922,2215,2,10
E5600056,P017,923,2215,22,10
E5600056,P017,924,2215,1,10
E5600056,P017,936,2215,3,10
E5600056,P018,922,2215,0,10
E5600056,P018,923,2215,18,10
E5600056,P018,924,2215,0,10
E5600056,P018,936,2215,4,10
E5600056,P021,922,2215,0,10
E5600056,P021,923,2215,49,10
E5600056,P021,924,2215,0,10
E5600056,P021,936,2215,4,10
E5600056,P024,922,2215,3,10
E5600056,P024,923,2215,38,10
E5600056,P024,924,2215,2,10
E5600056,P024,936,2215,6,10
E5600056,P034,922,2215,9,10
E5600056,P034,923,2215,48,10
E5600056,P034,936,2215,1,10
E5600056,P004,911,2218,0,00
E5600056,P006,911,2218,3,10
E5600056,P007,911,2218,0,00
E5600056,P008,911,2218,5,10
E5600056,P009,911,2218,2,10
E5600056,P016,911,2218,4,10
E5600056,P017,911,2218,2,10
E5600056,P018,911,2218,3,10
E5600056,P021,911,2218,2,10
E5600056,P022,911,2218,3,10
E5600056,P023,911,2218,1,10
E5600056,P024,911,2218,4,10
S1900685,P002,911,2212,13,10
S1900685,P421,911,2212,12,10
S1900685,P411,911,2212,4,10
S2202553,P001,911,2212,1,10
S2202553,P002,911,2212,1,10
S2202553,P003,911,2212,1,10
S2201109,P711,911,2100,15,10
S2201109,P731,911,2100,18,10
S2201109,P741,911,2100,16,10
S2201109,P751,911,2100,17,10
S2201109,P711,923,2100,25,10
S2201109,P711,936,2100,6,10
S2201109,P711,922,2100,2,10
S2201109,P731,923,2100,48,10
S2201109,P731,936,2100,7,10
S2201109,P731,922,2100,13,10
S2201109,P741,923,2100,48,10
S2201109,P741,936,2100,5,10
S2201109,P741,922,2100,24,10
S2201109,P751,923,2100,52,10
S2201109,P751,936,2100,6,10
S2201109,P751,922,2100,11,10
S2201109,P711,248,2100,7339,10
S2201109,P711,223,2100,25,10
S2201109,P711,236,2100,6,10
S2201109,P711,222,2100,3,10
S2201109,P711,259,2100,53,10
S2201109,P731,248,2100,4193,10
S2201109,P731,223,2100,49,10
S2201109,P731,236,2100,7,10
S2201109,P731,222,2100,14,10
S2201109,P731,259,2100,53,10
S2201109,P741,248,2100,5431,10
S2201109,P741,223,2100,47,10
S2201109,P741,236,2100,5,10
S2201109,P741,222,2100,25,10
S2201109,P741,259,2100,53,10
S2201109,P751,248,2100,5058,10
S2201109,P751,223,2100,52,10
S2201109,P751,236,2100,6,10
S2201109,P751,222,2100,11,10
S2201109,P751,259,2100,50,10
S2201109,P711,911,2212,15,10
S2201109,P731,911,2212,18,10
S2201109,P741,911,2212,15,10
S2201109,P751,911,2212,15,10
E4900333,P001,922,2200,1,10
E4900333,P002,922,2200,0,00
E4900333,P003,922,2200,0,32
E4900333,P103,922,2200,0,32
E4900333,P021,922,2200,0,10
E4900333,P105,922,2200,56,10
E4900333,P001,923,2200,82,10
E4900333,P002,923,2200,0,00
E4900333,P003,923,2200,0,32
E4900333,P103,923,2200,0,32
E4900333,P021,923,2200,40,10
E4900333,P105,923,2200,76,10
E4900333,P001,936,2200,13,10
E4900333,P002,936,2200,0,00
E4900333,P003,936,2200,0,32
E4900333,P103,936,2200,0,32
E4900333,P021,936,2200,8,10
E4900333,P105,936,2200,10,10
E5600841,P001,911,2212,5,10
E5600841,P002,911,2212,5,10
E5600841,P003,911,2212,9,10
E5600841,P004,911,2212,6,10
E5600841,P005,911,2212,9,10
E5600841,P006,911,2212,11,10
E5600841,P007,911,2212,12,10
E5600841,P008,911,2212,10,10
E5600841,P009,911,2212,9,10
E5600841,P010,911,2212,6,10
E5600841,PC23,911,2212,9,10
E5600841,PC83,911,2212,14,10
E5600841,PPB1,911,2212,8,10
E5600841,PPC1,911,2212,5,10
E5600841,PR54,911,2212,3,10
E5600841,PR61,911,2212,7,10
E5600841,PR62,911,2212,5,10
E5600841,PS11,911,2212,11,10
E5600841,PS12,911,2212,10,10
E5600841,PS31,911,2212,7,10
E5600841,PS32,911,2212,4,10
E5600841,PS51,911,2212,12,10
E5600841,PS52,911,2212,8,10
E5600841,PS71,911,2212,0,00
E5600841,PS72,911,2212,0,00
E4900744,P001,911,2218,0,00
E4900744,P002,911,2218,0,00
E4900744,P023,911,2218,0,00
E4900333,P001,911,2212,9,10
E4900333,P002,911,2212,0,00
E4900333,P003,911,2212,0,32
E4900333,P103,911,2212,0,32
E4900333,P021,911,2212,7,10
E4900333,P105,911,2212,9,10
S1602755,P101,911,2218,5,10
S1602755,P201,911,2218,5,10
S1602755,P301,911,2218,6,10
E5600332,P001,911,2218,4,10
E5600332,P002,911,2218,3,10
E5600332,P003,911,2218,4,10
E5600850,PC01,911,2218,0,00
S2300438,P001,911,2218,5,10
E5601197,P002,911,2218,4,10
E5601197,P003,911,2218,3,10
S2300429,P701,911,2218,0,00
S2300429,PF01,911,2218,9,10
S1901066,P004,911,2218,5,10
E5600789,P001,911,2218,4,10
E5600056,P004,911,2224,0,00
E5600056,P006,911,2224,3,10
E5600056,P007,911,2224,0,00
E5600056,P008,911,2224,5,10
E5600056,P009,911,2224,2,10
E5600056,P016,911,2224,4,10
E5600056,P017,911,2224,3,10
E5600056,P018,911,2224,3,10
E5600056,P021,911,2224,2,10
E5600056,P022,911,2224,3,10
E5600056,P023,911,2224,1,10
E5600056,P024,911,2224,4,10
E5600869,P001,911,2218,4,10
S1900710,P015,911,2224,0,00
S1900710,P050,911,2224,6,10
S1900710,P056,911,2224,5,10
S1900710,P060,911,2224,2,10
S1900710,P070,911,2224,6,10
S2100223,P015,911,2224,0,10
S2100223,P015,922,2215,0,10
S2100223,P015,923,2215,0,10
S2100223,P015,924,2215,0,10
S2100223,P015,936,2215,0,10
E5600896,P004,911,2206,0,00
E5600896,P005,911,2206,0,00
E5600896,P007,911,2206,5,10
E5600896,P008,911,2206,7,10
E5400878,P010,911,2206,1,10
S2300401,P011,911,2218,9,10
S1900685,P002,911,2218,14,10
S1900685,P421,911,2218,11,10
S1900685,P411,911,2218,4,10
S2202553,P001,911,2218,1,10
S2202553,P002,911,2218,1,10
S2202553,P003,911,2218,1,10
E5600841,P001,911,2218,5,10
E5600841,P002,911,2218,5,10
E5600841,P003,911,2218,9,10
E5600841,P004,911,2218,6,10
E5600841,P005,911,2218,9,10
E5600841,P006,911,2218,11,10
E5600841,P007,911,2218,12,10
E5600841,P008,911,2218,8,10
E5600841,P009,911,2218,9,10
E5600841,P010,911,2218,6,10
E5600841,PC23,911,2218,9,10
E5600841,PC83,911,2218,14,10
E5600841,PPB1,911,2218,8,10
E5600841,PPC1,911,2218,5,10
E5600841,PR54,911,2218,3,10
E5600841,PR61,911,2218,7,10
E5600841,PR62,911,2218,5,10
E5600841,PS11,911,2218,12,10
E5600841,PS12,911,2218,13,10
E5600841,PS31,911,2218,7,10
E5600841,PS32,911,2218,4,10
E5600841,PS51,911,2218,13,10
E5600841,PS52,911,2218,8,10
E5600841,PS71,911,2218,0,00
E5600841,PS72,911,2218,0,00
E5600896,P004,922,2200,0,00
E5600896,P004,923,2200,0,00
E5600896,P004,936,2200,0,00
E5600896,P005,922,2200,0,00
E5600896,P005,923,2200,0,00
E5600896,P005,936,2200,0,00
E5600896,P007,922,2200,0,10
E5600896,P007,923,2200,62,10
E5600896,P007,936,2200,5,10
E5600896,P008,922,2200,0,10
E5600896,P008,923,2200,64,10
E5600896,P008,936,2200,2,10
S2201109,P711,911,2218,15,10
S2201109,P731,911,2218,18,10
S2201109,P741,911,2218,15,10
S2201109,P751,911,2218,15,10
E4900744,P001,911,2224,0,00
E4900744,P002,911,2224,0,00
E4900744,P023,911,2224,0,00
E4900744,P001,923,2215,0,00
E4900744,P023,923,2215,0,00
E4900744,P001,936,2215,0,00
E4900744,P023,936,2215,0,00
E5400878,P001,923,2200,23,10
E5400878,P001,936,2200,15,10
E5400878,P002,923,2200,19,10
E5400878,P002,936,2200,14,10
E5400878,P003,923,2200,18,10
E5400878,P003,936,2200,15,10
E5400878,P010,923,2200,18,10
E5400878,P010,936,2200,13,10
E4900333,P001,911,2218,9,10
E4900333,P002,911,2218,0,00
E4900333,P003,911,2218,0,32
E4900333,P103,911,2218,0,32
E4900333,P021,911,2218,7,10
E4900333,P105,911,2218,9,10
S1602755,P101,911,2224,5,10
S1602755,P201,911,2224,5,10
S1602755,P301,911,2224,6,10
S1602755,P101,922,2215,1,10
S1602755,P201,922,2215,1,10
S1602755,P301,922,2215,6,10
S1602755,P101,923,2215,88,10
S1602755,P201,923,2215,66,10
S1602755,P301,923,2215,73,10
S1602755,P101,924,2215,2,10
S1602755,P201,924,2215,6,10
S1602755,P301,924,2215,2,10
S1602755,P101,926,2215,4,10
S1602755,P201,926,2215,10,10
S1602755,P301,926,2215,19,10
S1602755,P101,936,2215,8,10
S1602755,P201,936,2215,8,10
S1602755,P301,936,2215,10,10
S2300438,P001,922,2215,0,10
S2300438,P001,923,2215,33,10
S2300438,P001,936,2215,6,10
E5600332,P001,911,2224,4,10
E5600332,P002,911,2224,3,10
E5600332,P003,911,2224,4,10
S2300438,P001,911,2224,5,10
E5601197,P002,911,2224,5,10
E5601197,P003,911,2224,5,10
S2300429,P701,922,2215,0,00
S2300429,P701,923,2215,0,00
S2300429,P701,936,2215,0,00
S2300429,PF01,922,2215,20,10
S2300429,PF01,923,2215,28,10
S2300429,PF01,936,2215,5,10
E5600850,PC01,923,2215,0,00
E5600850,PC01,924,2215,0,00
E5600850,PC01,936,2215,0,00
E5600850,PC01,926,2215,0,00
S1901066,P004,922,2215,231,10
S1901066,P004,923,2215,170,10
S1901066,P004,924,2215,0,10
S1901066,P004,936,2215,5,10
S1901066,P004,937,2215,11,10
E5600896,P004,911,2212,0,00
E5600896,P005,911,2212,0,00
E5600896,P007,911,2212,5,10
E5600896,P008,911,2212,7,10
S2300429,P701,911,2224,0,00
S2300429,PF01,911,2224,9,10
E5600850,PC01,911,2224,0,00
S1901066,P004,911,2224,5,10
E5600789,P001,911,2224,4,10
E5600056,P004,911,2230,0,00
E5600056,P006,911,2230,3,10
E5600056,P007,911,2230,0,00
E5600056,P008,911,2230,5,10
E5600056,P009,911,2230,2,10
E5600056,P016,911,2230,4,10
E5600056,P017,911,2230,2,10
E5600056,P018,911,2230,3,10
E5600056,P021,911,2230,2,10
E5600056,P022,911,2230,3,10
E5600056,P023,911,2230,1,10
E5600056,P024,911,2230,4,10
E5600056,P004,922,2230,0,00
E5600056,P004,923,2230,0,00
E5600056,P004,924,2230,0,00
E5600056,P004,936,2230,0,00
E5600056,P006,922,2230,20,10
E5600056,P006,923,2230,64,10
E5600056,P006,924,2230,0,10
E5600056,P006,936,2230,5,10
E5600056,P007,922,2230,0,00
E5600056,P007,923,2230,0,00
E5600056,P007,924,2230,0,00
E5600056,P007,936,2230,0,00
E5600056,P008,922,2230,36,10
E5600056,P008,923,2230,74,10
E5600056,P008,924,2230,0,10
E5600056,P008,936,2230,6,10
E5600056,P016,922,2230,0,10
E5600056,P016,923,2230,23,10
E5600056,P016,936,2230,12,10
E5600056,P017,922,2230,2,10
E5600056,P017,923,2230,22,10
E5600056,P017,924,2230,1,10
E5600056,P017,936,2230,3,10
E5600056,P018,922,2230,0,10
E5600056,P018,923,2230,18,10
E5600056,P018,936,2230,4,10
E5600056,P021,922,2230,0,10
E5600056,P021,923,2230,49,10
E5600056,P021,936,2230,4,10
E5600056,P024,922,2230,3,10
E5600056,P024,923,2230,36,10
E5600056,P024,924,2230,2,10
E5600056,P024,936,2230,6,10
E5600056,P034,923,2230,48,10
E5600056,P034,936,2230,1,10
E5600869,P001,911,2224,4,10
E5600869,P001,922,2215,129,10
E5600869,P001,923,2215,124,10
E5600869,P001,936,2215,7,10
S1900710,P015,911,2230,0,00
S1900710,P050,911,2230,6,10
S1900710,P056,911,2230,5,10
S1900710,P060,911,2230,2,10
S1900710,P070,911,2230,6,10
S1900710,P015,923,2230,0,00
S1900710,P015,936,2230,0,00
S1900710,P015,922,2230,0,00
S1900710,P050,923,2230,103,10
S1900710,P050,936,2230,5,10
S1900710,P050,922,2230,61,10
S1900710,P056,923,2230,42,10
S1900710,P056,936,2230,4,10
S1900710,P056,922,2230,21,10
S1900710,P060,923,2230,23,10
S1900710,P060,936,2230,5,10
S1900710,P060,922,2230,27,10
S1900710,P070,923,2230,18,10
S1900710,P070,936,2230,9,10
S1900710,P070,922,2230,17,10
S2100223,P015,911,2230,0,10
S2300401,P011,923,2215,59,10
S2300401,P011,936,2215,6,10
S2300401,P011,922,2215,34,10
E5400878,P010,911,2212,1,10
S2300401,P011,911,2224,9,10
S1900685,P002,911,2224,14,10
S1900685,P421,911,2224,11,10
S1900685,P421,922,2215,17,10
S1900685,P421,923,2215,71,10
S1900685,P421,936,2215,6,10
S1900685,P411,911,2224,4,10
S1900685,P411,922,2215,26,10
S1900685,P411,923,2215,62,10
S1900685,P411,936,2215,12,10
S2202553,P001,911,2224,1,10
S2202553,P002,911,2224,1,10
S2202553,P003,911,2224,1,10
S2202553,P001,922,2215,10,10
S2202553,P002,922,2215,12,10
S2202553,P003,922,2215,9,10
S2202553,P001,923,2215,92,10
S2202553,P002,923,2215,82,10
S2202553,P003,923,2215,91,10
S2202553,P001,924,2215,4,10
S2202553,P002,924,2215,1,10
S2202553,P003,924,2215,2,10
S2202553,P001,926,2215,24,10
S2202553,P002,926,2215,11,10
S2202553,P003,926,2215,18,10
S2202553,P001,936,2215,11,10
S2202553,P002,936,2215,9,10
S2202553,P003,936,2215,8,10
E5600841,P001,923,2215,13,10
E5600841,P001,936,2215,4,10
E5600841,P001,911,2224,5,10
E5600841,P001,922,2215,22,10
E5600841,P002,923,2215,17,10
E5600841,P002,936,2215,4,10
E5600841,P002,911,2224,6,10
E5600841,P002,922,2215,16,10
E5600841,P003,923,2215,10,10
E5600841,P003,936,2215,5,10
E5600841,P003,911,2224,9,10
E5600841,P003,922,2215,19,10
E5600841,P004,923,2215,21,10
E5600841,P004,936,2215,4,10
E5600841,P004,911,2224,6,10
E5600841,P004,922,2215,17,10
E5600841,P005,923,2215,14,10
E5600841,P005,936,2215,4,10
E5600841,P005,911,2224,9,10
E5600841,P005,922,2215,17,10
E5600841,P006,923,2215,16,10
E5600841,P006,936,2215,5,10
E5600841,P006,911,2224,10,10
E5600841,P006,922,2215,63,10
E5600841,P007,923,2215,42,10
E5600841,P007,936,2215,7,10
E5600841,P007,911,2224,12,10
E5600841,P007,922,2215,52,10
E5600841,P008,923,2215,53,10
E5600841,P008,936,2215,9,10
E5600841,P008,911,2224,7,10
E5600841,P008,922,2215,6,10
E5600841,P009,923,2215,9,10
E5600841,P009,936,2215,5,10
E5600841,P009,911,2224,9,10
E5600841,P009,922,2215,22,10
E5600841,P010,923,2215,9,10
E5600841,P010,936,2215,4,10
E5600841,P010,911,2224,6,10
E5600841,P010,922,2215,15,10
E5600841,PC23,923,2215,72,10
E5600841,PC23,936,2215,7,10
E5600841,PC23,911,2224,9,10
E5600841,PC23,922,2215,24,10
E5600841,PC83,923,2215,57,10
E5600841,PC83,936,2215,7,10
E5600841,PC83,911,2224,14,10
E5600841,PC83,922,2215,21,10
E5600841,PPB1,923,2215,8,10
E5600841,PPB1,936,2215,8,10
E5600841,PPB1,911,2224,8,10
E5600841,PPB1,922,2215,22,10
E5600841,PPC1,923,2215,18,10
E5600841,PPC1,936,2215,3,10
E5600841,PPC1,911,2224,5,10
E5600841,PPC1,922,2215,16,10
E5600841,PR54,923,2215,56,10
E5600841,PR54,936,2215,6,10
E5600841,PR54,911,2224,3,10
E5600841,PR54,922,2215,34,10
E5600841,PR61,923,2215,60,10
E5600841,PR61,936,2215,4,10
E5600841,PR61,911,2224,7,10
E5600841,PR61,922,2215,41,10
E5600841,PR62,923,2215,54,10
E5600841,PR62,936,2215,5,10
E5600841,PR62,911,2224,5,10
E5600841,PR62,922,2215,19,10
E5600841,PS11,923,2215,30,10
E5600841,PS11,936,2215,12,10
E5600841,PS11,911,2224,11,10
E5600841,PS11,922,2215,50,10
E5600841,PS12,911,2224,12,10
E5600841,PS31,923,2215,127,10
E5600841,PS31,936,2215,12,10
E5600841,PS31,911,2224,7,10
E5600841,PS31,922,2215,85,10
E5600841,PS32,911,2224,4,10
E5600841,PS51,923,2215,51,10
E5600841,PS51,936,2215,12,10
E5600841,PS51,911,2224,12,10
E5600841,PS51,922,2215,17,10
E5600841,PS52,911,2224,9,10
E5600841,PS71,923,2215,0,00
E5600841,PS71,936,2215,0,00
E5600841,PS71,911,2224,0,00
E5600841,PS71,922,2215,0,00
E5600841,PS72,911,2224,0,00
S2201109,P711,923,2215,25,10
S2201109,P711,936,2215,6,10
S2201109,P711,922,2215,5,10
S2201109,P731,923,2215,47,10
S2201109,P731,936,2215,7,10
S2201109,P731,922,2215,15,10
S2201109,P741,923,2215,47,10
S2201109,P741,936,2215,5,10
S2201109,P741,922,2215,24,10
S2201109,P751,923,2215,49,10
S2201109,P751,936,2215,6,10
S2201109,P751,922,2215,11,10
S2201109,P711,911,2224,15,10
S2201109,P731,911,2224,18,10
S2201109,P741,911,2224,15,10
S2201109,P751,911,2224,15,10
E4900744,P001,911,2230,0,00
E4900744,P002,911,2230,0,00
E4900744,P023,911,2230,0,00
E4900333,P001,911,2224,9,10
E4900333,P002,911,2224,0,00
E4900333,P003,911,2224,0,32
E4900333,P103,911,2224,0,32
E4900333,P021,911,2224,7,10
E4900333,P105,911,2224,9,10
E4900333,P001,922,2215,1,10
E4900333,P002,922,2215,0,00
E4900333,P003,922,2215,0,32
E4900333,P103,922,2215,0,32
E4900333,P021,922,2215,0,10
E4900333,P105,922,2215,55,10
E4900333,P001,923,2215,80,10
E4900333,P002,923,2215,0,00
E4900333,P003,923,2215,0,32
E4900333,P103,923,2215,0,32
E4900333,P021,923,2215,40,10
E4900333,P105,923,2215,76,10
E4900333,P001,936,2215,13,10
E4900333,P002,936,2215,0,00
E4900333,P003,936,2215,0,32
E4900333,P103,936,2215,0,32
E4900333,P021,936,2215,8,10
E4900333,P105,936,2215,10,10
S1602755,P101,911,2230,5,10
S1602755,P201,911,2230,5,10
S1602755,P301,911,2230,6,10
E5600332,P001,911,2230,4,10
E5600332,P002,911,2230,4,10
E5600332,P003,911,2230,4,10
S2300438,P001,911,2230,5,10
E5601197,P002,911,2230,4,10
E5601197,P003,911,2230,4,10
E5600896,P004,911,2218,0,00
E5600896,P005,911,2218,0,00
E5600896,P007,911,2218,5,10
E5600896,P008,911,2218,7,10
E5600850,PC01,911,2230,0,00
S1901066,P004,911,2230,5,10
E5600789,P001,911,2230,5,10
E5600056,P004,911,2236,0,00
E5600056,P006,911,2236,3,10
E5600056,P007,911,2236,0,00
E5600056,P008,911,2236,5,10
E5600056,P009,911,2236,3,10
E5600056,P016,911,2236,4,10
E5600056,P017,911,2236,2,10
E5600056,P018,911,2236,3,10
E5600056,P021,911,2236,2,10
E5600056,P022,911,2236,3,10
E5600056,P023,911,2236,1,10
E5600056,P024,911,2236,4,10
E5600869,P001,911,2230,4,10
S1900710,P015,911,2236,0,00
S1900710,P050,911,2236,6,10
S1900710,P056,911,2236,5,10
S1900710,P060,911,2236,2,10
S1900710,P070,911,2236,6,10
S2100223,P015,911,2236,0,10
E5400878,P010,911,2218,1,10
S2202553,P001,911,2230,1,10
S2202553,P002,911,2230,1,10
S2202553,P003,911,2230,1,10
S1900685,P002,911,2230,13,10
S1900685,P421,911,2230,13,10
S1900685,P411,911,2230,5,10
E5600841,P001,911,2230,5,10
E5600841,P002,911,2230,5,10
E5600841,P003,911,2230,9,10
E5600841,P004,911,2230,6,10
E5600841,P005,911,2230,9,10
E5600841,P006,911,2230,10,10
E5600841,P007,911,2230,12,10
E5600841,P008,911,2230,11,10
E5600841,P009,911,2230,9,10
E5600841,P010,911,2230,6,10
E5600841,PC23,911,2230,9,10
E5600841,PC83,911,2230,14,10
E5600841,PPB1,911,2230,8,10
E5600841,PPC1,911,2230,5,10
E5600841,PR54,911,2230,3,10
E5600841,PR61,911,2230,7,10
E5600841,PR62,911,2230,5,10
E5600841,PS11,911,2230,11,10
E5600841,PS12,911,2230,10,10
E5600841,PS31,911,2230,7,10
E5600841,PS32,911,2230,4,10
E5600841,PS51,911,2230,13,10
E5600841,PS52,911,2230,8,10
E5600841,PS71,911,2230,0,00
E5600841,PS72,911,2230,0,00
E4900744,P001,911,2236,0,00
E4900744,P002,911,2236,0,00
E4900744,P023,911,2236,0,00
S2100223,P015,922,2230,0,10
S2100223,P015,923,2230,0,10
S2100223,P015,924,2230,0,10
S2100223,P015,936,2230,0,10
E4900333,P001,911,2230,9,10
E4900333,P002,911,2230,0,00
E4900333,P003,911,2230,0,32
E4900333,P103,911,2230,0,32
E4900333,P021,911,2230,7,10
E4900333,P105,911,2230,9,10
S1602755,P101,911,2236,5,10
S1602755,P201,911,2236,5,10
S1602755,P301,911,2236,6,10
E5600332,P001,911,2236,4,10
E5600332,P002,911,2236,4,10
E5600332,P003,911,2236,4,10
S2300438,P001,911,2236,5,10
E5601197,P002,911,2236,4,10
E5601197,P003,911,2236,3,10
E5600896,P004,922,2215,0,00
E5600896,P004,923,2215,0,00
E5600896,P004,936,2215,0,00
E5600896,P005,922,2215,0,00
E5600896,P005,923,2215,0,00
E5600896,P005,936,2215,0,00
E5600896,P007,922,2215,0,10
E5600896,P007,923,2215,63,10
E5600896,P007,936,2215,5,10
E5600896,P008,922,2215,0,10
E5600896,P008,923,2215,63,10
E5600896,P008,936,2215,2,10
E5600896,P004,911,2224,0,00
E5600896,P005,911,2224,0,00
E5600896,P007,911,2224,5,10
E5600896,P008,911,2224,7,10
E5400878,P001,923,2215,23,10
E5400878,P001,936,2215,15,10
E5400878,P002,923,2215,19,10
E5400878,P002,936,2215,14,10
E5400878,P003,923,2215,18,10
E5400878,P003,936,2215,15,10
E5400878,P010,923,2215,18,10
E5400878,P010,936,2215,13,10
E5400878,P010,911,2224,1,10
S2300438,P001,922,2230,0,10
S2300438,P001,923,2230,30,10
S2300438,P001,936,2230,6,10
S2300429,P701,911,2236,0,00
S2300429,PF01,911,2236,9,10
E5600850,PC01,911,2236,0,00
S1901066,P004,911,2236,5,10
E5600789,P001,911,2236,4,10
E5600056,P004,911,2242,0,00
E5600056,P006,911,2242,3,10
E5600056,P007,911,2242,0,00
E5600056,P008,911,2242,5,10
E5600056,P009,911,2242,3,10
E5600056,P016,911,2242,4,10
E5600056,P017,911,2242,2,10
E5600056,P018,911,2242,3,10
E5600056,P021,911,2242,2,10
E5600056,P022,911,2242,3,10
E5600056,P023,911,2242,1,10
E5600056,P024,911,2242,4,10
E5600869,P001,911,2236,4,10
S1900710,P015,911,2242,0,00
S1900710,P050,911,2242,4,10
S1900710,P056,911,2242,5,10
S1900710,P060,911,2242,2,10
S1900710,P070,911,2242,6,10
S1900685,P002,911,2236,13,10
S1900685,P421,911,2236,11,10
S1900685,P411,911,2236,4,10
S2202553,P001,911,2236,1,10
S2202553,P002,911,2236,1,10
S2202553,P003,911,2236,1,10
E4900744,P001,923,2230,0,00
E4900744,P023,923,2230,0,00
E4900744,P001,936,2230,0,00
E4900744,P023,936,2230,0,00
S1602755,P101,922,2230,2,10
S1602755,P201,922,2230,1,10
S1602755,P301,922,2230,4,10
S1602755,P101,923,2230,73,10
S1602755,P201,923,2230,67,10
S1602755,P301,923,2230,73,10
S1602755,P101,924,2230,2,10
S1602755,P201,924,2230,4,10
S1602755,P301,924,2230,2,10
S1602755,P101,926,2230,4,10
S1602755,P201,926,2230,7,10
S1602755,P301,926,2230,18,10
S1602755,P101,936,2230,9,10
S1602755,P201,936,2230,8,10
S1602755,P301,936,2230,10,10
S2100223,P015,911,2242,0,10
E5600850,PC01,923,2230,0,00
E5600850,PC01,924,2230,0,00
E5600850,PC01,936,2230,0,00
E5600850,PC01,926,2230,0,00
S2300401,P011,911,2236,9,10
E5600841,P001,911,2236,5,10
E5600841,P002,911,2236,5,10
E5600841,P003,911,2236,9,10
E5600841,P004,911,2236,6,10
E5600841,P005,911,2236,9,10
E5600841,P006,911,2236,10,10
E5600841,P007,911,2236,11,10
E5600841,P008,911,2236,8,10
E5600841,P009,911,2236,9,10
E5600841,P010,911,2236,6,10
E5600841,PC23,911,2236,10,10
E5600841,PC83,911,2236,14,10
E5600841,PPB1,911,2236,8,10
E5600841,PPC1,911,2236,5,10
E5600841,PR54,911,2236,3,10
E5600841,PR61,911,2236,7,10
E5600841,PR62,911,2236,5,10
E5600841,PS11,911,2236,12,10
E5600841,PS12,911,2236,11,10
E5600841,PS31,911,2236,7,10
E5600841,PS32,911,2236,4,10
E5600841,PS51,911,2236,13,10
E5600841,PS52,911,2236,9,10
E5600841,PS71,911,2236,0,00
E5600841,PS72,911,2236,0,00
S2201109,P711,911,2236,15,10
S2201109,P731,911,2236,18,10
S2201109,P741,911,2236,15,10
S2201109,P751,911,2236,15,10
E5600869,P001,922,2230,135,10
E5600869,P001,923,2230,125,10
E5600869,P001,936,2230,7,10
S2202553,P001,922,2230,7,10
S2202553,P002,922,2230,20,10
S2202553,P003,922,2230,7,10
S2202553,P001,923,2230,90,10
S2202553,P002,923,2230,87,10
S2202553,P003,923,2230,85,10
S2202553,P001,924,2230,7,10
S2202553,P002,924,2230,1,10
S2202553,P003,924,2230,6,10
S2202553,P001,926,2230,20,10
S2202553,P002,926,2230,23,10
S2202553,P003,926,2230,17,10
S2202553,P001,936,2230,11,10
S2202553,P002,936,2230,10,10
S2202553,P003,936,2230,9,10
E4900744,P001,911,2242,0,00
E4900744,P002,911,2242,0,00
E4900744,P023,911,2242,0,00
S2300401,P011,911,2230,9,10
S2300401,P011,923,2230,59,10
S2300401,P011,936,2230,7,10
S2300401,P011,922,2230,32,10
S1901066,P004,922,2230,229,10
S1901066,P004,923,2230,169,10
S1901066,P004,924,2230,0,10
S1901066,P004,936,2230,5,10
S1901066,P004,937,2230,11,10
E4900333,P001,911,2236,9,10
E4900333,P002,911,2236,0,00
E4900333,P003,911,2236,0,32
E4900333,P103,911,2236,0,32
E4900333,P021,911,2236,7,10
E4900333,P105,911,2236,9,10
S1900710,P070,923,2245,20,10
S1900710,P070,936,2245,9,10
S1900710,P070,922,2245,18,10
S1900710,P015,923,2245,0,00
S1900710,P015,936,2245,0,00
S1900710,P015,922,2245,0,00
S1900710,P050,923,2245,112,10
S1900710,P050,936,2245,5,10
S1900710,P050,922,2245,62,10
S1900710,P056,923,2245,41,10
S1900710,P056,936,2245,4,10
S1900710,P056,922,2245,22,10
S1900710,P060,923,2245,24,10
S1900710,P060,936,2245,5,10
S1900710,P060,922,2245,27,10
S1900685,P421,922,2230,16,10
S1900685,P421,923,2230,70,10
S1900685,P421,936,2230,6,10
S1900685,P411,922,2230,26,10
S1900685,P411,923,2230,62,10
S1900685,P411,936,2230,12,10
S1602755,P101,911,2242,5,10
S1602755,P201,911,2242,5,10
S1602755,P301,911,2242,6,10
S2300429,P701,911,2230,0,00
S2300429,P701,922,2230,0,00
S2300429,P701,923,2230,0,00
S2300429,P701,936,2230,0,00
S2300429,PF01,911,2230,9,10
S2300429,PF01,922,2230,20,10
S2300429,PF01,923,2230,29,10
S2300429,PF01,936,2230,5,10
E5600332,P001,911,2242,4,10
E5600332,P002,911,2242,4,10
E5600332,P003,911,2242,4,10
S2300438,P001,911,2242,5,10
E5601197,P002,911,2242,3,10
E5601197,P003,911,2242,3,10
S1601990,P001,911,2242,5,10
S1601990,P004,911,2242,4,10
S1601990,P049,911,2242,2,10
E5600841,P001,923,2230,12,10
E5600841,P001,936,2230,4,10
E5600841,P001,922,2230,22,10
E5600841,P002,923,2230,17,10
E5600841,P002,936,2230,4,10
E5600841,P002,922,2230,16,10
E5600841,P003,923,2230,10,10
E5600841,P003,936,2230,5,10
E5600841,P003,922,2230,19,10
E5600841,P004,923,2230,18,10
E5600841,P004,936,2230,4,10
E5600841,P004,922,2230,17,10
E5600841,P005,923,2230,13,10
E5600841,P005,936,2230,4,10
E5600841,P005,922,2230,16,10
E5600841,P006,923,2230,13,10
E5600841,P006,936,2230,6,10
E5600841,P006,922,2230,59,10
E5600841,P007,923,2230,34,10
E5600841,P007,936,2230,7,10
E5600841,P007,922,2230,50,10
E5600841,P008,923,2230,49,10
E5600841,P008,936,2230,9,10
E5600841,P008,922,2230,6,10
E5600841,P009,923,2230,9,10
E5600841,P009,936,2230,5,10
E5600841,P009,922,2230,19,10
E5600841,P010,923,2230,9,10
E5600841,P010,936,2230,5,10
E5600841,P010,922,2230,14,10
E5600841,PC23,923,2230,66,10
E5600841,PC23,936,2230,8,10
E5600841,PC23,922,2230,24,10
E5600841,PC83,923,2230,59,10
E5600841,PC83,936,2230,7,10
E5600841,PC83,922,2230,21,10
E5600841,PPB1,923,2230,9,10
E5600841,PPB1,936,2230,8,10
E5600841,PPB1,922,2230,20,10
E5600841,PPC1,923,2230,18,10
E5600841,PPC1,936,2230,3,10
E5600841,PPC1,922,2230,15,10
E5600841,PR54,923,2230,53,10
E5600841,PR54,936,2230,6,10
E5600841,PR54,922,2230,33,10
E5600841,PR61,923,2230,58,10
E5600841,PR61,936,2230,4,10
E5600841,PR61,922,2230,38,10
E5600841,PR62,923,2230,53,10
E5600841,PR62,936,2230,4,10
E5600841,PR62,922,2230,21,10
E5600841,PS11,923,2230,33,10
E5600841,PS11,936,2230,11,10
E5600841,PS11,922,2230,47,10
E5600841,PS31,923,2230,129,10
E5600841,PS31,936,2230,13,10
E5600841,PS31,922,2230,86,10
E5600841,PS51,923,2230,51,10
E5600841,PS51,936,2230,12,10
E5600841,PS51,922,2230,18,10
E5600841,PS71,923,2230,0,00
E5600841,PS71,936,2230,0,00
E5600841,PS71,922,2230,0,00
E5600896,P004,911,2230,0,00
E5600896,P005,911,2230,0,00
E5600896,P007,911,2230,5,10
E5600896,P008,911,2230,7,10
S2300401,P011,911,2242,9,10
E5600850,PC01,911,2242,0,00
S1901066,P004,911,2242,5,10
E4900333,P001,922,2230,1,10
E4900333,P002,922,2230,0,00
E4900333,P003,922,2230,0,32
E4900333,P103,922,2230,0,32
E4900333,P021,922,2230,0,10
E4900333,P105,922,2230,55,10
E4900333,P001,923,2230,79,10
E4900333,P002,923,2230,0,00
E4900333,P003,923,2230,0,32
E4900333,P103,923,2230,0,32
E4900333,P021,923,2230,40,10
E4900333,P105,923,2230,75,10
E4900333,P001,936,2230,13,10
E4900333,P002,936,2230,0,00
E4900333,P003,936,2230,0,32
E4900333,P103,936,2230,0,32
E4900333,P021,936,2230,8,10
E4900333,P105,936,2230,10,10
E5600056,P004,922,2245,0,00
E5600056,P004,923,2245,0,00
E5600056,P004,924,2245,0,00
E5600056,P004,936,2245,0,00
E5600056,P006,922,2245,21,10
E5600056,P006,923,2245,77,10
E5600056,P006,924,2245,0,10
E5600056,P006,936,2245,6,10
E5600056,P007,922,2245,0,00
E5600056,P007,923,2245,0,00
E5600056,P007,924,2245,0,00
E5600056,P007,936,2245,0,00
E5600056,P008,922,2245,28,10
E5600056,P008,923,2245,68,10
E5600056,P008,924,2245,0,10
E5600056,P008,936,2245,6,10
E5600056,P016,922,2245,0,10
E5600056,P016,923,2245,24,10
E5600056,P016,936,2245,12,10
E5600056,P017,922,2245,2,10
E5600056,P017,923,2245,22,10
E5600056,P017,924,2245,2,10
E5600056,P017,936,2245,3,10
E5600056,P018,922,2245,0,10
E5600056,P018,923,2245,17,10
E5600056,P018,924,2245,0,10
E5600056,P018,936,2245,4,10
E5600056,P021,922,2245,0,10
E5600056,P021,923,2245,49,10
E5600056,P021,924,2245,0,10
E5600056,P021,936,2245,4,10
E5600056,P024,922,2245,3,10
E5600056,P024,923,2245,38,10
E5600056,P024,924,2245,2,10
E5600056,P024,936,2245,6,10
E5600056,P034,922,2245,9,10
E5600056,P034,923,2245,53,10
E5600056,P034,936,2245,1,10
E5600789,P001,911,2242,4,10
E5600056,P004,911,2248,0,00
E5600056,P006,911,2248,3,10
E5600056,P007,911,2248,0,00
E5600056,P008,911,2248,5,10
E5600056,P009,911,2248,3,10
E5600056,P016,911,2248,4,10
E5600056,P017,911,2248,2,10
E5600056,P018,911,2248,3,10
E5600056,P021,911,2248,2,10
E5600056,P022,911,2248,3,10
E5600056,P023,911,2248,1,10
E5600056,P024,911,2248,4,10
E5600869,P001,911,2242,4,10
S1900710,P070,911,2248,6,10
S1900710,P015,911,2248,0,00
S1900710,P050,911,2248,4,10
S1900710,P056,911,2248,4,10
S1900710,P060,911,2248,2,10
S1900685,P002,911,2242,14,10
S1900685,P421,911,2242,11,10
S1900685,P411,911,2242,4,10
S2100223,P015,911,2248,0,10
E5400878,P010,911,2230,1,10
S2300429,P701,911,2242,0,00
S2300429,PF01,911,2242,9,10
S2202553,P001,911,2242,1,10
S2202553,P002,911,2242,1,10
S2202553,P003,911,2242,1,10
E5600841,P001,911,2242,5,10
E5600841,P002,911,2242,5,10
E5600841,P003,911,2242,9,10
E5600841,P004,911,2242,6,10
E5600841,P005,911,2242,9,10
E5600841,P006,911,2242,10,10
E5600841,P007,911,2242,12,10
E5600841,P008,911,2242,7,10
E5600841,P009,911,2242,9,10
E5600841,P010,911,2242,6,10
E5600841,PC23,911,2242,9,10
E5600841,PC83,911,2242,14,10
E5600841,PPB1,911,2242,8,10
E5600841,PPC1,911,2242,5,10
E5600841,PR54,911,2242,3,10
E5600841,PR61,911,2242,7,10
E5600841,PR62,911,2242,5,10
E5600841,PS11,911,2242,11,10
E5600841,PS12,911,2242,11,10
E5600841,PS31,911,2242,7,10
E5600841,PS32,911,2242,4,10
E5600841,PS51,911,2242,13,10
E5600841,PS52,911,2242,9,10
E5600841,PS71,911,2242,0,00
E5600841,PS72,911,2242,0,00
S2201109,P711,911,2230,15,10
S2201109,P731,911,2230,18,10
S2201109,P741,911,2230,15,10
S2201109,P751,911,2230,15,10
S2201109,P711,923,2230,28,10
S2201109,P711,936,2230,6,10
S2201109,P711,922,2230,5,10
S2201109,P731,923,2230,46,10
S2201109,P731,936,2230,7,10
S2201109,P731,922,2230,14,10
S2201109,P741,923,2230,48,10
S2201109,P741,936,2230,6,10
S2201109,P741,922,2230,22,10
S2201109,P751,923,2230,55,10
S2201109,P751,936,2230,7,10
S2201109,P751,922,2230,10,10
S2201109,P711,911,2242,15,10
S2201109,P731,911,2242,18,10
S2201109,P741,911,2242,15,10
S2201109,P751,911,2242,15,10
E4900744,P001,911,2248,0,00
E4900744,P002,911,2248,0,00
E4900744,P023,911,2248,0,00
E4900333,P001,911,2242,9,10
E4900333,P002,911,2242,0,00
E4900333,P003,911,2242,0,32
E4900333,P103,911,2242,0,32
E4900333,P021,911,2242,7,10
E4900333,P105,911,2242,9,10
S1602755,P101,911,2248,5,10
S1602755,P201,911,2248,5,10
S1602755,P301,911,2248,6,10
E5600332,P001,911,2248,3,10
E5600332,P002,911,2248,4,10
E5600332,P003,911,2248,4,10
S2300438,P001,911,2248,5,10
E5601197,P002,911,2248,3,10
E5601197,P003,911,2248,3,10
E5600896,P004,911,2236,0,00
E5600896,P005,911,2236,0,00
E5600896,P007,911,2236,5,10
E5600896,P008,911,2236,7,10
S2300401,P011,911,2248,9,10
E5600850,PC01,911,2248,0,00
S1901066,P004,911,2248,5,10
E5600789,P001,911,2248,4,10
E5600056,P004,911,2254,0,00
E5600056,P006,911,2254,3,10
E5600056,P007,911,2254,0,00
E5600056,P008,911,2254,5,10
E5600056,P009,911,2254,2,10
E5600056,P016,911,2254,4,10
E5600056,P017,911,2254,2,10
E5600056,P018,911,2254,3,10
E5600056,P021,911,2254,2,10
E5600056,P022,911,2254,2,10
E5600056,P023,911,2254,1,10
E5600056,P024,911,2254,4,10
E5600869,P001,911,2248,4,10
S1900710,P015,911,2254,0,00
S1900710,P050,911,2254,4,10
S1900710,P056,911,2254,4,10
S1900710,P060,911,2254,2,10
S1900710,P070,911,2254,5,10
S1900685,P002,911,2248,13,10
S1900685,P421,911,2248,11,10
S1900685,P411,911,2248,4,10
S2100223,P015,911,2254,0,10
S2100223,P015,922,2245,0,10
S2100223,P015,923,2245,0,10
S2100223,P015,924,2245,0,10
S2100223,P015,936,2245,0,10
S2100223,P015,222,2200,0,
S2100223,P015,223,2200,0,
S2100223,P015,224,2200,0,
S2100223,P015,236,2200,0,
S2100223,P015,248,2200,0,
S2100223,P015,259,2200,0,
E5400878,P010,911,2236,1,10
S2201109,P711,911,2248,15,10
S2201109,P731,911,2248,19,10
S2201109,P741,911,2248,15,10
S2201109,P751,911,2248,14,10
S2300429,P701,911,2248,0,00
S2300429,PF01,911,2248,9,10
S2202553,P001,911,2248,1,10
S2202553,P002,911,2248,1,10
S2202553,P003,911,2248,1,10
E4900744,P001,911,2254,0,00
E4900744,P002,911,2254,0,00
E4900744,P023,911,2254,0,00
E4900744,P001,923,2245,0,00
E4900744,P023,923,2245,0,00
E4900744,P001,936,2245,0,00
E4900744,P023,936,2245,0,00
E4900744,P001,223,2200,0,00
E4900744,P023,223,2200,0,00
E4900744,P001,236,2200,0,00
E4900744,P023,236,2200,0,00
E4900744,P001,248,2200,0,00
E4900744,P023,248,2200,0,00
E4900744,P001,259,2200,0,00
E4900744,P023,259,2200,0,00
E5600841,P001,911,2248,5,10
E5600841,P002,911,2248,5,10
E5600841,P003,911,2248,9,10
E5600841,P004,911,2248,6,10
E5600841,P005,911,2248,8,10
E5600841,P006,911,2248,11,10
E5600841,P007,911,2248,12,10
E5600841,P008,911,2248,6,10
E5600841,P009,911,2248,9,10
E5600841,P010,911,2248,6,10
E5600841,PC23,911,2248,9,10
E5600841,PC83,911,2248,14,10
E5600841,PPB1,911,2248,8,10
E5600841,PPC1,911,2248,5,10
E5600841,PR54,911,2248,3,10
E5600841,PR61,911,2248,7,10
E5600841,PR62,911,2248,5,10
E5600841,PS11,911,2248,11,10
E5600841,PS12,911,2248,13,10
E5600841,PS31,911,2248,7,10
E5600841,PS32,911,2248,4,10
E5600841,PS51,911,2248,13,10
E5600841,PS52,911,2248,9,10
E5600841,PS71,911,2248,0,00
E5600841,PS72,911,2248,0,00
E5600896,P004,922,2230,0,00
E5600896,P004,923,2230,0,00
E5600896,P004,936,2230,0,00
E5600896,P005,922,2230,0,00
E5600896,P005,923,2230,0,00
E5600896,P005,936,2230,0,00
E5600896,P007,922,2230,0,10
E5600896,P007,923,2230,68,10
E5600896,P007,936,2230,6,10
E5600896,P008,922,2230,0,10
E5600896,P008,923,2230,63,10
E5600896,P008,936,2230,2,10
E5400878,P001,923,2230,22,10
E5400878,P001,936,2230,15,10
E5400878,P002,923,2230,19,10
E5400878,P002,936,2230,14,10
E5400878,P003,923,2230,18,10
E5400878,P003,936,2230,15,10
E5400878,P010,923,2230,18,10
E5400878,P010,936,2230,13,10
E4900333,P001,911,2248,9,10
E4900333,P002,911,2248,0,00
E4900333,P003,911,2248,0,32
E4900333,P103,911,2248,0,32
E4900333,P021,911,2248,7,10
E4900333,P105,911,2248,9,10
S1602755,P101,911,2254,5,10
S1602755,P201,911,2254,5,10
S1602755,P301,911,2254,6,10
S1602755,P101,922,2245,2,10
S1602755,P201,922,2245,1,10
S1602755,P301,922,2245,2,10
S1602755,P101,923,2245,64,10
S1602755,P201,923,2245,60,10
S1602755,P301,923,2245,63,10
S1602755,P101,924,2245,2,10
S1602755,P201,924,2245,33,10
S1602755,P301,924,2245,4,10
S1602755,P101,926,2245,5,10
S1602755,P201,926,2245,6,10
S1602755,P301,926,2245,10,10
S1602755,P101,936,2245,11,10
S1602755,P201,936,2245,7,10
S1602755,P301,936,2245,8,10
S1602755,P101,222,2200,2,10
S1602755,P201,222,2200,1,10
S1602755,P301,222,2200,5,10
S1602755,P101,223,2200,73,10
S1602755,P201,223,2200,67,10
S1602755,P301,223,2200,69,10
S1602755,P101,224,2200,2,10
S1602755,P201,224,2200,11,10
S1602755,P301,224,2200,2,10
S1602755,P101,226,2200,4,10
S1602755,P201,226,2200,9,10
S1602755,P301,226,2200,16,10
S1602755,P101,236,2200,9,10
S1602755,P201,236,2200,8,10
S1602755,P301,236,2200,9,10
S1602755,P101,248,2200,100688,10
S1602755,P201,248,2200,91267,10
S1602755,P301,248,2200,100651,10
S1602755,P101,259,2200,137,10
S1602755,P201,259,2200,132,10
S1602755,P301,259,2200,137,10
S2300438,P001,922,2245,0,10
S2300438,P001,923,2245,30,10
S2300438,P001,936,2245,6,10
E5600332,P001,911,2254,3,10
E5600332,P002,911,2254,4,10
E5600332,P003,911,2254,4,10
S2300438,P001,911,2254,5,10
E5601197,P002,911,2254,3,10
E5601197,P003,911,2254,3,10
S2300401,P011,911,2200,9,10
S2300401,P011,923,2200,58,10
S2300401,P011,936,2200,6,10
S2300401,P011,922,2200,36,10
S2300401,P011,248,2200,184680,10
S2300401,P011,223,2200,59,10
S2300401,P011,236,2200,6,10
S2300401,P011,222,2200,33,10
S2300401,P011,259,2200,52,10
S2300401,P011,923,2245,60,10
S2300401,P011,936,2245,7,10
S2300401,P011,922,2245,29,10
E5600850,PC01,923,2245,0,00
E5600850,PC01,924,2245,0,00
E5600850,PC01,936,2245,0,00
E5600850,PC01,926,2245,0,00
S1901066,P004,922,2245,229,10
S1901066,P004,923,2245,169,10
S1901066,P004,924,2245,0,10
S1901066,P004,936,2245,5,10
S1901066,P004,937,2245,11,10
E5600896,P004,911,2242,0,00
E5600896,P005,911,2242,0,00
E5600896,P007,911,2242,5,10
E5600896,P008,911,2242,7,10
E5400878,P010,911,2242,1,10
S2300401,P011,911,2254,9,10
E5600850,PC01,911,2254,0,00
S1901066,P004,911,2254,5,10
E5600789,P001,911,2254,4,10
E5600056,P004,911,2300,0,00
E5600056,P006,911,2300,3,10
E5600056,P007,911,2300,0,00
E5600056,P008,911,2300,6,10
E5600056,P009,911,2300,3,10
E5600056,P016,911,2300,3,10
E5600056,P017,911,2300,2,10
E5600056,P018,911,2300,3,10
E5600056,P021,911,2300,2,10
E5600056,P022,911,2300,2,10
E5600056,P023,911,2300,1,10
E5600056,P024,911,2300,4,10
E5600056,P004,922,2300,0,00
E5600056,P004,923,2300,0,00
E5600056,P004,924,2300,0,00
E5600056,P004,936,2300,0,00
E5600056,P006,922,2300,25,10
E5600056,P006,923,2300,78,10
E5600056,P006,924,2300,0,10
E5600056,P006,936,2300,6,10
E5600056,P007,922,2300,0,00
E5600056,P007,923,2300,0,00
E5600056,P007,924,2300,0,00
E5600056,P007,936,2300,0,00
E5600056,P008,922,2300,26,10
E5600056,P008,923,2300,64,10
E5600056,P008,924,2300,27,10
E5600056,P008,936,2300,5,10
E5600056,P016,922,2300,0,10
E5600056,P016,923,2300,26,10
E5600056,P016,936,2300,12,10
E5600056,P017,922,2300,2,10
E5600056,P017,923,2300,22,10
E5600056,P017,924,2300,6,10
E5600056,P017,936,2300,3,10
E5600056,P018,922,2300,0,10
E5600056,P018,923,2300,17,10
E5600056,P018,936,2300,4,10
E5600056,P021,922,2300,0,10
E5600056,P021,923,2300,49,10
E5600056,P021,936,2300,4,10
E5600056,P024,922,2300,2,10
E5600056,P024,923,2300,39,10
E5600056,P024,924,2300,2,10
E5600056,P024,936,2300,6,10
E5600056,P034,923,2300,56,10
E5600056,P034,936,2300,1,10
E5600056,P004,222,2300,0,00
E5600056,P004,223,2300,0,00
E5600056,P004,224,2300,0,00
E5600056,P004,236,2300,0,00
E5600056,P004,248,2300,0,00
E5600056,P004,259,2300,0,00
E5600056,P006,222,2300,22,10
E5600056,P006,223,2300,73,10
E5600056,P006,224,2300,0,10
E5600056,P006,236,2300,5,10
E5600869,P001,911,2254,4,10
E5600869,P001,922,2245,134,10
E5600869,P001,923,2245,125,10
E5600869,P001,936,2245,7,10
E5600869,P001,222,2200,133,10
E5600869,P001,223,2200,124,10
E5600869,P001,236,2200,7,10
E5600869,P001,248,2200,52148,10
E5600869,P001,259,2200,102,10
S1900710,P015,911,2300,0,00
S1900710,P050,911,2300,4,10
S1900710,P056,911,2300,4,10
S1900710,P060,911,2300,2,10
S1900710,P070,911,2300,6,10
S1900710,P015,923,2300,0,00
S1900710,P015,936,2300,0,00
S1900710,P015,922,2300,0,00
S1900710,P050,923,2300,120,10
S1900710,P050,936,2300,7,10
S1900710,P050,922,2300,63,10
S1900710,P056,923,2300,42,10
S1900710,P056,936,2300,4,10
S1900710,P056,922,2300,22,10
S1900710,P060,923,2300,24,10
S1900710,P060,936,2300,6,10
S1900710,P060,922,2300,27,10
S1900710,P070,923,2300,18,10
S1900710,P070,936,2300,9,10
S1900710,P070,922,2300,17,10
S1900710,P015,248,2300,0,00
S1900710,P015,223,2300,0,00
S1900710,P015,236,2300,0,00
S1900710,P015,222,2300,0,00
S1900710,P015,259,2300,0,00
S1900710,P050,248,2300,86508,10
S1900710,P050,223,2300,113,10
S1900710,P050,236,2300,6,10
S1900710,P050,222,2300,62,10
S1900710,P050,259,2300,142,10
S1900710,P056,248,2300,170136,10
S1900710,P056,223,2300,42,10
S1900710,P056,236,2300,4,10
S1900710,P056,222,2300,22,10
S1900710,P056,259,2300,125,10
S1900710,P060,248,2300,176076,10
S1900710,P060,223,2300,24,10
S1900710,P060,236,2300,5,10
S1900710,P060,222,2300,27,10
S1900710,P060,259,2300,124,10
S1900710,P070,248,2300,156384,10
S1900710,P070,223,2300,19,10
S1900710,P070,236,2300,9,10
S1900710,P070,222,2300,17,10
S1900710,P070,259,2300,86,10
S1900685,P002,911,2254,13,10
S1900685,P421,911,2254,13,10
S1900685,P421,922,2245,15,10
S1900685,P421,923,2245,70,10
S1900685,P421,936,2245,6,10
S1900685,P421,222,2200,16,10
S1900685,P421,223,2200,70,10
S1900685,P421,236,2200,6,10
S1900685,P421,248,2200,314436,10
S1900685,P421,259,2200,52,10
S1900685,P411,911,2254,4,10
S1900685,P411,222,2200,25,10
S1900685,P411,922,2245,25,10
S1900685,P411,223,2200,63,10
S1900685,P411,923,2245,63,10
S1900685,P411,236,2200,12,10
S1900685,P411,936,2245,12,10
S1900685,P411,248,2200,21512,10
S1900685,P411,259,2200,133,10
S2100223,P015,911,2300,0,10
S2201109,P711,923,2245,29,10
S2201109,P711,936,2245,6,10
S2201109,P711,922,2245,7,10
S2201109,P731,923,2245,43,10
S2201109,P731,936,2245,7,10
S2201109,P731,922,2245,14,10
S2201109,P741,923,2245,51,10
S2201109,P741,936,2245,6,10
S2201109,P741,922,2245,21,10
S2201109,P751,923,2245,48,10
S2201109,P751,936,2245,8,10
S2201109,P751,922,2245,11,10
S2300429,P701,922,2245,0,00
S2300429,P701,923,2245,0,00
S2300429,P701,936,2245,0,00
S2300429,PF01,922,2245,20,10
S2300429,PF01,923,2245,28,10
S2300429,PF01,936,2245,5,10
S2201109,P711,911,2254,15,10
S2201109,P731,911,2254,18,10
S2201109,P741,911,2254,15,10
S2201109,P751,911,2254,14,10
S2300429,P701,911,2254,0,00
S2300429,PF01,911,2254,9,10
S2202553,P001,911,2254,1,10
S2202553,P002,911,2254,1,10
S2202553,P003,911,2254,1,10
S2202553,P001,922,2245,5,10
S2202553,P002,922,2245,22,10
S2202553,P003,922,2245,17,10
S2202553,P001,923,2245,91,10
S2202553,P002,923,2245,96,10
S2202553,P003,923,2245,86,10
S2202553,P001,924,2245,8,10
S2202553,P002,924,2245,1,10
S2202553,P003,924,2245,34,10
S2202553,P001,926,2245,13,10
S2202553,P002,926,2245,31,11
S2202553,P003,926,2245,23,10
S2202553,P001,936,2245,11,10
S2202553,P002,936,2245,10,10
S2202553,P003,936,2245,8,10
S2202553,P001,222,2200,8,10
S2202553,P002,222,2200,16,10
S2202553,P003,222,2200,11,10
S2202553,P001,223,2200,91,10
S2202553,P002,223,2200,90,10
S2202553,P003,223,2200,86,10
S2202553,P001,224,2200,6,10
S2202553,P002,224,2200,1,10
S2202553,P003,224,2200,12,10
S2202553,P001,226,2200,21,10
S2202553,P002,226,2200,19,10
S2202553,P003,226,2200,19,10
S2202553,P001,236,2200,11,10
S2202553,P002,236,2200,10,10
S2202553,P003,236,2200,8,10
S2202553,P001,248,2200,102674,10
S2202553,P002,248,2200,119323,10
S2202553,P003,248,2200,113701,10
S2202553,P001,259,2200,142,10
S2202553,P002,259,2200,137,10
S2202553,P003,259,2200,149,10
E4900744,P001,911,2300,0,00
E4900744,P002,911,2300,0,00
E4900744,P023,911,2300,0,00
E4900333,P001,911,2254,9,10
E4900333,P002,911,2254,0,00
E4900333,P003,911,2254,0,32
E4900333,P103,911,2254,0,32
E4900333,P021,911,2254,7,10
E4900333,P105,911,2254,9,10
E4900333,P001,922,2245,1,10
E4900333,P002,922,2245,0,00
E4900333,P003,922,2245,0,32
E4900333,P103,922,2245,0,32
E4900333,P021,922,2245,0,10
E4900333,P105,922,2245,55,10
E4900333,P001,923,2245,80,10
E4900333,P002,923,2245,0,00
E4900333,P003,923,2245,0,32
E4900333,P103,923,2245,0,32
E4900333,P021,923,2245,41,10
E4900333,P105,923,2245,75,10
E4900333,P001,936,2245,13,10
E4900333,P002,936,2245,0,00
E4900333,P003,936,2245,0,32
E4900333,P103,936,2245,0,32
E4900333,P021,936,2245,8,10
E4900333,P105,936,2245,10,10
E4900333,P001,259,2200,84,10
E4900333,P002,259,2200,0,00
E4900333,P003,259,2200,0,32
E4900333,P103,259,2200,0,32
E4900333,P021,259,2200,124,10
E4900333,P105,259,2200,162,10
E4900333,P001,222,2200,1,10
E4900333,P002,222,2200,0,00
E4900333,P003,222,2200,0,32
E4900333,P103,222,2200,0,32
E4900333,P021,222,2200,0,10
E4900333,P105,222,2200,55,10
E4900333,P001,223,2200,80,10
E4900333,P002,223,2200,0,00
E4900333,P003,223,2200,0,32
E4900333,P103,223,2200,0,32
E4900333,P021,223,2200,40,10
E4900333,P105,223,2200,76,10
E4900333,P001,236,2200,13,10
E4900333,P002,236,2200,0,00
E4900333,P003,236,2200,0,32
E4900333,P103,236,2200,0,32
E4900333,P021,236,2200,8,10
E4900333,P105,236,2200,10,10
E4900333,P001,248,2200,40782,10
E4900333,P002,248,2200,0,00
E4900333,P003,248,2200,0,32
E4900333,P103,248,2200,0,32
E4900333,P021,248,2200,103616,10
E4900333,P105,248,2200,147952,10
S1602755,P101,911,2300,5,10
S1602755,P201,911,2300,5,10
S1602755,P301,911,2300,6,10
E5600332,P001,911,2300,4,10
E5600332,P002,911,2300,4,10
E5600332,P003,911,2300,4,10
S2300438,P001,911,2300,5,10
E5601197,P002,911,2300,3,10
E5601197,P003,911,2300,3,10
E5600841,P001,248,2200,216080,10
E5600841,P001,923,2245,11,10
E5600841,P001,223,2200,12,10
E5600841,P001,936,2245,5,10
E5600841,P001,236,2200,5,10
E5600841,P001,911,2254,5,10
E5600841,P001,922,2245,24,10
E5600841,P001,222,2200,23,10
E5600841,P001,259,2200,172,10
E5600841,P002,248,2200,235975,10
E5600841,P002,923,2245,16,10
E5600841,P002,223,2200,17,10
E5600841,P002,936,2245,5,10
E5600841,P002,236,2200,4,10
E5600841,P002,911,2254,5,10
E5600841,P002,922,2245,17,10
E5600841,P002,222,2200,16,10
E5600841,P002,259,2200,171,10
E5600841,P003,248,2200,150656,10
E5600841,P003,923,2245,9,10
E5600841,P003,223,2200,10,10
E5600841,P003,936,2245,6,10
E5600841,P003,236,2200,5,10
E5600841,P003,911,2254,9,10
E5600841,P003,922,2245,21,10
E5600841,P003,222,2200,20,10
E5600841,P003,259,2200,169,10
E5600841,P004,248,2200,194173,10
E5600841,P004,923,2245,20,10
E5600841,P004,223,2200,19,10
E5600841,P004,936,2245,4,10
E5600841,P004,236,2200,4,10
E5600841,P004,911,2254,6,10
E5600841,P004,922,2245,19,10
E5600841,P004,222,2200,18,10
E5600841,P004,259,2200,187,10
E5600841,P005,248,2200,201677,10
E5600841,P005,923,2245,13,10
E5600841,P005,223,2200,14,10
E5600841,P005,936,2245,4,10
E5600841,P005,236,2200,4,10
E5600841,P005,911,2254,8,10
E5600841,P005,922,2245,18,10
E5600841,P005,222,2200,17,10
E5600841,P005,259,2200,195,10
E5600841,P006,248,2200,213340,10
E5600841,P006,923,2245,17,10
E5600841,P006,223,2200,17,10
E5600841,P006,936,2245,6,10
E5600841,P006,236,2200,6,10
E5600841,P006,911,2254,11,10
E5600841,P006,922,2245,52,10
E5600841,P006,222,2200,60,10
E5600841,P006,259,2200,113,10
E5600841,P007,248,2200,218610,10
E5600841,P007,923,2245,22,10
E5600841,P007,223,2200,37,10
E5600841,P007,936,2245,6,10
E5600841,P007,236,2200,7,10
E5600841,P007,911,2254,12,10
E5600841,P007,922,2245,43,10
E5600841,P007,222,2200,51,10
E5600841,P007,259,2200,125,10
E5600841,P008,248,2200,188165,10
E5600841,P008,923,2245,58,10
E5600841,P008,223,2200,54,10
E5600841,P008,936,2245,8,10
E5600841,P008,236,2200,9,10
E5600841,P008,911,2254,6,10
E5600841,P008,922,2245,5,10
E5600841,P008,222,2200,6,10
E5600841,P008,259,2200,48,10
E5600841,P009,248,2200,335089,10
E5600841,P009,923,2245,9,10
E5600841,P009,223,2200,9,10
E5600841,P009,936,2245,5,10
E5600841,P009,236,2200,5,10
E5600841,P009,911,2254,9,10
E5600841,P009,922,2245,21,10
E5600841,P009,222,2200,21,10
E5600841,P009,259,2200,123,10
E5600841,P010,248,2200,420068,10
E5600841,P010,923,2245,9,10
E5600841,P010,223,2200,9,10
E5600841,P010,936,2245,5,10
E5600841,P010,236,2200,5,10
E5600841,P010,911,2254,6,10
E5600841,P010,922,2245,14,10
E5600841,P010,222,2200,15,10
E5600841,P010,259,2200,110,10
E5600841,PC23,248,2200,33477,10
E5600841,PC23,923,2245,57,10
E5600841,PC23,223,2200,63,10
E5600841,PC23,936,2245,8,10
E5600841,PC23,236,2200,8,10
E5600841,PC23,911,2254,10,10
E5600841,PC23,922,2245,23,10
E5600841,PC23,222,2200,24,10
E5600841,PC23,259,2200,155,10
E5600841,PC83,248,2200,205587,10
E5600841,PC83,923,2245,57,10
E5600841,PC83,223,2200,58,10
E5600841,PC83,936,2245,7,10
E5600841,PC83,236,2200,7,10
E5600841,PC83,911,2254,14,10
E5600841,PC83,922,2245,21,10
E5600841,PC83,222,2200,21,10
E5600841,PC83,259,2200,168,10
E5600841,PPB1,248,2200,217848,10
E5600841,PPB1,923,2245,9,10
E5600841,PPB1,223,2200,8,10
E5600841,PPB1,936,2245,8,10
E5600841,PPB1,236,2200,8,10
E5600841,PPB1,911,2254,8,10
E5600841,PPB1,922,2245,19,10
E5600841,PPB1,222,2200,21,10
E5600841,PPB1,259,2200,140,10
E5600841,PPC1,248,2200,679345,10
E5600841,PPC1,923,2245,18,10
E5600841,PPC1,223,2200,18,10
E5600841,PPC1,936,2245,4,10
E5600841,PPC1,236,2200,3,10
E5600841,PPC1,911,2254,5,10
E5600841,PPC1,922,2245,18,10
E5600841,PPC1,222,2200,17,10
E5600841,PPC1,259,2200,131,10
E5600841,PR54,248,2200,40180,10
E5600841,PR54,923,2245,44,10
E5600841,PR54,223,2200,51,10
E5600841,PR54,936,2245,5,10
E5600841,PR54,236,2200,6,10
E5600841,PR54,911,2254,3,10
E5600841,PR54,922,2245,37,10
E5600841,PR54,222,2200,34,10
E5600841,PR54,259,2200,226,10
E5600841,PR61,248,2200,123076,10
E5600841,PR61,923,2245,66,10
E5600841,PR61,223,2200,60,10
E5600841,PR61,936,2245,3,10
E5600841,PR61,236,2200,4,10
E5600841,PR61,911,2254,7,10
E5600841,PR61,922,2245,40,10
E5600841,PR61,222,2200,37,10
E5600841,PR61,259,2200,301,10
E5600841,PR62,248,2200,100125,10
E5600841,PR62,923,2245,55,10
E5600841,PR62,223,2200,57,10
E5600841,PR62,936,2245,4,10
E5600841,PR62,236,2200,5,10
E5600841,PR62,911,2254,5,10
E5600841,PR62,922,2245,20,10
E5600841,PR62,222,2200,19,10
E5600841,PR62,259,2200,301,10
E5600841,PS11,248,2200,834597,10
E5600841,PS11,923,2245,34,10
E5600841,PS11,223,2200,32,10
E5600841,PS11,936,2245,11,10
E5600841,PS11,236,2200,11,10
E5600841,PS11,911,2254,11,10
E5600841,PS11,922,2245,61,10
E5600841,PS11,222,2200,54,10
E5600841,PS11,259,2200,165,10
E5600841,PS12,911,2254,12,10
E5600841,PS31,248,2200,727515,10
E5600841,PS31,923,2245,129,10
E5600841,PS31,223,2200,128,10
E5600841,PS31,936,2245,12,10
E5600841,PS31,236,2200,12,10
E5600841,PS31,911,2254,7,10
E5600841,PS31,922,2245,85,10
E5600841,PS31,222,2200,84,10
E5600841,PS31,259,2200,127,10
E5600841,PS32,911,2254,4,10
E5600841,PS51,248,2200,874316,10
E5600841,PS51,923,2245,49,10
E5600841,PS51,223,2200,50,10
E5600841,PS51,936,2245,12,10
E5600841,PS51,236,2200,12,10
E5600841,PS51,911,2254,13,10
E5600841,PS51,922,2245,18,10
E5600841,PS51,222,2200,18,10
E5600841,PS51,259,2200,133,10
E5600841,PS52,911,2254,9,10
E5600841,PS71,248,2200,0,00
E5600841,PS71,923,2245,0,00
E5600841,PS71,223,2200,0,00
E5600841,PS71,936,2245,0,00
E5600841,PS71,236,2200,0,00
E5600841,PS71,911,2254,0,00
E5600841,PS71,922,2245,0,00
E5600841,PS71,222,2200,0,00
E5600841,PS71,259,2200,0,00
E5600841,PS72,911,2254,0,00
E5600896,P004,911,2248,0,00
E5600896,P005,911,2248,0,00
E5600896,P007,911,2248,5,10
E5600896,P008,911,2248,7,10
E5400878,P010,911,2248,1,10
S1901066,P004,911,2300,5,10
E5600789,P001,911,2300,4,10
E5600056,P004,911,2306,0,00
E5600056,P006,911,2306,3,10
E5600056,P007,911,2306,0,00
E5600056,P008,911,2306,6,10
E5600056,P009,911,2306,2,10
E5600056,P016,911,2306,4,10
E5600056,P017,911,2306,2,10
E5600056,P018,911,2306,3,10
E5600056,P021,911,2306,2,10
E5600056,P022,911,2306,3,10
E5600056,P023,911,2306,1,10
E5600056,P024,911,2306,4,10
E5600869,P001,911,2300,4,10
S1900710,P015,911,2306,0,00
S1900710,P050,911,2306,4,10
S1900710,P056,911,2306,5,10
S1900710,P060,911,2306,2,10
S1900710,P070,911,2306,5,10
S1900685,P002,911,2300,13,10
S1900685,P421,911,2300,12,10
S1900685,P411,911,2300,4,10
S2202553,P001,911,2300,1,10
S2202553,P002,911,2300,1,10
S2202553,P003,911,2300,1,10
S2100223,P015,911,2306,0,10
E5600850,PC01,911,2300,0,00
E4900744,P001,911,2306,0,00
E4900744,P002,911,2306,0,00
E4900744,P023,911,2306,0,00
E5600841,P001,911,2300,5,10
E5600841,P002,911,2300,5,10
E5600841,P003,911,2300,9,10
E5600841,P004,911,2300,6,10
E5600841,P005,911,2300,8,10
E5600841,P006,911,2300,11,10
E5600841,P007,911,2300,12,10
E5600841,P008,911,2300,6,10
E5600841,P009,911,2300,9,10
E5600841,P010,911,2300,6,10
E5600841,PC23,911,2300,10,10
E5600841,PC83,911,2300,14,10
E5600841,PPB1,911,2300,8,10
E5600841,PPC1,911,2300,5,10
E5600841,PR54,911,2300,3,10
E5600841,PR61,911,2300,7,10
E5600841,PR62,911,2300,5,10
E5600841,PS11,911,2300,11,10
E5600841,PS12,911,2300,11,10
E5600841,PS31,911,2300,7,10
E5600841,PS32,911,2300,4,10
E5600841,PS51,911,2300,13,10
E5600841,PS52,911,2300,9,10
E5600841,PS71,911,2300,0,00
E5600841,PS72,911,2300,0,00
S2100223,P015,922,2300,0,10
S2100223,P015,923,2300,0,10
S2100223,P015,924,2300,0,10
S2100223,P015,936,2300,0,10
S1602755,P101,911,2306,5,10
S1602755,P201,911,2306,5,10
S1602755,P301,911,2306,6,10
E4900333,P001,911,2300,9,10
E4900333,P002,911,2300,0,00
E4900333,P003,911,2300,0,32
E4900333,P103,911,2300,0,32
E4900333,P021,911,2300,6,10
E4900333,P105,911,2300,9,10
E5600332,P001,911,2306,3,10
E5600332,P002,911,2306,4,10
E5600332,P003,911,2306,4,10
S2300438,P001,911,2306,5,10
E5601197,P002,911,2306,3,10
E5601197,P003,911,2306,3,10
E4900744,P001,923,2300,0,00
E4900744,P023,923,2300,0,00
E4900744,P001,936,2300,0,00
E4900744,P023,936,2300,0,00
E5600896,P004,222,2200,0,00
E5600896,P004,223,2200,0,00
E5600896,P004,236,2200,0,00
E5600896,P004,248,2200,0,00
E5600896,P004,259,2200,0,00
E5600896,P005,222,2200,0,00
E5600896,P005,223,2200,0,00
E5600896,P005,236,2200,0,00
E5600896,P005,248,2200,0,00
E5600896,P005,259,2200,0,00
E5600896,P007,222,2200,0,10
E5600896,P007,223,2200,66,10
E5600896,P007,236,2200,5,10
E5600896,P007,248,2200,1292755,10
E5600896,P007,259,2200,139,10
E5600896,P008,222,2200,0,10
E5600896,P008,223,2200,63,10
E5600896,P008,236,2200,2,10
E5600896,P008,248,2200,1902799,10
E5600896,P008,259,2200,131,10
E5600896,P004,922,2245,0,00
E5600896,P004,923,2245,0,00
E5600896,P004,936,2245,0,00
E5600896,P005,922,2245,0,00
E5600896,P005,923,2245,0,00
E5600896,P005,936,2245,0,00
E5600896,P007,922,2245,0,10
E5600896,P007,923,2245,71,11
E5600896,P007,936,2245,5,10
E5600896,P008,922,2245,0,10
E5600896,P008,923,2245,63,10
E5600896,P008,936,2245,2,10
E5600896,P004,911,2254,0,00
E5600896,P005,911,2254,0,00
E5600896,P007,911,2254,5,10
E5600896,P008,911,2254,7,10
E5400878,P001,223,2200,22,10
E5400878,P001,236,2200,15,10
E5400878,P001,248,2200,1481634,10
E5400878,P001,259,2200,113,10
E5400878,P002,223,2200,19,10
E5400878,P002,236,2200,14,10
E5400878,P002,248,2200,1792668,10
E5400878,P002,259,2200,115,10
E5400878,P003,223,2200,18,10
E5400878,P003,236,2200,15,10
E5400878,P003,248,2200,696646,10
E5400878,P003,259,2200,112,10
E5400878,P010,223,2200,18,10
E5400878,P010,236,2200,13,10
E5400878,P010,248,2200,1427290,10
E5400878,P010,259,2200,99,10
E5400878,P001,923,2245,22,10
E5400878,P001,936,2245,15,10
E5400878,P002,923,2245,19,10
E5400878,P002,936,2245,14,10
E5400878,P003,923,2245,17,10
E5400878,P003,936,2245,15,10
E5400878,P010,923,2245,18,10
E5400878,P010,936,2245,13,10
E5400878,P010,911,2254,1,10
S2300401,P011,911,2306,9,10
S1901066,P004,911,2306,5,10
E5600789,P001,911,2306,4,10
E5600056,P004,911,2312,0,00
E5600056,P006,911,2312,3,10
E5600056,P007,911,2312,0,00
E5600056,P008,911,2312,6,10
E5600056,P009,911,2312,2,10
E5600056,P016,911,2312,5,10
E5600056,P017,911,2312,2,10
E5600056,P018,911,2312,3,10
E5600056,P021,911,2312,2,10
E5600056,P022,911,2312,3,10
E5600056,P023,911,2312,1,10
E5600056,P024,911,2312,4,10
E5600869,P001,911,2306,4,10
S1900710,P015,911,2312,0,00
S1900710,P050,911,2312,4,10
S1900710,P056,911,2312,4,10
S1900710,P060,911,2312,3,10
S1900710,P070,911,2312,6,10
S1900685,P002,911,2306,14,10
S1900685,P421,911,2306,12,10
S1900685,P411,911,2306,4,10
S2202553,P001,911,2306,1,10
S2202553,P002,911,2306,1,10
S2202553,P003,911,2306,1,10
S2100223,P015,911,2312,0,10
S2300438,P001,922,2300,0,10
S2300438,P001,923,2300,30,10
S2300438,P001,936,2300,5,10
S2300438,P001,222,2200,0,10
S2300438,P001,223,2200,32,10
S2300438,P001,236,2200,6,10
S2300438,P001,248,2200,48465,10
S2300438,P001,259,2200,125,10
S2300429,P701,911,2306,0,00
S2300429,PF01,911,2306,9,10
E5600850,PC01,911,2306,0,00
S1602755,P101,922,2300,2,10
S1602755,P201,922,2300,2,10
S1602755,P301,922,2300,4,10
S1602755,P101,923,2300,108,11
S1602755,P201,923,2300,70,10
S1602755,P301,923,2300,47,10
S1602755,P101,924,2300,2,10
S1602755,P201,924,2300,3,10
S1602755,P301,924,2300,34,10
S1602755,P101,926,2300,5,10
S1602755,P201,926,2300,6,10
S1602755,P301,926,2300,9,10
S1602755,P101,936,2300,10,10
S1602755,P201,936,2300,8,10
S1602755,P301,936,2300,7,10
S1901066,P004,922,2300,229,10
S1901066,P004,923,2300,169,10
S1901066,P004,924,2300,0,10
S1901066,P004,936,2300,5,10
S1901066,P004,937,2300,11,10
S1901066,P004,222,2200,230,10
S1901066,P004,223,2200,169,10
S1901066,P004,224,2200,1,10
S1901066,P004,236,2200,5,10
S1901066,P004,237,2200,11,10
S1901066,P004,248,2200,105077,10
S1901066,P004,259,2200,217,10
S2201109,P711,911,2306,15,10
S2201109,P731,911,2306,18,10
S2201109,P741,911,2306,14,10
S2201109,P751,911,2306,14,10
E4900744,P001,911,2312,0,00
E4900744,P002,911,2312,0,00
E4900744,P023,911,2312,0,00
E5600841,P001,911,2306,5,10
E5600841,P002,911,2306,5,10
E5600841,P003,911,2306,9,10
E5600841,P004,911,2306,6,10
E5600841,P005,911,2306,8,10
E5600841,P006,911,2306,11,10
E5600841,P007,911,2306,12,10
E5600841,P008,911,2306,6,10
E5600841,P009,911,2306,9,10
E5600841,P010,911,2306,6,10
E5600841,PC23,911,2306,9,10
E5600841,PC83,911,2306,14,10
E5600841,PPB1,911,2306,8,10
E5600841,PPC1,911,2306,5,10
E5600841,PR54,911,2306,3,10
E5600841,PR61,911,2306,7,10
E5600841,PR62,911,2306,5,10
E5600841,PS11,911,2306,12,10
E5600841,PS12,911,2306,11,10
E5600841,PS31,911,2306,7,10
E5600841,PS32,911,2306,4,10
E5600841,PS51,911,2306,13,10
E5600841,PS52,911,2306,9,10
E5600841,PS71,911,2306,0,00
E5600841,PS72,911,2306,0,00
S2300429,P701,911,2300,0,00
S2300429,P701,922,2300,0,00
S2300429,P701,923,2300,0,00
S2300429,P701,936,2300,0,00
S2300429,PF01,911,2300,9,10
S2300429,PF01,922,2300,19,10
S2300429,PF01,923,2300,29,10
S2300429,PF01,936,2300,5,10
S2300429,P701,222,2200,0,00
S2300429,P701,223,2200,0,00
S2300429,P701,236,2200,0,00
S2300429,P701,248,2200,0,00
S2300429,P701,259,2200,0,00
S2300429,PF01,222,2200,20,10
S2300429,PF01,223,2200,28,10
S2300429,PF01,236,2200,5,10
S2300429,PF01,248,2200,275003,10
S2300429,PF01,259,2200,57,10
E5600850,PC01,923,2300,0,00
E5600850,PC01,924,2300,0,00
E5600850,PC01,936,2300,0,00
E5600850,PC01,926,2300,0,00
E5600850,PC01,223,2200,0,00
E5600850,PC01,224,2200,0,00
E5600850,PC01,236,2200,0,00
E5600850,PC01,226,2200,0,00
E5600850,PC01,248,2200,0,00
E5600850,PC01,259,2200,0,00
E4900333,P001,911,2306,9,10
E4900333,P002,911,2306,0,00
E4900333,P003,911,2306,0,32
E4900333,P103,911,2306,0,32
E4900333,P021,911,2306,7,10
E4900333,P105,911,2306,9,10
E5600869,P001,922,2300,136,10
E5600869,P001,923,2300,125,10
E5600869,P001,936,2300,7,10
S1900710,P070,923,2315,20,10
S1900710,P070,936,2315,9,10
S1900710,P070,922,2315,17,10
S1900710,P015,923,2315,0,00
S1900710,P015,936,2315,0,00
S1900710,P015,922,2315,0,00
S1900710,P050,923,2315,113,10
S1900710,P050,936,2315,6,10
S1900710,P050,922,2315,64,10
S1900710,P056,923,2315,44,10
S1900710,P056,936,2315,4,10
S1900710,P056,922,2315,22,10
S1900710,P060,923,2315,25,10
S1900710,P060,936,2315,5,10
S1900710,P060,922,2315,27,10
S1900685,P421,922,2300,14,10
S1900685,P421,923,2300,71,10
S1900685,P421,936,2300,6,10
S1900685,P411,922,2300,25,10
S1900685,P411,923,2300,64,10
S1900685,P411,936,2300,12,10
S2202553,P001,922,2300,16,10
S2202553,P002,922,2300,23,10
S2202553,P003,922,2300,11,10
S2202553,P001,923,2300,81,10
S2202553,P002,923,2300,86,10
S2202553,P003,923,2300,95,10
S2202553,P001,924,2300,8,10
S2202553,P002,924,2300,21,10
S2202553,P003,924,2300,4,10
S2202553,P001,926,2300,21,10
S2202553,P002,926,2300,35,11
S2202553,P003,926,2300,26,10
S2202553,P001,936,2300,9,10
S2202553,P002,936,2300,10,10
S2202553,P003,936,2300,9,10
S1602755,P101,911,2312,5,10
S1602755,P201,911,2312,5,10
S1602755,P301,911,2312,6,10
E5600332,P001,911,2312,3,10
E5600332,P002,911,2312,4,10
E5600332,P003,911,2312,4,10
E5600850,PC01,911,2312,0,00
S2300438,P001,911,2312,5,10
E5601197,P002,911,2312,3,10
E5601197,P003,911,2312,3,10
E5600841,P001,923,2300,30,10
E5600841,P001,936,2300,5,10
E5600841,P001,922,2300,27,10
E5600841,P002,923,2300,48,10
E5600841,P002,936,2300,4,10
E5600841,P002,922,2300,19,10
E5600841,P003,923,2300,32,10
E5600841,P003,936,2300,6,10
E5600841,P003,922,2300,24,10
E5600841,P004,923,2300,18,10
E5600841,P004,936,2300,4,10
E5600841,P004,922,2300,18,10
E5600841,P005,923,2300,13,10
E5600841,P005,936,2300,4,10
E5600841,P005,922,2300,18,10
E5600841,P006,923,2300,30,10
E5600841,P006,936,2300,6,10
E5600841,P006,922,2300,50,10
E5600841,P007,923,2300,25,10
E5600841,P007,936,2300,6,10
E5600841,P007,922,2300,41,10
E5600841,P008,923,2300,48,10
E5600841,P008,936,2300,8,10
E5600841,P008,922,2300,5,10
E5600841,P009,923,2300,9,10
E5600841,P009,936,2300,5,10
E5600841,P009,922,2300,21,10
E5600841,P010,923,2300,9,10
E5600841,P010,936,2300,5,10
E5600841,P010,922,2300,14,10
E5600841,PC23,923,2300,89,10
E5600841,PC23,936,2300,9,10
E5600841,PC23,922,2300,24,10
E5600841,PC83,923,2300,59,10
E5600841,PC83,936,2300,7,10
E5600841,PC83,922,2300,21,10
E5600841,PPB1,923,2300,8,10
E5600841,PPB1,936,2300,8,10
E5600841,PPB1,922,2300,19,10
E5600841,PPC1,923,2300,17,10
E5600841,PPC1,936,2300,4,10
E5600841,PPC1,922,2300,18,10
E5600841,PR54,923,2300,46,10
E5600841,PR54,936,2300,5,10
E5600841,PR54,922,2300,39,10
E5600841,PR61,923,2300,67,10
E5600841,PR61,936,2300,3,10
E5600841,PR61,922,2300,40,10
E5600841,PR62,923,2300,44,10
E5600841,PR62,936,2300,3,10
E5600841,PR62,922,2300,24,10
E5600841,PS11,923,2300,33,10
E5600841,PS11,936,2300,11,10
E5600841,PS11,922,2300,60,10
E5600841,PS31,923,2300,131,10
E5600841,PS31,936,2300,13,10
E5600841,PS31,922,2300,86,10
E5600841,PS51,923,2300,49,10
E5600841,PS51,936,2300,12,10
E5600841,PS51,922,2300,18,10
E5600841,PS71,923,2300,0,00
E5600841,PS71,936,2300,0,00
E5600841,PS71,922,2300,0,00
E5600896,P004,911,2300,0,00
E5600896,P005,911,2300,0,00
E5600896,P007,911,2300,5,10
E5600896,P008,911,2300,7,10
E5400878,P010,911,2300,1,10
S2300401,P011,911,2312,9,10
S1901066,P004,911,2312,5,10
E5600789,P001,911,2312,3,10
E5600869,P001,911,2312,4,10
S1900710,P070,911,2318,6,10
S1900710,P015,911,2318,0,00
S1900710,P050,911,2318,4,10
S1900710,P056,911,2318,6,10
S1900710,P060,911,2318,2,10
S1900685,P002,911,2312,13,10
S1900685,P421,911,2312,12,10
S1900685,P411,911,2312,4,10
S2202553,P001,911,2312,1,10
S2202553,P002,911,2312,1,10
S2202553,P003,911,2312,1,10
S2100223,P015,911,2318,0,10
S2300429,P701,911,2312,0,00
S2300429,PF01,911,2312,9,10
E4900333,P001,922,2300,1,10
E4900333,P002,922,2300,0,00
E4900333,P003,922,2300,0,32
E4900333,P103,922,2300,0,32
E4900333,P021,922,2300,0,10
E4900333,P105,922,2300,55,10
E4900333,P001,923,2300,81,10
E4900333,P002,923,2300,0,00
E4900333,P003,923,2300,0,32
E4900333,P103,923,2300,0,32
E4900333,P021,923,2300,39,10
E4900333,P105,923,2300,75,10
E4900333,P001,936,2300,13,10
E4900333,P002,936,2300,0,00
E4900333,P003,936,2300,0,32
E4900333,P103,936,2300,0,32
E4900333,P021,936,2300,8,10
E4900333,P105,936,2300,10,10
E5600056,P004,922,2315,0,00
E5600056,P004,923,2315,0,00
E5600056,P004,924,2315,0,00
E5600056,P004,936,2315,0,00
E5600056,P006,922,2315,26,10
E5600056,P006,923,2315,84,10
E5600056,P006,924,2315,0,10
E5600056,P006,936,2315,6,10
E5600056,P007,922,2315,0,00
E5600056,P007,923,2315,0,00
E5600056,P007,924,2315,0,00
E5600056,P007,936,2315,0,00
E5600056,P008,922,2315,26,10
E5600056,P008,923,2315,64,10
E5600056,P008,924,2315,16,10
E5600056,P008,936,2315,5,10
E5600056,P016,922,2315,0,10
E5600056,P016,923,2315,26,10
E5600056,P016,936,2315,12,10
E5600056,P017,922,2315,2,10
E5600056,P017,923,2315,22,10
E5600056,P017,924,2315,27,10
E5600056,P017,936,2315,3,10
E5600056,P018,922,2315,0,10
E5600056,P018,923,2315,16,10
E5600056,P018,924,2315,0,10
E5600056,P018,936,2315,4,10
E5600056,P021,922,2315,0,10
E5600056,P021,923,2315,48,10
E5600056,P021,924,2315,0,10
E5600056,P021,936,2315,4,10
E5600056,P024,922,2315,2,10
E5600056,P024,923,2315,31,10
E5600056,P024,924,2315,2,10
E5600056,P024,936,2315,6,10
E5600056,P034,922,2315,9,10
E5600056,P034,923,2315,55,10
E5600056,P034,936,2315,1,10
E5600056,P004,911,2318,0,00
E5600056,P006,911,2318,3,10
E5600056,P007,911,2318,0,00
E5600056,P008,911,2318,5,10
E5600056,P009,911,2318,2,10
E5600056,P016,911,2318,4,10
E5600056,P017,911,2318,2,10
E5600056,P018,911,2318,3,10
E5600056,P021,911,2318,2,10
E5600056,P022,911,2318,2,10
E5600056,P023,911,2318,1,10
E5600056,P024,911,2318,4,10
S2201109,P711,911,2200,15,10
S2201109,P731,911,2200,18,10
S2201109,P741,911,2200,15,10
S2201109,P751,911,2200,15,10
S2201109,P711,923,2200,24,10
S2201109,P711,936,2200,6,10
S2201109,P711,922,2200,4,10
S2201109,P731,923,2200,50,10
S2201109,P731,936,2200,7,10
S2201109,P731,922,2200,15,10
S2201109,P741,923,2200,46,10
S2201109,P741,936,2200,5,10
S2201109,P741,922,2200,24,10
S2201109,P751,923,2200,49,10
S2201109,P751,936,2200,6,10
S2201109,P751,922,2200,11,10
S2201109,P711,248,2200,7252,10
S2201109,P711,223,2200,27,10
S2201109,P711,236,2200,6,10
S2201109,P711,222,2200,5,10
S2201109,P711,259,2200,53,10
S2201109,P731,248,2200,4094,10
S2201109,P731,223,2200,46,10
S2201109,P731,236,2200,7,10
S2201109,P731,222,2200,14,10
S2201109,P731,259,2200,53,10
S2201109,P741,248,2200,5125,10
S2201109,P741,223,2200,48,10
S2201109,P741,236,2200,5,10
S2201109,P741,222,2200,23,10
S2201109,P741,259,2200,54,10
S2201109,P751,248,2200,4773,10
S2201109,P751,223,2200,50,10
S2201109,P751,236,2200,7,10
S2201109,P751,222,2200,11,10
S2201109,P751,259,2200,50,10
S2201109,P711,911,2312,15,10
S2201109,P731,911,2312,18,10
S2201109,P741,911,2312,14,10
S2201109,P751,911,2312,14,10
E4900744,P001,911,2318,0,00
E4900744,P002,911,2318,0,00
E4900744,P023,911,2318,0,00
E5600841,P001,911,2312,5,10
E5600841,P002,911,2312,5,10
E5600841,P003,911,2312,9,10
E5600841,P004,911,2312,6,10
E5600841,P005,911,2312,8,10
E5600841,P006,911,2312,11,10
E5600841,P007,911,2312,12,10
E5600841,P008,911,2312,6,10
E5600841,P009,911,2312,9,10
E5600841,P010,911,2312,6,10
E5600841,PC23,911,2312,10,10
E5600841,PC83,911,2312,14,10
E5600841,PPB1,911,2312,8,10
E5600841,PPC1,911,2312,5,10
E5600841,PR54,911,2312,3,10
E5600841,PR61,911,2312,7,10
E5600841,PR62,911,2312,5,10
E5600841,PS11,911,2312,11,10
E5600841,PS12,911,2312,12,10
E5600841,PS31,911,2312,7,10
E5600841,PS32,911,2312,4,10
E5600841,PS51,911,2312,13,10
E5600841,PS52,911,2312,8,10
E5600841,PS71,911,2312,0,00
E5600841,PS72,911,2312,0,00
E4900333,P001,911,2312,9,10
E4900333,P002,911,2312,0,00
E4900333,P003,911,2312,0,32
E4900333,P103,911,2312,0,32
E4900333,P021,911,2312,7,10
E4900333,P105,911,2312,9,10
E5002890,P001,911,1854,5,10
E5002890,P002,911,1854,6,10
E5002890,P003,911,1854,0,00
E5002890,P001,922,1845,0,10
E5002890,P002,922,1845,0,10
E5002890,P003,922,1845,0,00
E5002890,P001,923,1845,114,10
E5002890,P002,923,1845,97,10
E5002890,P003,923,1845,0,00
E5002890,P001,924,1845,4,10
E5002890,P002,924,1845,5,10
E5002890,P003,924,1845,0,00
E5002890,P001,926,1845,17,10
E5002890,P002,926,1845,11,10
E5002890,P003,926,1845,0,00
E5002890,P001,936,1845,12,10
E5002890,P002,936,1845,13,10
E5002890,P003,936,1845,0,00
E5002890,P001,222,1800,0,10
E5002890,P002,222,1800,0,10
E5002890,P003,222,1800,0,00
E5002890,P001,223,1800,103,10
E5002890,P002,223,1800,88,10
E5002890,P003,223,1800,0,00
E5002890,P001,224,1800,6,10
E5002890,P002,224,1800,8,10
E5002890,P003,224,1800,0,00
E5002890,P001,226,1800,14,10
E5002890,P002,226,1800,9,10
E5002890,P003,226,1800,0,00
E5002890,P001,236,1800,13,10
E5002890,P002,236,1800,13,10
E5002890,P003,236,1800,0,00
E5002890,P001,248,1800,46999,10
E5002890,P002,248,1800,56637,10
E5002890,P003,248,1800,0,00
E5002890,P001,259,1800,163,10
E5002890,P002,259,1800,158,10
E5002890,P003,259,1800,0,00
E5002890,P001,911,1900,5,10
E5002890,P002,911,1900,6,10
E5002890,P003,911,1900,0,00
E5002890,P001,911,1906,5,10
E5002890,P002,911,1906,5,10
E5002890,P003,911,1906,0,00
E5002890,P001,922,1900,0,10
E5002890,P002,922,1900,2,10
E5002890,P003,922,1900,0,00
E5002890,P001,923,1900,107,10
E5002890,P002,923,1900,114,10
E5002890,P003,923,1900,0,00
E5002890,P001,924,1900,3,10
E5002890,P002,924,1900,9,10
E5002890,P003,924,1900,0,00
E5002890,P001,926,1900,17,10
E5002890,P002,926,1900,17,10
E5002890,P003,926,1900,0,00
E5002890,P001,936,1900,11,10
E5002890,P002,936,1900,13,10
E5002890,P003,936,1900,0,00
E5002890,P001,911,1912,5,10
E5002890,P002,911,1912,5,10
E5002890,P003,911,1912,0,00
E5002890,P001,911,1918,5,10
E5002890,P002,911,1918,5,10
E5002890,P003,911,1918,0,00
E5002890,P001,911,1924,5,10
E5002890,P002,911,1924,5,10
E5002890,P003,911,1924,0,00
E5002890,P001,922,1915,1,10
E5002890,P002,922,1915,0,10
E5002890,P003,922,1915,0,00
E5002890,P001,923,1915,99,10
E5002890,P002,923,1915,111,10
E5002890,P003,923,1915,0,00
E5002890,P001,924,1915,3,10
E5002890,P002,924,1915,7,10
E5002890,P003,924,1915,0,00
E5002890,P001,926,1915,15,10
E5002890,P002,926,1915,11,10
E5002890,P003,926,1915,0,00
E5002890,P001,936,1915,10,10
E5002890,P002,936,1915,13,10
E5002890,P003,936,1915,0,00
E5002890,P001,911,1930,5,10
E5002890,P002,911,1930,5,10
E5002890,P003,911,1930,0,00
E5002890,P001,911,1936,5,10
E5002890,P002,911,1936,5,10
E5002890,P003,911,1936,0,00
E5002890,P001,922,1930,2,10
E5002890,P002,922,1930,2,10
E5002890,P003,922,1930,0,00
E5002890,P001,923,1930,98,10
E5002890,P002,923,1930,111,10
E5002890,P003,923,1930,0,00
E5002890,P001,924,1930,3,10
E5002890,P002,924,1930,2,10
E5002890,P003,924,1930,0,00
E5002890,P001,926,1930,16,10
E5002890,P002,926,1930,11,10
E5002890,P003,926,1930,0,00
E5002890,P001,936,1930,10,10
E5002890,P002,936,1930,11,10
E5002890,P003,936,1930,0,00
E5002890,P001,911,1942,5,10
E5002890,P002,911,1942,5,10
E5002890,P003,911,1942,0,00
E5002890,P001,911,1948,5,10
E5002890,P002,911,1948,5,10
E5002890,P003,911,1948,0,00
E5002890,P001,911,1954,5,10
E5002890,P002,911,1954,5,10
E5002890,P003,911,1954,0,00
E5002890,P001,922,1945,1,10
E5002890,P002,922,1945,0,10
E5002890,P003,922,1945,0,00
E5002890,P001,923,1945,112,10
E5002890,P002,923,1945,108,10
E5002890,P003,923,1945,0,00
E5002890,P001,924,1945,3,10
E5002890,P002,924,1945,3,10
E5002890,P003,924,1945,0,00
E5002890,P001,926,1945,17,10
E5002890,P002,926,1945,11,10
E5002890,P003,926,1945,0,00
E5002890,P001,936,1945,10,10
E5002890,P002,936,1945,12,10
E5002890,P003,936,1945,0,00
E5002890,P001,222,1900,1,10
E5002890,P002,222,1900,1,10
E5002890,P003,222,1900,0,00
E5002890,P001,223,1900,104,10
E5002890,P002,223,1900,111,10
E5002890,P003,223,1900,0,00
E5002890,P001,224,1900,3,10
E5002890,P002,224,1900,5,10
E5002890,P003,224,1900,0,00
E5002890,P001,226,1900,16,10
E5002890,P002,226,1900,13,10
E5002890,P003,226,1900,0,00
E5002890,P001,236,1900,10,10
E5002890,P002,236,1900,12,10
E5002890,P003,236,1900,0,00
E5002890,P001,248,1900,63348,10
E5002890,P002,248,1900,57565,10
E5002890,P003,248,1900,0,00
E5002890,P001,259,1900,162,10
E5002890,P002,259,1900,159,10
E5002890,P003,259,1900,0,00
E5002890,P001,911,2000,5,10
E5002890,P002,911,2000,5,10
E5002890,P003,911,2000,0,00
E5002890,P001,911,2006,5,10
E5002890,P002,911,2006,6,10
E5002890,P003,911,2006,0,00
E5002890,P001,922,2000,0,10
E5002890,P002,922,2000,0,10
E5002890,P003,922,2000,0,00
E5002890,P001,923,2000,95,10
E5002890,P002,923,2000,114,10
E5002890,P003,923,2000,0,00
E5002890,P001,924,2000,2,10
E5002890,P002,924,2000,3,10
E5002890,P003,924,2000,0,00
E5002890,P001,926,2000,18,10
E5002890,P002,926,2000,6,10
E5002890,P003,926,2000,0,00
E5002890,P001,936,2000,11,10
E5002890,P002,936,2000,11,10
E5002890,P003,936,2000,0,00
E5002890,P001,911,2012,5,10
E5002890,P002,911,2012,5,10
E5002890,P003,911,2012,0,00
E5002890,P001,911,2018,5,10
E5002890,P002,911,2018,5,10
E5002890,P003,911,2018,0,00
E5002890,P001,911,2024,5,10
E5002890,P002,911,2024,5,10
E5002890,P003,911,2024,0,00
E5002890,P001,922,2015,0,10
E5002890,P002,922,2015,0,10
E5002890,P003,922,2015,0,00
E5002890,P001,923,2015,89,10
E5002890,P002,923,2015,103,10
E5002890,P003,923,2015,0,00
E5002890,P001,924,2015,3,10
E5002890,P002,924,2015,2,10
E5002890,P003,924,2015,0,00
E5002890,P001,926,2015,15,10
E5002890,P002,926,2015,6,10
E5002890,P003,926,2015,0,00
E5002890,P001,936,2015,12,10
E5002890,P002,936,2015,11,10
E5002890,P003,936,2015,0,00
E5002890,P001,911,2030,5,10
E5002890,P002,911,2030,5,10
E5002890,P003,911,2030,0,00
E5002890,P001,911,2036,5,10
E5002890,P002,911,2036,5,10
E5002890,P003,911,2036,0,00
E5002890,P001,922,2030,0,10
E5002890,P002,922,2030,1,10
E5002890,P003,922,2030,0,00
E5002890,P001,923,2030,113,10
E5002890,P002,923,2030,110,10
E5002890,P003,923,2030,0,00
E5002890,P001,924,2030,3,10
E5002890,P002,924,2030,4,10
E5002890,P003,924,2030,0,00
E5002890,P001,926,2030,18,10
E5002890,P002,926,2030,9,10
E5002890,P003,926,2030,0,00
E5002890,P001,936,2030,11,10
E5002890,P002,936,2030,12,10
E5002890,P003,936,2030,0,00
E5002890,P001,911,2042,5,10
E5002890,P002,911,2042,5,10
E5002890,P003,911,2042,0,00
E5002890,P001,911,2048,5,10
E5002890,P002,911,2048,6,10
E5002890,P003,911,2048,0,00
E5002890,P001,911,2054,5,10
E5002890,P002,911,2054,6,10
E5002890,P003,911,2054,0,00
E5002890,P001,922,2045,0,10
E5002890,P002,922,2045,5,10
E5002890,P003,922,2045,0,00
E5002890,P001,923,2045,91,10
E5002890,P002,923,2045,111,10
E5002890,P003,923,2045,0,00
E5002890,P001,924,2045,3,10
E5002890,P002,924,2045,2,10
E5002890,P003,924,2045,0,00
E5002890,P001,926,2045,13,10
E5002890,P002,926,2045,11,10
E5002890,P003,926,2045,0,00
E5002890,P001,936,2045,10,10
E5002890,P002,936,2045,9,10
E5002890,P003,936,2045,0,00
E5002890,P001,222,2000,0,10
E5002890,P002,222,2000,2,10
E5002890,P003,222,2000,0,00
E5002890,P001,223,2000,97,10
E5002890,P002,223,2000,110,10
E5002890,P003,223,2000,0,00
E5002890,P001,224,2000,3,10
E5002890,P002,224,2000,3,10
E5002890,P003,224,2000,0,00
E5002890,P001,226,2000,16,10
E5002890,P002,226,2000,8,10
E5002890,P003,226,2000,0,00
E5002890,P001,236,2000,11,10
E5002890,P002,236,2000,11,10
E5002890,P003,236,2000,0,00
E5002890,P001,248,2000,57001,10
E5002890,P002,248,2000,67795,10
E5002890,P003,248,2000,0,00
E5002890,P001,259,2000,165,10
E5002890,P002,259,2000,157,10
E5002890,P003,259,2000,0,00
E5002890,P001,911,2100,5,10
E5002890,P002,911,2100,6,10
E5002890,P003,911,2100,0,00
E5002890,P001,911,2106,5,10
E5002890,P002,911,2106,6,10
E5002890,P003,911,2106,0,00
E5002890,P001,922,2100,1,10
E5002890,P002,922,2100,9,10
E5002890,P003,922,2100,0,00
E5002890,P001,923,2100,84,10
E5002890,P002,923,2100,116,10
E5002890,P003,923,2100,0,00
E5002890,P001,924,2100,2,10
E5002890,P002,924,2100,2,10
E5002890,P003,924,2100,0,00
E5002890,P001,926,2100,16,10
E5002890,P002,926,2100,15,10
E5002890,P003,926,2100,0,00
E5002890,P001,936,2100,10,10
E5002890,P002,936,2100,9,10
E5002890,P003,936,2100,0,00
E5601197,P002,911,2318,3,10
E5601197,P003,911,2318,3,10
S1602755,P101,911,2318,5,10
S1602755,P201,911,2318,5,10
S1602755,P301,911,2318,6,10
E5002890,P001,911,2112,5,10
E5002890,P002,911,2112,5,10
E5002890,P003,911,2112,0,00
E5002890,P001,911,2118,5,10
E5002890,P002,911,2118,6,10
E5002890,P003,911,2118,0,00
E5002890,P001,911,2124,5,10
E5002890,P002,911,2124,5,10
E5002890,P003,911,2124,0,00
E5002890,P001,922,2115,2,10
E5002890,P002,922,2115,4,10
E5002890,P003,922,2115,0,00
E5002890,P001,923,2115,108,10
E5002890,P002,923,2115,109,10
E5002890,P003,923,2115,0,00
E5002890,P001,924,2115,2,10
E5002890,P002,924,2115,2,10
E5002890,P003,924,2115,0,00
E5002890,P001,926,2115,16,10
E5002890,P002,926,2115,9,10
E5002890,P003,926,2115,0,00
E5002890,P001,936,2115,9,10
E5002890,P002,936,2115,9,10
E5002890,P003,936,2115,0,00
E5002890,P001,911,2130,5,10
E5002890,P002,911,2130,5,10
E5002890,P003,911,2130,0,00
E5002890,P001,911,2136,5,10
E5002890,P002,911,2136,6,10
E5002890,P003,911,2136,0,00
E5002890,P001,922,2130,1,10
E5002890,P002,922,2130,4,10
E5002890,P003,922,2130,0,00
E5002890,P001,923,2130,99,10
E5002890,P002,923,2130,104,10
E5002890,P003,923,2130,0,00
E5002890,P001,924,2130,2,10
E5002890,P002,924,2130,2,10
E5002890,P003,924,2130,0,00
E5002890,P001,926,2130,16,10
E5002890,P002,926,2130,7,10
E5002890,P003,926,2130,0,00
E5002890,P001,936,2130,9,10
E5002890,P002,936,2130,10,10
E5002890,P003,936,2130,0,00
E5002890,P001,911,2142,5,10
E5002890,P002,911,2142,5,10
E5002890,P003,911,2142,0,00
E5002890,P001,911,2148,5,10
E5002890,P002,911,2148,5,10
E5002890,P003,911,2148,0,00
E5002890,P001,911,2154,5,10
E5002890,P002,911,2154,5,10
E5002890,P003,911,2154,0,00
E5002890,P001,922,2145,0,10
E5002890,P002,922,2145,4,10
E5002890,P003,922,2145,0,00
E5002890,P001,923,2145,93,10
E5002890,P002,923,2145,93,10
E5002890,P003,923,2145,0,00
E5002890,P001,924,2145,2,10
E5002890,P002,924,2145,2,10
E5002890,P003,924,2145,0,00
E5002890,P001,926,2145,15,10
E5002890,P002,926,2145,8,10
E5002890,P003,926,2145,0,00
E5002890,P001,936,2145,11,10
E5002890,P002,936,2145,10,10
E5002890,P003,936,2145,0,00
E5002890,P001,222,2100,1,10
E5002890,P002,222,2100,5,10
E5002890,P003,222,2100,0,00
E5002890,P001,223,2100,96,10
E5002890,P002,223,2100,106,10
E5002890,P003,223,2100,0,00
E5002890,P001,224,2100,2,10
E5002890,P002,224,2100,2,10
E5002890,P003,224,2100,0,00
E5002890,P001,226,2100,16,10
E5002890,P002,226,2100,10,10
E5002890,P003,226,2100,0,00
E5002890,P001,236,2100,10,10
E5002890,P002,236,2100,9,10
E5002890,P003,236,2100,0,00
E5002890,P001,248,2100,61015,10
E5002890,P002,248,2100,70315,10
E5002890,P003,248,2100,0,00
E5002890,P001,259,2100,162,10
E5002890,P002,259,2100,156,10
E5002890,P003,259,2100,0,00
E5002890,P001,911,2200,5,10
E5002890,P002,911,2200,5,10
E5002890,P003,911,2200,0,00
E5002890,P001,911,2206,5,10
E5002890,P002,911,2206,5,10
E5002890,P003,911,2206,0,00
E5002890,P001,922,2200,0,10
E5002890,P002,922,2200,2,10
E5002890,P003,922,2200,0,00
E5002890,P001,923,2200,94,10
E5002890,P002,923,2200,95,10
E5002890,P003,923,2200,0,00
E5002890,P001,924,2200,3,10
E5002890,P002,924,2200,2,10
E5002890,P003,924,2200,0,00
E5002890,P001,926,2200,16,10
E5002890,P002,926,2200,11,10
E5002890,P003,926,2200,0,00
E5002890,P001,936,2200,11,10
E5002890,P002,936,2200,11,10
E5002890,P003,936,2200,0,00
E5002890,P001,911,2212,5,10
E5002890,P002,911,2212,5,10
E5002890,P003,911,2212,0,00
E5002890,P001,911,2218,5,10
E5002890,P002,911,2218,5,10
E5002890,P003,911,2218,0,00
E5002890,P001,911,2224,5,10
E5002890,P002,911,2224,5,10
E5002890,P003,911,2224,0,00
E5002890,P001,922,2215,2,10
E5002890,P002,922,2215,1,10
E5002890,P003,922,2215,0,00
E5002890,P001,923,2215,123,10
E5002890,P002,923,2215,103,10
E5002890,P003,923,2215,0,00
E5002890,P001,924,2215,3,10
E5002890,P002,924,2215,2,10
E5002890,P003,924,2215,0,00
E5002890,P001,926,2215,19,10
E5002890,P002,926,2215,10,10
E5002890,P003,926,2215,0,00
E5002890,P001,936,2215,9,10
E5002890,P002,936,2215,11,10
E5002890,P003,936,2215,0,00
E5002890,P001,911,2230,5,10
E5002890,P002,911,2230,5,10
E5002890,P003,911,2230,0,00
E5002890,P001,911,2236,5,10
E5002890,P002,911,2236,5,10
E5002890,P003,911,2236,0,00
E5002890,P001,922,2230,9,10
E5002890,P002,922,2230,3,10
E5002890,P003,922,2230,0,00
E5002890,P001,923,2230,115,10
E5002890,P002,923,2230,102,10
E5002890,P003,923,2230,0,00
E5002890,P001,924,2230,2,10
E5002890,P002,924,2230,2,10
E5002890,P003,924,2230,0,00
E5002890,P001,926,2230,17,10
E5002890,P002,926,2230,9,10
E5002890,P003,926,2230,0,00
E5002890,P001,936,2230,7,10
E5002890,P002,936,2230,10,10
E5002890,P003,936,2230,0,00
E5002890,P001,911,2242,5,10
E5002890,P002,911,2242,6,10
E5002890,P003,911,2242,0,00
E5002890,P001,911,2248,5,10
E5002890,P002,911,2248,5,10
E5002890,P003,911,2248,0,00
E5002890,P001,911,2254,5,10
E5002890,P002,911,2254,5,10
E5002890,P003,911,2254,0,00
E5002890,P001,922,2245,1,10
E5002890,P002,922,2245,1,10
E5002890,P003,922,2245,0,00
E5002890,P001,923,2245,130,10
E5002890,P002,923,2245,112,10
E5002890,P003,923,2245,0,00
E5002890,P001,924,2245,3,10
E5002890,P002,924,2245,2,10
E5002890,P003,924,2245,0,00
E5002890,P001,926,2245,14,10
E5002890,P002,926,2245,6,10
E5002890,P003,926,2245,0,00
E5002890,P001,936,2245,9,10
E5002890,P002,936,2245,9,10
E5002890,P003,936,2245,0,00
E5002890,P001,222,2200,3,10
E5002890,P002,222,2200,2,10
E5002890,P003,222,2200,0,00
E5002890,P001,223,2200,116,10
E5002890,P002,223,2200,103,10
E5002890,P003,223,2200,0,00
E5002890,P001,224,2200,3,10
E5002890,P002,224,2200,2,10
E5002890,P003,224,2200,0,00
E5002890,P001,226,2200,16,10
E5002890,P002,226,2200,9,10
E5002890,P003,226,2200,0,00
E5002890,P001,236,2200,9,10
E5002890,P002,236,2200,10,10
E5002890,P003,236,2200,0,00
E5002890,P001,248,2200,72274,10
E5002890,P002,248,2200,69239,10
E5002890,P003,248,2200,0,00
E5002890,P001,259,2200,167,10
E5002890,P002,259,2200,159,10
E5002890,P003,259,2200,0,00
E5002890,P001,911,2300,5,10
E5002890,P002,911,2300,5,10
E5002890,P003,911,2300,0,00
E5002890,P001,911,2306,5,10
E5002890,P002,911,2306,6,10
E5002890,P003,911,2306,0,00
E5002890,P001,922,2300,2,10
E5002890,P002,922,2300,6,10
E5002890,P003,922,2300,0,00
E5002890,P001,923,2300,137,10
E5002890,P002,923,2300,109,10
E5002890,P003,923,2300,0,00
E5002890,P001,924,2300,2,10
E5002890,P002,924,2300,2,10
E5002890,P003,924,2300,0,00
E5002890,P001,926,2300,17,10
E5002890,P002,926,2300,7,10
E5002890,P003,926,2300,0,00
E5002890,P001,936,2300,9,10
E5002890,P002,936,2300,9,10
E5002890,P003,936,2300,0,00
E5002890,P001,911,2312,5,10
E5002890,P002,911,2312,6,10
E5002890,P003,911,2312,0,00
E5600332,P001,911,2318,3,10
E5600332,P002,911,2318,4,10
E5600332,P003,911,2318,4,10
E5600850,PC01,911,2318,0,00
S2300438,P001,911,2318,5,10
E5600896,P004,911,2306,0,00
E5600896,P005,911,2306,0,00
E5600896,P007,911,2306,5,10
E5600896,P008,911,2306,7,10
E5400878,P010,911,2306,1,10
S2300401,P011,911,2318,9,10
S1901066,P004,911,2318,5,10
E5600789,P001,911,2318,3,10
E5002890,P001,911,2318,5,10
E5002890,P002,911,2318,6,10
E5002890,P003,911,2318,0,00
E5600869,P001,911,2318,4,10
S1900710,P015,911,2324,0,00
S1900710,P050,911,2324,8,10
S1900710,P056,911,2324,5,10
S1900710,P060,911,2324,2,10
S1900710,P070,911,2324,6,10
S1900685,P002,911,2318,13,10
S1900685,P421,911,2318,13,10
S1900685,P411,911,2318,4,10
S2202553,P001,911,2318,1,10
S2202553,P002,911,2318,1,10
S2202553,P003,911,2318,1,10
S2100223,P015,911,2324,0,10
S2100223,P015,922,2315,0,10
S2100223,P015,923,2315,0,10
S2100223,P015,924,2315,0,10
S2100223,P015,936,2315,0,10
S2300429,P701,911,2318,0,00
S2300429,PF01,911,2318,9,10
E5600056,P004,911,2324,0,00
E5600056,P006,911,2324,3,10
E5600056,P007,911,2324,0,00
E5600056,P008,911,2324,6,10
E5600056,P009,911,2324,2,10
E5600056,P016,911,2324,4,10
E5600056,P017,911,2324,2,10
E5600056,P018,911,2324,3,10
E5600056,P021,911,2324,2,10
E5600056,P022,911,2324,2,10
E5600056,P023,911,2324,1,10
E5600056,P024,911,2324,4,10
S2201109,P711,911,2318,15,10
S2201109,P731,911,2318,18,10
S2201109,P741,911,2318,14,10
S2201109,P751,911,2318,14,10
E4900744,P001,911,2324,0,00
E4900744,P002,911,2324,0,00
E4900744,P023,911,2324,0,00
E4900744,P001,923,2315,0,00
E4900744,P023,923,2315,0,00
E4900744,P001,936,2315,0,00
E4900744,P023,936,2315,0,00
E5600841,P001,911,2318,5,10
E5600841,P002,911,2318,5,10
E5600841,P003,911,2318,9,10
E5600841,P004,911,2318,6,10
E5600841,P005,911,2318,8,10
E5600841,P006,911,2318,11,10
E5600841,P007,911,2318,12,10
E5600841,P008,911,2318,6,10
E5600841,P009,911,2318,9,10
E5600841,P010,911,2318,6,10
E5600841,PC23,911,2318,10,10
E5600841,PC83,911,2318,14,10
E5600841,PPB1,911,2318,8,10
E5600841,PPC1,911,2318,5,10
E5600841,PR54,911,2318,3,10
E5600841,PR61,911,2318,7,10
E5600841,PR62,911,2318,4,10
E5600841,PS11,911,2318,12,10
E5600841,PS12,911,2318,13,10
E5600841,PS31,911,2318,7,10
E5600841,PS32,911,2318,4,10
E5600841,PS51,911,2318,13,10
E5600841,PS52,911,2318,8,10
E5600841,PS71,911,2318,0,00
E5600841,PS72,911,2318,0,00
E5600896,P004,922,2300,0,00
E5600896,P004,923,2300,0,00
E5600896,P004,936,2300,0,00
E5600896,P005,922,2300,0,00
E5600896,P005,923,2300,0,00
E5600896,P005,936,2300,0,00
E5600896,P007,922,2300,0,10
E5600896,P007,923,2300,71,11
E5600896,P007,936,2300,5,10
E5600896,P008,922,2300,0,10
E5600896,P008,923,2300,63,10
E5600896,P008,936,2300,2,10
E5400878,P001,923,2300,22,10
E5400878,P001,936,2300,15,10
E5400878,P002,923,2300,19,10
E5400878,P002,936,2300,14,10
E5400878,P003,923,2300,18,10
E5400878,P003,936,2300,15,10
E5400878,P010,923,2300,19,10
E5400878,P010,936,2300,13,10
E4900333,P001,911,2318,9,10
E4900333,P002,911,2318,0,00
E4900333,P003,911,2318,0,32
E4900333,P103,911,2318,0,32
E4900333,P021,911,2318,7,10
E4900333,P105,911,2318,9,10
E5601197,P002,911,2324,3,10
E5601197,P003,911,2324,3,10
S1602755,P101,911,2324,5,10
S1602755,P201,911,2324,5,10
S1602755,P301,911,2324,6,10
S1602755,P101,922,2315,2,10
S1602755,P201,922,2315,2,10
S1602755,P301,922,2315,4,10
S1602755,P101,923,2315,78,10
S1602755,P201,923,2315,76,10
S1602755,P301,923,2315,66,10
S1602755,P101,924,2315,2,10
S1602755,P201,924,2315,4,10
S1602755,P301,924,2315,2,10
S1602755,P101,926,2315,4,10
S1602755,P201,926,2315,6,10
S1602755,P301,926,2315,14,10
S1602755,P101,936,2315,9,10
S1602755,P201,936,2315,9,10
S1602755,P301,936,2315,9,10
E5600850,PC01,923,2315,0,00
E5600850,PC01,924,2315,0,00
E5600850,PC01,936,2315,0,00
E5600850,PC01,926,2315,0,00
S2300438,P001,922,2315,0,10
S2300438,P001,923,2315,31,10
S2300438,P001,936,2315,5,10
E5600850,PC01,911,2324,0,00
S2300438,P001,911,2324,5,10
E5600869,P001,911,2324,4,10
E5600869,P001,922,2315,140,10
E5600869,P001,923,2315,128,10
E5600869,P001,936,2315,7,10
S2300401,P011,923,2315,62,10
S2300401,P011,936,2315,7,10
S2300401,P011,922,2315,26,10
S1901066,P004,922,2315,230,10
S1901066,P004,923,2315,171,10
S1901066,P004,924,2315,0,10
S1901066,P004,936,2315,5,10
S1901066,P004,937,2315,11,10
E5600896,P004,911,2312,0,00
E5600896,P005,911,2312,0,00
E5600896,P007,911,2312,5,10
E5600896,P008,911,2312,7,10
E5400878,P010,911,2312,1,10
S2300401,P011,911,2324,9,10
E5600332,P001,911,2324,3,10
E5600332,P002,911,2324,4,10
E5600332,P003,911,2324,4,10
S1901066,P004,911,2324,6,10
E5600789,P001,911,2324,3,10
E5002890,P001,911,2324,5,10
E5002890,P002,911,2324,6,10
E5002890,P003,911,2324,0,00
E5002890,P001,922,2315,2,10
E5002890,P002,922,2315,5,10
E5002890,P003,922,2315,0,00
E5002890,P001,923,2315,130,10
E5002890,P002,923,2315,101,10
E5002890,P003,923,2315,0,00
E5002890,P001,924,2315,2,10
E5002890,P002,924,2315,1,10
E5002890,P003,924,2315,0,00
E5002890,P001,926,2315,16,10
E5002890,P002,926,2315,11,10
E5002890,P003,926,2315,0,00
E5002890,P001,936,2315,9,10
E5002890,P002,936,2315,10,10
E5002890,P003,936,2315,0,00
S1900710,P015,911,2330,0,00
S1900710,P050,911,2330,7,10
S1900710,P056,911,2330,4,10
S1900710,P060,911,2330,2,10
S1900710,P070,911,2330,5,10
S1900710,P015,923,2330,0,00
S1900710,P015,936,2330,0,00
S1900710,P015,922,2330,0,00
S1900710,P050,923,2330,108,10
S1900710,P050,936,2330,6,10
S1900710,P050,922,2330,65,10
S1900710,P056,923,2330,43,10
S1900710,P056,936,2330,4,10
S1900710,P056,922,2330,22,10
S1900710,P060,923,2330,26,10
S1900710,P060,936,2330,5,10
S1900710,P060,922,2330,27,10
S1900710,P070,923,2330,21,10
S1900710,P070,936,2330,9,10
S1900710,P070,922,2330,17,10
S1900685,P002,911,2324,14,10
S1900685,P421,911,2324,12,10
S1900685,P421,922,2315,15,10
S1900685,P421,923,2315,73,10
S1900685,P421,936,2315,6,10
S1900685,P411,911,2324,4,10
S1900685,P411,922,2315,25,10
S1900685,P411,923,2315,64,10
S1900685,P411,936,2315,12,10
S2202553,P001,911,2324,1,10
S2202553,P002,911,2324,1,10
S2202553,P003,911,2324,1,10
S2202553,P001,922,2315,13,10
S2202553,P002,922,2315,5,10
S2202553,P003,922,2315,10,10
S2202553,P001,923,2315,89,10
S2202553,P002,923,2315,92,10
S2202553,P003,923,2315,85,10
S2202553,P001,924,2315,5,10
S2202553,P002,924,2315,3,10
S2202553,P003,924,2315,31,10
S2202553,P001,926,2315,28,10
S2202553,P002,926,2315,9,10
S2202553,P003,926,2315,25,10
S2202553,P001,936,2315,10,10
S2202553,P002,936,2315,11,10
S2202553,P003,936,2315,9,10
S2100223,P015,911,2330,0,10
S2300429,P701,922,2315,0,00
S2300429,P701,923,2315,0,00
S2300429,P701,936,2315,0,00
S2300429,PF01,922,2315,21,10
S2300429,PF01,923,2315,31,10
S2300429,PF01,936,2315,5,10
S2300429,P701,911,2324,0,00
S2300429,PF01,911,2324,9,10
E5600056,P004,911,2330,0,00
E5600056,P006,911,2330,3,10
E5600056,P007,911,2330,0,00
E5600056,P008,911,2330,6,10
E5600056,P009,911,2330,3,10
E5600056,P016,911,2330,4,10
E5600056,P017,911,2330,2,10
E5600056,P018,911,2330,3,10
E5600056,P021,911,2330,2,10
E5600056,P022,911,2330,3,10
E5600056,P023,911,2330,1,10
E5600056,P024,911,2330,4,10
E5600056,P004,922,2330,0,00
E5600056,P004,923,2330,0,00
E5600056,P004,924,2330,0,00
E5600056,P004,936,2330,0,00
E5600056,P006,922,2330,22,10
E5600056,P006,923,2330,80,10
E5600056,P006,924,2330,0,10
E5600056,P006,936,2330,5,10
E5600056,P007,922,2330,0,00
E5600056,P007,923,2330,0,00
E5600056,P007,924,2330,0,00
E5600056,P007,936,2330,0,00
E5600056,P008,922,2330,12,10
E5600056,P008,923,2330,62,10
E5600056,P008,924,2330,49,10
E5600056,P008,936,2330,6,10
E5600056,P016,922,2330,0,10
E5600056,P016,923,2330,27,10
E5600056,P016,936,2330,12,10
E5600056,P017,922,2330,2,10
E5600056,P017,923,2330,22,10
E5600056,P017,924,2330,20,10
E5600056,P017,936,2330,3,10
E5600056,P018,922,2330,0,10
E5600056,P018,923,2330,16,10
E5600056,P018,936,2330,4,10
E5600056,P021,922,2330,0,10
E5600056,P021,923,2330,48,10
E5600056,P021,936,2330,4,10
E5600056,P024,922,2330,2,10
E5600056,P024,923,2330,32,10
E5600056,P024,924,2330,2,10
E5600056,P024,936,2330,6,10
E5600056,P034,923,2330,45,10
E5600056,P034,936,2330,1,10
S2201109,P711,923,2315,24,10
S2201109,P711,936,2315,6,10
S2201109,P711,922,2315,2,10
S2201109,P731,923,2315,43,10
S2201109,P731,936,2315,7,10
S2201109,P731,922,2315,14,10
S2201109,P741,923,2315,49,10
S2201109,P741,936,2315,6,10
S2201109,P741,922,2315,21,10
S2201109,P751,923,2315,50,10
S2201109,P751,936,2315,8,10
S2201109,P751,922,2315,12,10
S2201109,P711,911,2324,15,10
S2201109,P731,911,2324,18,10
S2201109,P741,911,2324,14,10
S2201109,P751,911,2324,14,10
E4900744,P001,911,2330,0,00
E4900744,P002,911,2330,0,00
E4900744,P023,911,2330,0,00
E5600841,P001,923,2315,15,10
E5600841,P001,936,2315,4,10
E5600841,P001,911,2324,5,10
E5600841,P001,922,2315,22,10
E5600841,P002,923,2315,21,10
E5600841,P002,936,2315,4,10
E5600841,P002,911,2324,5,10
E5600841,P002,922,2315,16,10
E5600841,P003,923,2315,13,10
E5600841,P003,936,2315,5,10
E5600841,P003,911,2324,9,10
E5600841,P003,922,2315,21,10
E5600841,P004,923,2315,19,10
E5600841,P004,936,2315,4,10
E5600841,P004,911,2324,6,10
E5600841,P004,922,2315,17,10
E5600841,P005,923,2315,14,10
E5600841,P005,936,2315,3,10
E5600841,P005,911,2324,8,10
E5600841,P005,922,2315,17,10
E5600841,P006,923,2315,35,10
E5600841,P006,936,2315,6,10
E5600841,P006,911,2324,11,10
E5600841,P006,922,2315,47,10
E5600841,P007,923,2315,23,10
E5600841,P007,936,2315,6,10
E5600841,P007,911,2324,12,10
E5600841,P007,922,2315,43,10
E5600841,P008,923,2315,39,10
E5600841,P008,936,2315,8,10
E5600841,P008,911,2324,6,10
E5600841,P008,922,2315,5,10
E5600841,P009,923,2315,9,10
E5600841,P009,936,2315,6,10
E5600841,P009,911,2324,9,10
E5600841,P009,922,2315,18,10
E5600841,P010,923,2315,9,10
E5600841,P010,936,2315,6,10
E5600841,P010,911,2324,6,10
E5600841,P010,922,2315,14,10
E5600841,PC23,923,2315,58,10
E5600841,PC23,936,2315,9,10
E5600841,PC23,911,2324,10,10
E5600841,PC23,922,2315,24,10
E5600841,PC83,923,2315,75,10
E5600841,PC83,936,2315,8,10
E5600841,PC83,911,2324,14,10
E5600841,PC83,922,2315,21,10
E5600841,PPB1,923,2315,7,10
E5600841,PPB1,936,2315,8,10
E5600841,PPB1,911,2324,8,10
E5600841,PPB1,922,2315,17,10
E5600841,PPC1,923,2315,17,10
E5600841,PPC1,936,2315,3,10
E5600841,PPC1,911,2324,5,10
E5600841,PPC1,922,2315,17,10
E5600841,PR54,923,2315,52,10
E5600841,PR54,936,2315,5,10
E5600841,PR54,911,2324,3,10
E5600841,PR54,922,2315,43,10
E5600841,PR61,923,2315,72,10
E5600841,PR61,936,2315,3,10
E5600841,PR61,911,2324,7,10
E5600841,PR61,922,2315,39,10
E5600841,PR62,923,2315,38,10
E5600841,PR62,936,2315,3,10
E5600841,PR62,911,2324,4,10
E5600841,PR62,922,2315,22,10
E5600841,PS11,923,2315,31,10
E5600841,PS11,936,2315,11,10
E5600841,PS11,911,2324,11,10
E5600841,PS11,922,2315,59,10
E5600841,PS12,911,2324,11,10
E5600841,PS31,923,2315,135,10
E5600841,PS31,936,2315,13,10
E5600841,PS31,911,2324,7,10
E5600841,PS31,922,2315,81,10
E5600841,PS32,911,2324,4,10
E5600841,PS51,923,2315,47,10
E5600841,PS51,936,2315,12,10
E5600841,PS51,911,2324,13,10
E5600841,PS51,922,2315,18,10
E5600841,PS52,911,2324,9,10
E5600841,PS71,923,2315,0,00
E5600841,PS71,936,2315,0,00
E5600841,PS71,911,2324,0,00
E5600841,PS71,922,2315,0,00
E5600841,PS72,911,2324,0,00
E4900333,P001,911,2324,9,10
E4900333,P002,911,2324,0,00
E4900333,P003,911,2324,0,32
E4900333,P103,911,2324,0,32
E4900333,P021,911,2324,7,10
E4900333,P105,911,2324,9,10
E4900333,P001,922,2315,1,10
E4900333,P002,922,2315,0,00
E4900333,P003,922,2315,0,32
E4900333,P103,922,2315,0,32
E4900333,P021,922,2315,0,10
E4900333,P105,922,2315,55,10
E4900333,P001,923,2315,79,10
E4900333,P002,923,2315,0,00
E4900333,P003,923,2315,0,32
E4900333,P103,923,2315,0,32
E4900333,P021,923,2315,39,10
E4900333,P105,923,2315,75,10
E4900333,P001,936,2315,13,10
E4900333,P002,936,2315,0,00
E4900333,P003,936,2315,0,32
E4900333,P103,936,2315,0,32
E4900333,P021,936,2315,8,10
E4900333,P105,936,2315,10,10
E5601197,P002,911,2330,3,10
E5601197,P003,911,2330,3,10
S1602755,P101,911,2330,5,10
S1602755,P201,911,2330,5,10
S1602755,P301,911,2330,6,10
E5600850,PC01,911,2330,0,00
S2300438,P001,911,2330,5,10
E5600056,P004,911,2336,0,00
E5600056,P006,911,2336,3,10
E5600056,P007,911,2336,0,00
E5600056,P008,911,2336,6,10
E5600056,P009,911,2336,3,10
E5600056,P016,911,2336,5,10
E5600056,P017,911,2336,2,10
E5600056,P018,911,2336,3,10
E5600056,P021,911,2336,2,10
E5600056,P022,911,2336,2,10
E5600056,P023,911,2336,1,10
E5600056,P024,911,2336,4,10
E5600869,P001,911,2330,4,10
E5600896,P004,911,2318,0,00
E5600896,P005,911,2318,0,00
E5600896,P007,911,2318,5,10
E5600896,P008,911,2318,7,10
E5400878,P010,911,2318,1,10
E5600332,P001,911,2330,3,10
E5600332,P002,911,2330,4,10
E5600332,P003,911,2330,4,10
S1901066,P004,911,2330,6,10
E5600789,P001,911,2330,3,10
E5002890,P001,911,2330,5,10
E5002890,P002,911,2330,6,10
E5002890,P003,911,2330,0,00
S1900710,P015,911,2336,0,00
S1900710,P050,911,2336,6,10
S1900710,P056,911,2336,4,10
S1900710,P060,911,2336,2,10
S1900710,P070,911,2336,6,10
S1900685,P002,911,2330,14,10
S1900685,P421,911,2330,12,10
S1900685,P411,911,2330,4,10
S2202553,P001,911,2330,1,10
S2202553,P002,911,2330,1,10
S2202553,P003,911,2330,1,10
S2100223,P015,911,2336,0,10
S2201109,P711,911,2300,15,10
S2201109,P731,911,2300,18,10
S2201109,P741,911,2300,15,10
S2201109,P751,911,2300,14,10
S2201109,P711,923,2300,26,10
S2201109,P711,936,2300,6,10
S2201109,P711,922,2300,8,10
S2201109,P731,923,2300,42,10
S2201109,P731,936,2300,7,10
S2201109,P731,922,2300,14,10
S2201109,P741,923,2300,51,10
S2201109,P741,936,2300,6,10
S2201109,P741,922,2300,21,10
S2201109,P751,923,2300,49,10
S2201109,P751,936,2300,8,10
S2201109,P751,922,2300,12,10
S2201109,P711,911,2330,15,10
S2201109,P731,911,2330,18,10
S2201109,P741,911,2330,14,10
S2201109,P751,911,2330,14,10
E4900744,P001,911,2336,0,00
E4900744,P002,911,2336,0,00
E4900744,P023,911,2336,0,00
E5600841,P001,911,2330,5,10
E5600841,P002,911,2330,5,10
E5600841,P003,911,2330,9,10
E5600841,P004,911,2330,6,10
E5600841,P005,911,2330,8,10
E5600841,P006,911,2330,11,10
E5600841,P007,911,2330,12,10
E5600841,P008,911,2330,6,10
E5600841,P009,911,2330,9,10
E5600841,P010,911,2330,6,10
E5600841,PC23,911,2330,10,10
E5600841,PC83,911,2330,14,10
E5600841,PPB1,911,2330,8,10
E5600841,PPC1,911,2330,5,10
E5600841,PR54,911,2330,3,10
E5600841,PR61,911,2330,7,10
E5600841,PR62,911,2330,4,10
E5600841,PS11,911,2330,11,10
E5600841,PS12,911,2330,10,10
E5600841,PS31,911,2330,7,10
E5600841,PS32,911,2330,4,10
E5600841,PS51,911,2330,13,10
E5600841,PS52,911,2330,9,10
E5600841,PS71,911,2330,0,00
E5600841,PS72,911,2330,0,00
E4900333,P001,911,2330,9,10
E4900333,P002,911,2330,0,00
E4900333,P003,911,2330,0,32
E4900333,P103,911,2330,0,32
E4900333,P021,911,2330,7,10
E4900333,P105,911,2330,9,10
S2300438,P001,911,2336,5,10
S2100223,P015,922,2330,0,10
S2100223,P015,923,2330,0,10
S2100223,P015,924,2330,0,10
S2100223,P015,936,2330,0,10
E5601197,P002,911,2336,5,10
E5601197,P003,911,2336,4,10
S1602755,P101,911,2336,5,10
S1602755,P201,911,2336,5,10
S1602755,P301,911,2336,6,10
E5600850,PC01,911,2336,0,00
E5600056,P004,911,2342,0,00
E5600056,P006,911,2342,3,10
E5600056,P007,911,2342,0,00
E5600056,P008,911,2342,6,10
E5600056,P009,911,2342,2,10
E5600056,P016,911,2342,4,10
E5600056,P017,911,2342,2,10
E5600056,P018,911,2342,3,10
E5600056,P021,911,2342,2,10
E5600056,P022,911,2342,2,10
E5600056,P023,911,2342,1,10
E5600056,P024,911,2342,4,10
E5600869,P001,911,2336,4,10
E4900744,P001,923,2330,0,00
E4900744,P023,923,2330,0,00
E4900744,P001,936,2330,0,00
E4900744,P023,936,2330,0,00
E5600896,P004,922,2315,0,00
E5600896,P004,923,2315,0,00
E5600896,P004,936,2315,0,00
E5600896,P005,922,2315,0,00
E5600896,P005,923,2315,0,00
E5600896,P005,936,2315,0,00
E5600896,P007,922,2315,0,10
E5600896,P007,923,2315,71,11
E5600896,P007,936,2315,5,10
E5600896,P008,922,2315,0,10
E5600896,P008,923,2315,63,10
E5600896,P008,936,2315,2,10
E5600896,P004,911,2324,0,00
E5600896,P005,911,2324,0,00
E5600896,P007,911,2324,5,10
E5600896,P008,911,2324,7,10
E5400878,P001,923,2315,23,10
E5400878,P001,936,2315,15,10
E5400878,P002,923,2315,19,10
E5400878,P002,936,2315,14,10
E5400878,P003,923,2315,18,10
E5400878,P003,936,2315,15,10
E5400878,P010,923,2315,19,10
E5400878,P010,936,2315,13,10
E5400878,P010,911,2324,1,10
E5600332,P001,911,2336,3,10
E5600332,P002,911,2336,4,10
E5600332,P003,911,2336,4,10
E5600789,P001,911,2336,3,10
E5002890,P001,911,2336,5,10
E5002890,P002,911,2336,6,10
E5002890,P003,911,2336,0,00
S1900710,P015,911,2342,0,00
S1900710,P050,911,2342,6,10
S1900710,P056,911,2342,5,10
S1900710,P060,911,2342,2,10
S1900710,P070,911,2342,5,10
S1900685,P002,911,2336,14,10
S1900685,P421,911,2336,12,10
S1900685,P411,911,2336,4,10
S2202553,P001,911,2336,1,10
S2202553,P002,911,2336,1,10
S2202553,P003,911,2336,1,10
S2100223,P015,911,2342,0,10
S2300438,P001,922,2330,0,10
S2300438,P001,923,2330,29,10
S2300438,P001,936,2330,5,10
S2300401,P011,911,2336,9,10
S2300429,P701,911,2336,0,00
S2300429,PF01,911,2336,9,10
S1602755,P101,922,2330,2,10
S1602755,P201,922,2330,2,10
S1602755,P301,922,2330,3,10
S1602755,P101,923,2330,60,10
S1602755,P201,923,2330,73,10
S1602755,P301,923,2330,62,10
S1602755,P101,924,2330,3,10
S1602755,P201,924,2330,8,10
S1602755,P301,924,2330,2,10
S1602755,P101,926,2330,4,10
S1602755,P201,926,2330,6,10
S1602755,P301,926,2330,12,10
S1602755,P101,936,2330,9,10
S1602755,P201,936,2330,9,10
S1602755,P301,936,2330,8,10
E5600850,PC01,923,2330,0,00
E5600850,PC01,924,2330,0,00
E5600850,PC01,936,2330,0,00
E5600850,PC01,926,2330,0,00
S2201109,P711,911,2336,15,10
S2201109,P731,911,2336,18,10
S2201109,P741,911,2336,14,10
S2201109,P751,911,2336,14,10
E5600869,P001,922,2330,135,10
E5600869,P001,923,2330,129,10
E5600869,P001,936,2330,7,10
E4900744,P001,911,2342,0,00
E4900744,P002,911,2342,0,00
E4900744,P023,911,2342,0,00
E5600841,P001,911,2336,5,10
E5600841,P002,911,2336,5,10
E5600841,P003,911,2336,9,10
E5600841,P004,911,2336,6,10
E5600841,P005,911,2336,8,10
E5600841,P006,911,2336,11,10
E5600841,P007,911,2336,12,10
E5600841,P008,911,2336,5,10
E5600841,P009,911,2336,9,10
E5600841,P010,911,2336,6,10
E5600841,PC23,911,2336,13,10
E5600841,PC83,911,2336,14,10
E5600841,PPB1,911,2336,8,10
E5600841,PPC1,911,2336,5,10
E5600841,PR54,911,2336,3,10
E5600841,PR61,911,2336,7,10
E5600841,PR62,911,2336,4,10
E5600841,PS11,911,2336,12,10
E5600841,PS12,911,2336,11,10
E5600841,PS31,911,2336,7,10
E5600841,PS32,911,2336,4,10
E5600841,PS51,911,2336,13,10
E5600841,PS52,911,2336,9,10
E5600841,PS71,911,2336,0,00
E5600841,PS72,911,2336,0,00
S2300401,P011,911,2330,9,10
S2300401,P011,923,2330,61,10
S2300401,P011,936,2330,7,10
S2300401,P011,922,2330,27,10
S2300429,P701,911,2330,0,00
S2300429,P701,922,2330,0,00
S2300429,P701,923,2330,0,00
S2300429,P701,936,2330,0,00
S2300429,PF01,911,2330,9,10
S2300429,PF01,922,2330,20,10
S2300429,PF01,923,2330,31,10
S2300429,PF01,936,2330,5,10
S1901066,P004,922,2330,230,10
S1901066,P004,923,2330,172,10
S1901066,P004,924,2330,1,10
S1901066,P004,936,2330,4,10
S1901066,P004,937,2330,11,10
S1901066,P004,911,2336,6,10
E4900333,P001,911,2336,9,10
E4900333,P002,911,2336,0,00
E4900333,P003,911,2336,0,32
E4900333,P103,911,2336,0,32
E4900333,P021,911,2336,6,10
E4900333,P105,911,2336,9,10
E5002890,P001,922,2330,2,10
E5002890,P002,922,2330,6,10
E5002890,P003,922,2330,0,00
E5002890,P001,923,2330,130,10
E5002890,P002,923,2330,95,10
E5002890,P003,923,2330,0,00
E5002890,P001,924,2330,2,10
E5002890,P002,924,2330,2,10
E5002890,P003,924,2330,0,00
E5002890,P001,926,2330,19,10
E5002890,P002,926,2330,19,10
E5002890,P003,926,2330,0,00
E5002890,P001,936,2330,9,10
E5002890,P002,936,2330,11,10
E5002890,P003,936,2330,0,00
S1601990,P001,911,2342,4,10
S1601990,P004,911,2342,5,10
S1601990,P049,911,2342,2,10
S2300438,P001,911,2342,5,10
S1900710,P070,923,2345,18,10
S1900710,P070,936,2345,9,10
S1900710,P070,922,2345,17,10
S1900710,P015,923,2345,0,00
S1900710,P015,936,2345,0,00
S1900710,P015,922,2345,0,00
S1900710,P050,923,2345,106,10
S1900710,P050,936,2345,6,10
S1900710,P050,922,2345,66,10
S1900710,P056,923,2345,42,10
S1900710,P056,936,2345,4,10
S1900710,P056,922,2345,22,10
S1900710,P060,923,2345,24,10
S1900710,P060,936,2345,5,10
S1900710,P060,922,2345,27,10
S1900685,P421,922,2330,15,10
S1900685,P421,923,2330,72,10
S1900685,P421,936,2330,6,10
S1900685,P411,922,2330,25,10
S1900685,P411,923,2330,64,10
S1900685,P411,936,2330,12,10
S2202553,P001,922,2330,12,10
S2202553,P002,922,2330,8,10
S2202553,P003,922,2330,7,10
S2202553,P001,923,2330,89,10
S2202553,P002,923,2330,77,10
S2202553,P003,923,2330,93,10
S2202553,P001,924,2330,5,10
S2202553,P002,924,2330,2,10
S2202553,P003,924,2330,4,10
S2202553,P001,926,2330,28,10
S2202553,P002,926,2330,9,10
S2202553,P003,926,2330,17,10
S2202553,P001,936,2330,10,10
S2202553,P002,936,2330,10,10
S2202553,P003,936,2330,9,10
E5601197,P002,911,2342,5,10
E5601197,P003,911,2342,5,10
S1602755,P101,911,2342,5,10
S1602755,P201,911,2342,5,10
S1602755,P301,911,2342,6,10
E4900333,P001,922,2330,1,10
E4900333,P002,922,2330,0,00
E4900333,P003,922,2330,0,32
E4900333,P103,922,2330,0,32
E4900333,P021,922,2330,0,10
E4900333,P105,922,2330,54,10
E4900333,P001,923,2330,80,10
E4900333,P002,923,2330,0,00
E4900333,P003,923,2330,0,32
E4900333,P103,923,2330,0,32
E4900333,P021,923,2330,37,10
E4900333,P105,923,2330,75,10
E4900333,P001,936,2330,13,10
E4900333,P002,936,2330,0,00
E4900333,P003,936,2330,0,32
E4900333,P103,936,2330,0,32
E4900333,P021,936,2330,8,10
E4900333,P105,936,2330,10,10
E5600056,P004,922,2345,0,00
E5600056,P004,923,2345,0,00
E5600056,P004,924,2345,0,00
E5600056,P004,936,2345,0,00
E5600056,P006,922,2345,16,10
E5600056,P006,923,2345,78,10
E5600056,P006,924,2345,0,10
E5600056,P006,936,2345,5,10
E5600056,P007,922,2345,0,00
E5600056,P007,923,2345,0,00
E5600056,P007,924,2345,0,00
E5600056,P007,936,2345,0,00
E5600056,P008,922,2345,50,10
E5600056,P008,923,2345,65,10
E5600056,P008,924,2345,64,10
E5600056,P008,936,2345,5,10
E5600056,P016,922,2345,0,10
E5600056,P016,923,2345,29,10
E5600056,P016,936,2345,12,10
E5600056,P017,922,2345,2,10
E5600056,P017,923,2345,23,10
E5600056,P017,924,2345,2,10
E5600056,P017,936,2345,3,10
E5600056,P018,922,2345,0,10
E5600056,P018,923,2345,16,10
E5600056,P018,924,2345,0,10
E5600056,P018,936,2345,4,10
E5600056,P021,922,2345,0,10
E5600056,P021,923,2345,49,10
E5600056,P021,924,2345,0,10
E5600056,P021,936,2345,4,10
E5600056,P024,922,2345,3,10
E5600056,P024,923,2345,34,10
E5600056,P024,924,2345,2,10
E5600056,P024,936,2345,6,10
E5600056,P034,922,2345,9,10
E5600056,P034,923,2345,40,10
E5600056,P034,936,2345,1,10
E5600056,P004,911,2348,0,00
E5600056,P006,911,2348,3,10
E5600056,P007,911,2348,0,00
E5600056,P008,911,2348,5,10
E5600056,P009,911,2348,2,10
E5600056,P016,911,2348,4,10
E5600056,P017,911,2348,2,10
E5600056,P018,911,2348,3,10
E5600056,P021,911,2348,2,10
E5600056,P022,911,2348,2,10
E5600056,P023,911,2348,1,10
E5600056,P024,911,2348,4,10
E5600869,P001,911,2342,4,10
E5600841,P001,923,2330,13,10
E5600841,P001,936,2330,5,10
E5600841,P001,922,2330,23,10
E5600841,P002,923,2330,18,10
E5600841,P002,936,2330,4,10
E5600841,P002,922,2330,17,10
E5600841,P003,923,2330,11,10
E5600841,P003,936,2330,5,10
E5600841,P003,922,2330,21,10
E5600841,P004,923,2330,19,10
E5600841,P004,936,2330,4,10
E5600841,P004,922,2330,18,10
E5600841,P005,923,2330,14,10
E5600841,P005,936,2330,4,10
E5600841,P005,922,2330,18,10
E5600841,P006,923,2330,32,10
E5600841,P006,936,2330,6,10
E5600841,P006,922,2330,48,10
E5600841,P007,923,2330,24,10
E5600841,P007,936,2330,6,10
E5600841,P007,922,2330,45,10
E5600841,P008,923,2330,35,10
E5600841,P008,936,2330,8,10
E5600841,P008,922,2330,5,10
E5600841,P009,923,2330,8,10
E5600841,P009,936,2330,5,10
E5600841,P009,922,2330,19,10
E5600841,P010,923,2330,8,10
E5600841,P010,936,2330,5,10
E5600841,P010,922,2330,15,10
E5600841,PC23,923,2330,67,10
E5600841,PC23,936,2330,9,10
E5600841,PC23,922,2330,26,10
E5600841,PC83,923,2330,71,10
E5600841,PC83,936,2330,9,10
E5600841,PC83,922,2330,22,10
E5600841,PPB1,923,2330,7,10
E5600841,PPB1,936,2330,8,10
E5600841,PPB1,922,2330,20,10
E5600841,PPC1,923,2330,10,10
E5600841,PPC1,936,2330,3,10
E5600841,PPC1,922,2330,17,10
E5600841,PR54,923,2330,59,10
E5600841,PR54,936,2330,6,10
E5600841,PR54,922,2330,37,10
E5600841,PR61,923,2330,74,10
E5600841,PR61,936,2330,4,10
E5600841,PR61,922,2330,37,10
E5600841,PR62,923,2330,37,10
E5600841,PR62,936,2330,3,10
E5600841,PR62,922,2330,19,10
E5600841,PS11,923,2330,29,10
E5600841,PS11,936,2330,11,10
E5600841,PS11,922,2330,66,10
E5600841,PS31,923,2330,132,10
E5600841,PS31,936,2330,13,10
E5600841,PS31,922,2330,81,10
E5600841,PS51,923,2330,48,10
E5600841,PS51,936,2330,12,10
E5600841,PS51,922,2330,18,10
E5600841,PS71,923,2330,0,00
E5600841,PS71,936,2330,0,00
E5600841,PS71,922,2330,0,00
E5600896,P004,911,2330,0,00
E5600896,P005,911,2330,0,00
E5600896,P007,911,2330,5,10
E5600896,P008,911,2330,7,10
E5400878,P010,911,2330,1,10
E5600332,P001,911,2342,3,10
E5600332,P002,911,2342,4,10
E5600332,P003,911,2342,4,10
E5600850,PC01,911,2342,0,00
E5600789,P001,911,2342,3,10
E5002890,P001,911,2342,5,10
E5002890,P002,911,2342,6,10
E5002890,P003,911,2342,0,00
S1900710,P070,911,2348,5,10
S1900710,P015,911,2348,0,00
S1900710,P050,911,2348,5,10
S1900710,P056,911,2348,5,10
S1900710,P060,911,2348,2,10
S1900685,P002,911,2342,13,10
S1900685,P421,911,2342,14,10
S1900685,P411,911,2342,4,10
S2202553,P001,911,2342,1,10
S2202553,P002,911,2342,1,10
S2202553,P003,911,2342,1,10
S2100223,P015,911,2348,0,10
S2300401,P011,911,2342,9,10
S2300429,P701,911,2342,0,00
S2300429,PF01,911,2342,9,10
S1901066,P004,911,2342,7,10
E4900744,P001,911,2348,0,00
E4900744,P002,911,2348,0,00
E4900744,P023,911,2348,0,00
E5600841,P001,911,2342,5,10
E5600841,P002,911,2342,5,10
E5600841,P003,911,2342,8,10
E5600841,P004,911,2342,6,10
E5600841,P005,911,2342,8,10
E5600841,P006,911,2342,11,10
E5600841,P007,911,2342,12,10
E5600841,P008,911,2342,6,10
E5600841,P009,911,2342,10,10
E5600841,P010,911,2342,6,10
E5600841,PC23,911,2342,9,10
E5600841,PC83,911,2342,14,10
E5600841,PPB1,911,2342,8,10
E5600841,PPC1,911,2342,5,10
E5600841,PR54,911,2342,3,10
E5600841,PR61,911,2342,7,10
E5600841,PR62,911,2342,4,10
E5600841,PS11,911,2342,11,10
E5600841,PS12,911,2342,13,10
E5600841,PS31,911,2342,7,10
E5600841,PS32,911,2342,4,10
E5600841,PS51,911,2342,13,10
E5600841,PS52,911,2342,9,10
E5600841,PS71,911,2342,0,00
E5600841,PS72,911,2342,0,00
S2201109,P711,923,2330,24,10
S2201109,P711,936,2330,6,10
S2201109,P711,922,2330,3,10
S2201109,P731,923,2330,41,10
S2201109,P731,936,2330,7,10
S2201109,P731,922,2330,14,10
S2201109,P741,923,2330,48,10
S2201109,P741,936,2330,6,10
S2201109,P741,922,2330,24,10
S2201109,P751,923,2330,48,10
S2201109,P751,936,2330,8,10
S2201109,P751,922,2330,12,10
S2201109,P711,911,2342,15,10
S2201109,P731,911,2342,18,10
S2201109,P741,911,2342,14,10
S2201109,P751,911,2342,14,10
E4900333,P001,911,2342,9,10
E4900333,P002,911,2342,0,00
E4900333,P003,911,2342,0,32
E4900333,P103,911,2342,0,32
E4900333,P021,911,2342,6,10
E4900333,P105,911,2342,9,10
S2300438,P001,911,2348,5,10
E5601197,P002,911,2348,4,10
E5601197,P003,911,2348,4,10
S1602755,P101,911,2348,5,10
S1602755,P201,911,2348,5,10
S1602755,P301,911,2348,6,10
E5600056,P004,911,2354,0,00
E5600056,P006,911,2354,3,10
E5600056,P007,911,2354,0,00
E5600056,P008,911,2354,5,10
E5600056,P009,911,2354,2,10
E5600056,P016,911,2354,4,10
E5600056,P017,911,2354,2,10
E5600056,P018,911,2354,3,10
E5600056,P021,911,2354,2,10
E5600056,P022,911,2354,2,10
E5600056,P023,911,2354,1,10
E5600056,P024,911,2354,4,10
E5600869,P001,911,2348,4,10
E5600896,P004,911,2336,0,00
E5600896,P005,911,2336,0,00
E5600896,P007,911,2336,5,10
E5600896,P008,911,2336,7,10
E5400878,P010,911,2336,1,10
E5600332,P001,911,2348,3,10
E5600332,P002,911,2348,4,10
E5600332,P003,911,2348,4,10
E5600850,PC01,911,2348,0,00
E5600789,P001,911,2348,3,10
E5002890,P001,911,2348,5,10
E5002890,P002,911,2348,5,10
E5002890,P003,911,2348,0,00
S1900710,P015,911,2354,0,00
S1900710,P050,911,2354,5,10
S1900710,P056,911,2354,4,10
S1900710,P060,911,2354,5,10
S1900710,P070,911,2354,6,10
S1900685,P002,911,2348,13,10
S1900685,P421,911,2348,12,10
S1900685,P411,911,2348,4,10
S2202553,P001,911,2348,1,10
S2202553,P002,911,2348,1,10
S2202553,P003,911,2348,1,10
S2100223,P015,911,2354,0,10
S2100223,P015,922,2345,0,10
S2100223,P015,923,2345,0,10
S2100223,P015,924,2345,0,10
S2100223,P015,936,2345,0,10
S2100223,P015,222,2300,0,
S2100223,P015,223,2300,0,
S2100223,P015,224,2300,0,
S2100223,P015,236,2300,0,
S2100223,P015,248,2300,0,
S2100223,P015,259,2300,0,
S2201109,P711,911,2348,15,10
S2201109,P731,911,2348,19,10
S2201109,P741,911,2348,14,10
S2201109,P751,911,2348,13,10
S2300401,P011,911,2348,9,10
S2300429,P701,911,2348,0,00
S2300429,PF01,911,2348,9,10
S1901066,P004,911,2348,6,10
E5600841,P001,911,2348,5,10
E5600841,P002,911,2348,5,10
E5600841,P003,911,2348,8,10
E5600841,P004,911,2348,6,10
E5600841,P005,911,2348,8,10
E5600841,P006,911,2348,11,10
E5600841,P007,911,2348,12,10
E5600841,P008,911,2348,6,10
E5600841,P009,911,2348,10,10
E5600841,P010,911,2348,6,10
E5600841,PC23,911,2348,9,10
E5600841,PC83,911,2348,14,10
E5600841,PPB1,911,2348,8,10
E5600841,PPC1,911,2348,5,10
E5600841,PR54,911,2348,3,10
E5600841,PR61,911,2348,7,10
E5600841,PR62,911,2348,4,10
E5600841,PS11,911,2348,11,10
E5600841,PS12,911,2348,14,10
E5600841,PS31,911,2348,7,10
E5600841,PS32,911,2348,4,10
E5600841,PS51,911,2348,13,10
E5600841,PS52,911,2348,9,10
E5600841,PS71,911,2348,0,00
E5600841,PS72,911,2348,0,00
E4900744,P001,911,2354,0,00
E4900744,P002,911,2354,0,00
E4900744,P023,911,2354,0,00
E4900744,P001,923,2345,0,00
E4900744,P023,923,2345,0,00
E4900744,P001,936,2345,0,00
E4900744,P023,936,2345,0,00
E4900744,P001,223,2300,0,00
E4900744,P023,223,2300,0,00
E4900744,P001,236,2300,0,00
E4900744,P023,236,2300,0,00
E4900744,P001,248,2300,0,00
E4900744,P023,248,2300,0,00
E4900744,P001,259,2300,0,00
E4900744,P023,259,2300,0,00
E5600896,P004,922,2330,0,00
E5600896,P004,923,2330,0,00
E5600896,P004,936,2330,0,00
E5600896,P005,922,2330,0,00
E5600896,P005,923,2330,0,00
E5600896,P005,936,2330,0,00
E5600896,P007,922,2330,0,10
E5600896,P007,923,2330,68,10
E5600896,P007,936,2330,5,10
E5600896,P008,922,2330,0,10
E5600896,P008,923,2330,64,10
E5600896,P008,936,2330,2,10
E5400878,P001,923,2330,22,10
E5400878,P001,936,2330,15,10
E5400878,P002,923,2330,19,10
E5400878,P002,936,2330,14,10
E5400878,P003,923,2330,18,10
E5400878,P003,936,2330,15,10
E5400878,P010,923,2330,19,10
E5400878,P010,936,2330,13,10
S2300438,P001,922,2345,0,10
S2300438,P001,923,2345,31,10
S2300438,P001,936,2345,5,10
E4900333,P001,911,2348,9,10
E4900333,P002,911,2348,0,00
E4900333,P003,911,2348,0,32
E4900333,P103,911,2348,0,32
E4900333,P021,911,2348,6,10
E4900333,P105,911,2348,9,10
S2300438,P001,911,2354,5,10
E5601197,P002,911,2354,4,10
E5601197,P003,911,2354,4,10
S1602755,P101,911,2354,5,10
S1602755,P201,911,2354,5,10
S1602755,P301,911,2354,6,10
S1602755,P101,922,2345,2,10
S1602755,P201,922,2345,2,10
S1602755,P301,922,2345,4,10
S1602755,P101,923,2345,93,10
S1602755,P201,923,2345,73,10
S1602755,P301,923,2345,67,10
S1602755,P101,924,2345,6,10
S1602755,P201,924,2345,4,10
S1602755,P301,924,2345,5,10
S1602755,P101,926,2345,4,10
S1602755,P201,926,2345,7,10
S1602755,P301,926,2345,15,10
S1602755,P101,936,2345,9,10
S1602755,P201,936,2345,9,10
S1602755,P301,936,2345,9,10
S1602755,P101,222,2300,2,10
S1602755,P201,222,2300,2,10
S1602755,P301,222,2300,4,10
S1602755,P101,223,2300,85,10
S1602755,P201,223,2300,73,10
S1602755,P301,223,2300,60,10
S1602755,P101,224,2300,3,10
S1602755,P201,224,2300,5,10
S1602755,P301,224,2300,10,10
S1602755,P101,226,2300,4,10
S1602755,P201,226,2300,6,10
S1602755,P301,226,2300,13,10
S1602755,P101,236,2300,9,10
S1602755,P201,236,2300,9,10
S1602755,P301,236,2300,8,10
S1602755,P101,248,2300,98313,10
S1602755,P201,248,2300,84240,10
S1602755,P301,248,2300,106826,10
S1602755,P101,259,2300,137,10
S1602755,P201,259,2300,128,10
S1602755,P301,259,2300,137,10
E5600869,P001,911,2354,4,10
E5600869,P001,922,2345,129,10
E5600869,P001,923,2345,124,10
E5600869,P001,936,2345,7,10
E5600869,P001,222,2300,135,10
E5600869,P001,223,2300,126,10
E5600869,P001,236,2300,7,10
E5600869,P001,248,2300,52951,10
E5600869,P001,259,2300,103,10
E5600850,PC01,923,2345,0,00
E5600850,PC01,924,2345,0,00
E5600850,PC01,936,2345,0,00
E5600850,PC01,926,2345,0,00
E5600896,P004,911,2342,0,00
E5600896,P005,911,2342,0,00
E5600896,P007,911,2342,5,10
E5600896,P008,911,2342,7,10
E5400878,P010,911,2342,1,10
E5600332,P001,911,2354,3,10
E5600332,P002,911,2354,4,10
E5600332,P003,911,2354,4,10
E5600850,PC01,911,2354,0,00
E5600789,P001,911,2354,3,10
E5002890,P001,911,2354,5,10
E5002890,P002,911,2354,5,10
E5002890,P003,911,2354,0,00
E5002890,P001,922,2345,0,10
E5002890,P002,922,2345,4,10
E5002890,P003,922,2345,0,00
E5002890,P001,923,2345,128,10
E5002890,P002,923,2345,94,10
E5002890,P003,923,2345,0,00
E5002890,P001,924,2345,2,10
E5002890,P002,924,2345,3,10
E5002890,P003,924,2345,0,00
E5002890,P001,926,2345,15,10
E5002890,P002,926,2345,17,10
E5002890,P003,926,2345,0,00
E5002890,P001,936,2345,10,10
E5002890,P002,936,2345,11,10
E5002890,P003,936,2345,0,00
E5002890,P001,222,2300,2,10
E5002890,P002,222,2300,5,10
E5002890,P003,222,2300,0,00
E5002890,P001,223,2300,131,10
E5002890,P002,223,2300,100,10
E5002890,P003,223,2300,0,00
E5002890,P001,224,2300,2,10
E5002890,P002,224,2300,2,10
E5002890,P003,224,2300,0,00
E5002890,P001,226,2300,17,10
E5002890,P002,226,2300,13,10
E5002890,P003,226,2300,0,00
E5002890,P001,236,2300,9,10
E5002890,P002,236,2300,10,10
E5002890,P003,236,2300,0,00
E5002890,P001,248,2300,71458,10
E5002890,P002,248,2300,70066,10
E5002890,P003,248,2300,0,00
E5002890,P001,259,2300,165,10
E5002890,P002,259,2300,157,10
E5002890,P003,259,2300,0,00
S1900685,P002,911,2354,14,10
S1900685,P421,911,2354,12,10
S1900685,P421,922,2345,16,10
S1900685,P421,923,2345,70,10
S1900685,P421,936,2345,6,10
S1900685,P421,222,2300,15,10
S1900685,P421,223,2300,71,10
S1900685,P421,236,2300,6,10
S1900685,P421,248,2300,308753,10
S1900685,P421,259,2300,52,10
S1900685,P411,911,2354,4,10
S1900685,P411,222,2300,25,10
S1900685,P411,922,2345,25,10
S1900685,P411,223,2300,64,10
S1900685,P411,923,2345,64,10
S1900685,P411,236,2300,12,10
S1900685,P411,936,2345,12,10
S1900685,P411,248,2300,22032,10
S1900685,P411,259,2300,134,10
S2300401,P011,911,2300,9,10
S2300401,P011,923,2300,59,10
S2300401,P011,936,2300,7,10
S2300401,P011,922,2300,27,10
S2300401,P011,248,2300,169992,10
S2300401,P011,223,2300,61,10
S2300401,P011,236,2300,7,10
S2300401,P011,222,2300,27,10
S2300401,P011,259,2300,52,10
S2201109,P711,923,2345,24,10
S2201109,P711,936,2345,6,10
S2201109,P711,922,2345,4,10
S2201109,P731,923,2345,40,10
S2201109,P731,936,2345,7,10
S2201109,P731,922,2345,20,10
S2201109,P741,923,2345,51,10
S2201109,P741,936,2345,6,10
S2201109,P741,922,2345,23,10
S2201109,P751,923,2345,48,10
S2201109,P751,936,2345,8,10
S2201109,P751,922,2345,13,10
S2300401,P011,923,2345,63,10
S2300401,P011,936,2345,7,10
S2300401,P011,922,2345,27,10
S2300429,P701,922,2345,0,00
S2300429,P701,923,2345,0,00
S2300429,P701,936,2345,0,00
S2300429,PF01,922,2345,21,10
S2300429,PF01,923,2345,31,10
S2300429,PF01,936,2345,5,10
S1901066,P004,922,2345,232,10
S1901066,P004,923,2345,176,10
S1901066,P004,924,2345,1,10
S1901066,P004,936,2345,4,10
S1901066,P004,937,2345,11,10
S2201109,P711,911,2354,15,10
S2201109,P731,911,2354,18,10
S2201109,P741,911,2354,17,10
S2201109,P751,911,2354,13,10
S2300401,P011,911,2354,9,10
S2300429,P701,911,2354,0,00
S2300429,PF01,911,2354,9,10
S1901066,P004,911,2354,6,10
S2202553,P001,911,2354,1,10
S2202553,P002,911,2354,1,10
S2202553,P003,911,2354,1,10
S2202553,P001,922,2345,6,10
S2202553,P002,922,2345,16,10
S2202553,P003,922,2345,8,10
S2202553,P001,923,2345,92,10
S2202553,P002,923,2345,80,10
S2202553,P003,923,2345,85,10
S2202553,P001,924,2345,6,10
S2202553,P002,924,2345,2,10
S2202553,P003,924,2345,5,10
S2202553,P001,926,2345,12,10
S2202553,P002,926,2345,17,10
S2202553,P003,926,2345,19,10
S2202553,P001,936,2345,11,10
S2202553,P002,936,2345,10,10
S2202553,P003,936,2345,9,10
S2202553,P001,222,2300,12,10
S2202553,P002,222,2300,13,10
S2202553,P003,222,2300,9,10
S2202553,P001,223,2300,88,10
S2202553,P002,223,2300,84,10
S2202553,P003,223,2300,90,10
S2202553,P001,224,2300,6,10
S2202553,P002,224,2300,7,10
S2202553,P003,224,2300,11,10
S2202553,P001,226,2300,22,10
S2202553,P002,226,2300,18,10
S2202553,P003,226,2300,22,10
S2202553,P001,236,2300,10,10
S2202553,P002,236,2300,10,10
S2202553,P003,236,2300,9,10
S2202553,P001,248,2300,112289,10
S2202553,P002,248,2300,113707,10
S2202553,P003,248,2300,107367,10
S2202553,P001,259,2300,141,10
S2202553,P002,259,2300,135,10
S2202553,P003,259,2300,149,10
E4900333,P001,911,2354,9,10
E4900333,P002,911,2354,0,00
E4900333,P003,911,2354,0,32
E4900333,P103,911,2354,0,32
E4900333,P021,911,2354,6,10
E4900333,P105,911,2354,9,10
E4900333,P001,922,2345,1,10
E4900333,P002,922,2345,0,00
E4900333,P003,922,2345,0,32
E4900333,P103,922,2345,0,32
E4900333,P021,922,2345,0,10
E4900333,P105,922,2345,54,10
E4900333,P001,923,2345,81,10
E4900333,P002,923,2345,0,00
E4900333,P003,923,2345,0,32
E4900333,P103,923,2345,0,32
E4900333,P021,923,2345,35,10
E4900333,P105,923,2345,76,10
E4900333,P001,936,2345,13,10
E4900333,P002,936,2345,0,00
E4900333,P003,936,2345,0,32
E4900333,P103,936,2345,0,32
E4900333,P021,936,2345,8,10
E4900333,P105,936,2345,10,10
E4900333,P001,259,2300,85,10
E4900333,P002,259,2300,0,00
E4900333,P003,259,2300,0,32
E4900333,P103,259,2300,0,32
E4900333,P021,259,2300,124,10
E4900333,P105,259,2300,162,10
E4900333,P001,222,2300,1,10
E4900333,P002,222,2300,0,00
E4900333,P003,222,2300,0,32
E4900333,P103,222,2300,0,32
E4900333,P021,222,2300,0,10
E4900333,P105,222,2300,54,10
E4900333,P001,223,2300,80,10
E4900333,P002,223,2300,0,00
E4900333,P003,223,2300,0,32
E4900333,P103,223,2300,0,32
E4900333,P021,223,2300,37,10
E4900333,P105,223,2300,75,10
E4900333,P001,236,2300,13,10
E4900333,P002,236,2300,0,00
E4900333,P003,236,2300,0,32
E4900333,P103,236,2300,0,32
E4900333,P021,236,2300,8,10
E4900333,P105,236,2300,10,10
E4900333,P001,248,2300,40604,10
E4900333,P002,248,2300,0,00
E4900333,P003,248,2300,0,32
E4900333,P103,248,2300,0,32
E4900333,P021,248,2300,102083,10
E4900333,P105,248,2300,151405,10
E5600841,P001,248,2300,182666,10
E5600841,P001,923,2345,14,10
E5600841,P001,223,2300,18,10
E5600841,P001,936,2345,5,10
E5600841,P001,236,2300,5,10
E5600841,P001,911,2354,5,10
E5600841,P001,922,2345,24,10
E5600841,P001,222,2300,24,10
E5600841,P001,259,2300,165,10
E5600841,P002,248,2300,203038,10
E5600841,P002,923,2345,17,10
E5600841,P002,223,2300,26,10
E5600841,P002,936,2345,5,10
E5600841,P002,236,2300,4,10
E5600841,P002,911,2354,5,10
E5600841,P002,922,2345,18,10
E5600841,P002,222,2300,17,10
E5600841,P002,259,2300,164,10
E5600841,P003,248,2300,89492,10
E5600841,P003,923,2345,10,10
E5600841,P003,223,2300,16,10
E5600841,P003,936,2345,5,10
E5600841,P003,236,2300,5,10
E5600841,P003,911,2354,8,10
E5600841,P003,922,2345,22,10
E5600841,P003,222,2300,22,10
E5600841,P003,259,2300,163,10
E5600841,P004,248,2300,170143,10
E5600841,P004,923,2345,17,10
E5600841,P004,223,2300,18,10
E5600841,P004,936,2345,4,10
E5600841,P004,236,2300,4,10
E5600841,P004,911,2354,6,10
E5600841,P004,922,2345,19,10
E5600841,P004,222,2300,18,10
E5600841,P004,259,2300,182,10
E5600841,P005,248,2300,186160,10
E5600841,P005,923,2345,13,10
E5600841,P005,223,2300,14,10
E5600841,P005,936,2345,4,10
E5600841,P005,236,2300,4,10
E5600841,P005,911,2354,8,10
E5600841,P005,922,2345,19,10
E5600841,P005,222,2300,18,10
E5600841,P005,259,2300,191,10
E5600841,P006,248,2300,183077,10
E5600841,P006,923,2345,28,10
E5600841,P006,223,2300,31,10
E5600841,P006,936,2345,6,10
E5600841,P006,236,2300,6,10
E5600841,P006,911,2354,11,10
E5600841,P006,922,2345,47,10
E5600841,P006,222,2300,48,10
E5600841,P006,259,2300,119,10
E5600841,P007,248,2300,194615,10
E5600841,P007,923,2345,29,10
E5600841,P007,223,2300,25,10
E5600841,P007,936,2345,6,10
E5600841,P007,236,2300,6,10
E5600841,P007,911,2354,12,10
E5600841,P007,922,2345,44,10
E5600841,P007,222,2300,43,10
E5600841,P007,259,2300,130,10
E5600841,P008,248,2300,185947,10
E5600841,P008,923,2345,32,10
E5600841,P008,223,2300,39,10
E5600841,P008,936,2345,7,10
E5600841,P008,236,2300,8,10
E5600841,P008,911,2354,6,10
E5600841,P008,922,2345,5,10
E5600841,P008,222,2300,5,10
E5600841,P008,259,2300,48,10
E5600841,P009,248,2300,296637,10
E5600841,P009,923,2345,10,10
E5600841,P009,223,2300,9,10
E5600841,P009,936,2345,5,10
E5600841,P009,236,2300,5,10
E5600841,P009,911,2354,9,10
E5600841,P009,922,2345,20,10
E5600841,P009,222,2300,19,10
E5600841,P009,259,2300,121,10
E5600841,P010,248,2300,380627,10
E5600841,P010,923,2345,9,10
E5600841,P010,223,2300,9,10
E5600841,P010,936,2345,5,10
E5600841,P010,236,2300,5,10
E5600841,P010,911,2354,6,10
E5600841,P010,922,2345,14,10
E5600841,P010,222,2300,14,10
E5600841,P010,259,2300,108,10
E5600841,PC23,248,2300,38900,10
E5600841,PC23,923,2345,81,10
E5600841,PC23,223,2300,74,10
E5600841,PC23,936,2345,8,10
E5600841,PC23,236,2300,9,10
E5600841,PC23,911,2354,9,10
E5600841,PC23,922,2345,24,10
E5600841,PC23,222,2300,24,10
E5600841,PC23,259,2300,159,10
E5600841,PC83,248,2300,196551,10
E5600841,PC83,923,2345,64,10
E5600841,PC83,223,2300,67,10
E5600841,PC83,936,2345,7,10
E5600841,PC83,236,2300,8,10
E5600841,PC83,911,2354,14,10
E5600841,PC83,922,2345,21,10
E5600841,PC83,222,2300,21,10
E5600841,PC83,259,2300,169,10
E5600841,PPB1,248,2300,196001,10
E5600841,PPB1,923,2345,8,10
E5600841,PPB1,223,2300,8,10
E5600841,PPB1,936,2345,10,10
E5600841,PPB1,236,2300,9,10
E5600841,PPB1,911,2354,8,10
E5600841,PPB1,922,2345,20,10
E5600841,PPB1,222,2300,19,10
E5600841,PPB1,259,2300,135,10
E5600841,PPC1,248,2300,500544,10
E5600841,PPC1,923,2345,10,10
E5600841,PPC1,223,2300,13,10
E5600841,PPC1,936,2345,3,10
E5600841,PPC1,236,2300,3,10
E5600841,PPC1,911,2354,5,10
E5600841,PPC1,922,2345,17,10
E5600841,PPC1,222,2300,17,10
E5600841,PPC1,259,2300,126,10
E5600841,PR54,248,2300,34837,10
E5600841,PR54,923,2345,70,10
E5600841,PR54,223,2300,57,10
E5600841,PR54,936,2345,6,10
E5600841,PR54,236,2300,6,10
E5600841,PR54,911,2354,3,10
E5600841,PR54,922,2345,31,10
E5600841,PR54,222,2300,38,10
E5600841,PR54,259,2300,230,10
E5600841,PR61,248,2300,156444,10
E5600841,PR61,923,2345,63,10
E5600841,PR61,223,2300,69,10
E5600841,PR61,936,2345,4,10
E5600841,PR61,236,2300,4,10
E5600841,PR61,911,2354,7,10
E5600841,PR61,922,2345,42,10
E5600841,PR61,222,2300,40,10
E5600841,PR61,259,2300,333,10
E5600841,PR62,248,2300,113591,10
E5600841,PR62,923,2345,36,10
E5600841,PR62,223,2300,39,10
E5600841,PR62,936,2345,4,10
E5600841,PR62,236,2300,3,10
E5600841,PR62,911,2354,4,10
E5600841,PR62,922,2345,17,10
E5600841,PR62,222,2300,20,10
E5600841,PR62,259,2300,329,10
E5600841,PS11,248,2300,841882,10
E5600841,PS11,923,2345,29,10
E5600841,PS11,223,2300,30,10
E5600841,PS11,936,2345,11,10
E5600841,PS11,236,2300,11,10
E5600841,PS11,911,2354,11,10
E5600841,PS11,922,2345,62,10
E5600841,PS11,222,2300,62,10
E5600841,PS11,259,2300,164,10
E5600841,PS12,911,2354,12,10
E5600841,PS31,248,2300,738610,10
E5600841,PS31,923,2345,130,10
E5600841,PS31,223,2300,132,10
E5600841,PS31,936,2345,13,10
E5600841,PS31,236,2300,13,10
E5600841,PS31,911,2354,7,10
E5600841,PS31,922,2345,74,10
E5600841,PS31,222,2300,80,10
E5600841,PS31,259,2300,130,10
E5600841,PS32,911,2354,4,10
E5600841,PS51,248,2300,895332,10
E5600841,PS51,923,2345,47,10
E5600841,PS51,223,2300,48,10
E5600841,PS51,936,2345,12,10
E5600841,PS51,236,2300,12,10
E5600841,PS51,911,2354,13,10
E5600841,PS51,922,2345,19,10
E5600841,PS51,222,2300,18,10
E5600841,PS51,259,2300,133,10
E5600841,PS52,911,2354,9,10
E5600841,PS71,248,2300,0,00
E5600841,PS71,923,2345,0,00
E5600841,PS71,223,2300,0,00
E5600841,PS71,936,2345,0,00
E5600841,PS71,236,2300,0,00
E5600841,PS71,911,2354,0,00
E5600841,PS71,922,2345,0,00
E5600841,PS71,222,2300,0,00
E5600841,PS71,259,2300,0,00
E5600841,PS72,911,2354,0,00
E5600896,P004,911,2348,0,00
E5600896,P005,911,2348,0,00
E5600896,P007,911,2348,5,10
E5600896,P008,911,2348,7,10
E5400878,P010,911,2348,1,10
E5600896,P004,222,2300,0,00
E5600896,P004,223,2300,0,00
E5600896,P004,236,2300,0,00
E5600896,P004,248,2300,0,00
E5600896,P004,259,2300,0,00
E5600896,P005,222,2300,0,00
E5600896,P005,223,2300,0,00
E5600896,P005,236,2300,0,00
E5600896,P005,248,2300,0,00
E5600896,P005,259,2300,0,00
E5600896,P007,222,2300,0,10
E5600896,P007,223,2300,70,10
E5600896,P007,236,2300,5,10
E5600896,P007,248,2300,1482495,10
E5600896,P007,259,2300,153,10
E5600896,P008,222,2300,0,10
E5600896,P008,223,2300,63,10
E5600896,P008,236,2300,2,10
E5600896,P008,248,2300,1888351,10
E5600896,P008,259,2300,131,10
E5600896,P004,922,2345,0,00
E5600896,P004,923,2345,0,00
E5600896,P004,936,2345,0,00
E5600896,P005,922,2345,0,00
E5600896,P005,923,2345,0,00
E5600896,P005,936,2345,0,00
E5600896,P007,922,2345,0,10
E5600896,P007,923,2345,68,10
E5600896,P007,936,2345,5,10
E5600896,P008,922,2345,0,10
E5600896,P008,923,2345,64,10
E5600896,P008,936,2345,2,10
E5600896,P004,911,2354,0,00
E5600896,P005,911,2354,0,00
E5600896,P007,911,2354,5,10
E5600896,P008,911,2354,7,10
E5400878,P001,223,2300,22,10
E5400878,P001,236,2300,15,10
E5400878,P001,248,2300,1500836,10
E5400878,P001,259,2300,113,10
E5400878,P002,223,2300,19,10
E5400878,P002,236,2300,14,10
E5400878,P002,248,2300,1763988,10
E5400878,P002,259,2300,115,10
E5400878,P003,223,2300,18,10
E5400878,P003,236,2300,15,10
E5400878,P003,248,2300,692969,10
E5400878,P003,259,2300,112,10
E5400878,P010,223,2300,19,10
E5400878,P010,236,2300,13,10
E5400878,P010,248,2300,1424173,10
E5400878,P010,259,2300,99,10
E5400878,P001,923,2345,22,10
E5400878,P001,936,2345,15,10
E5400878,P002,923,2345,19,10
E5400878,P002,936,2345,14,10
E5400878,P003,923,2345,18,10
E5400878,P003,936,2345,15,10
E5400878,P010,923,2345,18,10
E5400878,P010,936,2345,13,10
E5400878,P010,911,2354,1,10
E5600850,PC01,223,2300,0,00
E5600850,PC01,224,2300,0,00
E5600850,PC01,236,2300,0,00
E5600850,PC01,226,2300,0,00
E5600850,PC01,248,2300,0,00
E5600850,PC01,259,2300,0,00
S2300438,P001,222,2300,0,10
S2300438,P001,223,2300,30,10
S2300438,P001,236,2300,5,10
S2300438,P001,248,2300,51962,10
S2300438,P001,259,2300,126,10
S2300429,P701,222,2300,0,00
S2300429,P701,223,2300,0,00
S2300429,P701,236,2300,0,00
S2300429,P701,248,2300,0,00
S2300429,P701,259,2300,0,00
S2300429,PF01,222,2300,20,10
S2300429,PF01,223,2300,30,10
S2300429,PF01,236,2300,5,10
S2300429,PF01,248,2300,273730,10
S2300429,PF01,259,2300,58,10
S1901066,P004,222,2300,230,10
S1901066,P004,223,2300,172,10
S1901066,P004,224,2300,1,10
S1901066,P004,236,2300,4,10
S1901066,P004,237,2300,11,10
S1901066,P004,248,2300,115281,10
S1901066,P004,259,2300,223,10
S2201109,P711,248,2300,7301,10
S2201109,P711,223,2300,24,10
S2201109,P711,236,2300,6,10
S2201109,P711,222,2300,5,10
S2201109,P711,259,2300,53,10
S2201109,P731,248,2300,4082,10
S2201109,P731,223,2300,41,10
S2201109,P731,236,2300,7,10
S2201109,P731,222,2300,15,10
S2201109,P731,259,2300,53,10
S2201109,P741,248,2300,4653,10
S2201109,P741,223,2300,50,10
S2201109,P741,236,2300,6,10
S2201109,P741,222,2300,22,10
S2201109,P741,259,2300,52,10
S2201109,P751,248,2300,4415,10
S2201109,P751,223,2300,48,10
S2201109,P751,236,2300,8,10
S2201109,P751,222,2300,12,10
S2201109,P751,259,2300,50,10
S1900569,P002,911,2324,0,00
S1900569,P012,911,2324,12,10
S1900569,P002,922,2315,0,00
S1900569,P012,922,2315,16,10
S1900569,P002,923,2315,0,00
S1900569,P012,923,2315,117,10
S1900569,P002,936,2315,0,00
S1900569,P012,936,2315,2,10
S1900569,P002,911,2330,0,00
S1900569,P012,911,2330,12,10
S1900569,P002,911,2336,0,00
S1900569,P012,911,2336,12,10
S1900569,P002,922,2330,0,00
S1900569,P012,922,2330,17,10
S1900569,P002,923,2330,0,00
S1900569,P012,923,2330,124,10
S1900569,P002,936,2330,0,00
S1900569,P012,936,2330,3,10
S1900569,P002,911,2342,0,00
S1900569,P012,911,2342,13,10
S1900569,P002,911,2348,0,00
S1900569,P012,911,2348,16,10
S1900569,P002,911,2354,0,00
S1900569,P012,911,2354,15,10
S1900569,P002,922,2345,0,00
S1900569,P012,922,2345,16,10
S1900569,P002,923,2345,0,00
S1900569,P012,923,2345,107,10
S1900569,P002,936,2345,0,00
S1900569,P012,936,2345,2,10
S1900569,P002,222,2300,0,00
S1900569,P012,222,2300,16,10
S1900569,P002,223,2300,0,00
S1900569,P012,223,2300,118,10
S1900569,P002,236,2300,0,00
S1900569,P012,236,2300,2,10
S1900569,P002,248,2300,0,00
S1900569,P012,248,2300,131981,10
S1900569,P002,259,2300,0,00
S1900569,P012,259,2300,78,10
S1900569,P002,911,1948,0,00
S1900569,P012,911,1948,16,10
S1900569,P002,911,1954,0,00
S1900569,P012,911,1954,16,10
S1900569,P002,922,1945,0,00
S1900569,P012,922,1945,14,10
S1900569,P002,923,1945,0,00
S1900569,P012,923,1945,124,10
S1900569,P002,936,1945,0,00
S1900569,P012,936,1945,3,10
S1900569,P002,222,1900,0,00
S1900569,P012,222,1900,14,10
S1900569,P002,223,1900,0,00
S1900569,P012,223,1900,127,10
S1900569,P002,236,1900,0,00
S1900569,P012,236,1900,4,10
S1900569,P002,248,1900,0,00
S1900569,P012,248,1900,103666,10
S1900569,P002,259,1900,0,00
S1900569,P012,259,1900,74,10
S1900569,P002,911,2000,0,00
S1900569,P012,911,2000,16,10
S1900569,P002,911,2006,0,00
S1900569,P012,911,2006,14,10
S1900569,P002,922,2000,0,00
S1900569,P012,922,2000,16,10
S1900569,P002,923,2000,0,00
S1900569,P012,923,2000,135,10
S1900569,P002,936,2000,0,00
S1900569,P012,936,2000,3,10
S1900569,P002,911,2012,0,00
S1900569,P012,911,2012,15,10
S1900569,P002,911,2018,0,00
S1900569,P012,911,2018,17,10
S1900569,P002,911,2024,0,00
S1900569,P012,911,2024,12,10
S1900569,P002,922,2015,0,00
S1900569,P012,922,2015,15,10
S1900569,P002,923,2015,0,00
S1900569,P012,923,2015,141,10
S1900569,P002,936,2015,0,00
S1900569,P012,936,2015,3,10
S1900569,P002,911,2030,0,00
S1900569,P012,911,2030,15,10
S1900569,P002,911,2036,0,00
S1900569,P012,911,2036,14,10
S1900569,P002,922,2030,0,00
S1900569,P012,922,2030,15,10
S1900569,P002,923,2030,0,00
S1900569,P012,923,2030,135,10
S1900569,P002,936,2030,0,00
S1900569,P012,936,2030,3,10
S1900569,P002,911,2042,0,00
S1900569,P012,911,2042,16,10
S1900569,P002,911,2048,0,00
S1900569,P012,911,2048,13,10
S1900569,P002,911,2054,0,00
S1900569,P012,911,2054,12,10
S1900569,P002,922,2045,0,00
S1900569,P012,922,2045,16,10
S1900569,P002,923,2045,0,00
S1900569,P012,923,2045,135,10
S1900569,P002,936,2045,0,00
S1900569,P012,936,2045,3,10
S1900569,P002,222,2000,0,00
S1900569,P012,222,2000,15,10
S1900569,P002,223,2000,0,00
S1900569,P012,223,2000,137,10
S1900569,P002,236,2000,0,00
S1900569,P012,236,2000,3,10
S1900569,P002,248,2000,0,00
S1900569,P012,248,2000,106298,10
S1900569,P002,259,2000,0,00
S1900569,P012,259,2000,75,10
S1900569,P002,911,2100,0,00
S1900569,P012,911,2100,17,10
S1900569,P002,911,2106,0,00
S1900569,P012,911,2106,14,10
S1900569,P002,922,2100,0,00
S1900569,P012,922,2100,15,10
S1900569,P002,923,2100,0,00
S1900569,P012,923,2100,137,10
S1900569,P002,936,2100,0,00
S1900569,P012,936,2100,3,10
S1900569,P002,911,2112,0,00
S1900569,P012,911,2112,15,10
S1900569,P002,911,2118,0,00
S1900569,P012,911,2118,12,10
S1900569,P002,911,2124,0,00
S1900569,P012,911,2124,14,10
S1900569,P002,922,2115,0,00
S1900569,P012,922,2115,15,10
S1900569,P002,923,2115,0,00
S1900569,P012,923,2115,149,10
S1900569,P002,936,2115,0,00
S1900569,P012,936,2115,3,10
S1900569,P002,911,2130,0,00
S1900569,P012,911,2130,15,10
S1900569,P002,911,2136,0,00
S1900569,P012,911,2136,15,10
S1900569,P002,922,2130,0,00
S1900569,P012,922,2130,17,10
S1900569,P002,923,2130,0,00
S1900569,P012,923,2130,113,10
S1900569,P002,936,2130,0,00
S1900569,P012,936,2130,2,10
S1900569,P002,911,2142,0,00
S1900569,P012,911,2142,14,10
S1900569,P002,911,2148,0,00
S1900569,P012,911,2148,14,10
S1900569,P002,911,2154,0,00
S1900569,P012,911,2154,13,10
S1900569,P002,922,2145,0,00
S1900569,P012,922,2145,18,10
S1900569,P002,923,2145,0,00
S1900569,P012,923,2145,99,10
S1900569,P002,936,2145,0,00
S1900569,P012,936,2145,2,10
S1900569,P002,222,2100,0,00
S1900569,P012,222,2100,17,10
S1900569,P002,223,2100,0,00
S1900569,P012,223,2100,124,10
S1900569,P002,236,2100,0,00
S1900569,P012,236,2100,2,10
S1900569,P002,248,2100,0,00
S1900569,P012,248,2100,127691,10
S1900569,P002,259,2100,0,00
S1900569,P012,259,2100,76,10
S1900569,P002,911,2200,0,00
S1900569,P012,911,2200,12,10
S1900569,P002,911,2206,0,00
S1900569,P012,911,2206,12,10
S1900569,P002,922,2200,0,00
S1900569,P012,922,2200,18,10
S1900569,P002,923,2200,0,00
S1900569,P012,923,2200,121,10
S1900569,P002,936,2200,0,00
S1900569,P012,936,2200,3,10
S1900569,P002,911,2212,0,00
S1900569,P012,911,2212,14,10
S1900569,P002,911,2218,0,00
S1900569,P012,911,2218,14,10
S1900569,P002,911,2224,0,00
S1900569,P012,911,2224,14,10
S1900569,P002,922,2215,0,00
S1900569,P012,922,2215,18,10
S1900569,P002,923,2215,0,00
S1900569,P012,923,2215,103,10
S1900569,P002,936,2215,0,00
S1900569,P012,936,2215,2,10
S1900569,P002,911,2230,0,00
S1900569,P012,911,2230,13,10
S1900569,P002,911,2236,0,00
S1900569,P012,911,2236,13,10
S1900569,P002,922,2230,0,00
S1900569,P012,922,2230,18,10
S1900569,P002,923,2230,0,00
S1900569,P012,923,2230,96,10
S1900569,P002,936,2230,0,00
S1900569,P012,936,2230,2,10
S1900569,P002,911,2242,0,00
S1900569,P012,911,2242,12,10
S1900569,P002,911,2248,0,00
S1900569,P012,911,2248,12,10
S1900569,P002,911,2254,0,00
S1900569,P012,911,2254,12,10
S1900569,P002,922,2245,0,00
S1900569,P012,922,2245,17,10
S1900569,P002,923,2245,0,00
S1900569,P012,923,2245,113,10
S1900569,P002,936,2245,0,00
S1900569,P012,936,2245,2,10
S1900569,P002,222,2200,0,00
S1900569,P012,222,2200,18,10
S1900569,P002,223,2200,0,00
S1900569,P012,223,2200,108,10
S1900569,P002,236,2200,0,00
S1900569,P012,236,2200,2,10
S1900569,P002,248,2200,0,00
S1900569,P012,248,2200,132967,10
S1900569,P002,259,2200,0,00
S1900569,P012,259,2200,78,10
S1900569,P002,911,2300,0,00
S1900569,P012,911,2300,12,10
S1900569,P002,911,2306,0,00
S1900569,P012,911,2306,12,10
S1900569,P002,922,2300,0,00
S1900569,P012,922,2300,16,10
S1900569,P002,923,2300,0,00
S1900569,P012,923,2300,125,10
S1900569,P002,936,2300,0,00
S1900569,P012,936,2300,3,10
S1900569,P002,911,2312,0,00
S1900569,P012,911,2312,12,10
S2001314,P004,911,1124,0,00
S2001314,P004,911,1130,0,00
S2001314,P004,923,1130,0,00
S2001314,P004,922,1130,0,00
S2001314,P004,936,1130,0,00
S2001314,P004,911,1136,0,00
S2001314,P004,911,1142,0,00
S2001314,P004,923,1145,0,00
S2001314,P004,922,1145,0,00
S2001314,P004,936,1145,0,00
S2001314,P004,911,1148,0,00
S2001314,P004,911,1154,0,00
S2001314,P004,911,1200,0,00
S2001314,P004,923,1200,0,00
S2001314,P004,922,1200,0,00
S2001314,P004,936,1200,0,00
S2001314,P004,248,1100,0,00
S2001314,P004,259,1100,0,00
S2001314,P004,223,1100,0,00
S2001314,P004,222,1100,0,00
S2001314,P004,236,1100,0,00
S2001314,P004,911,1206,0,00
S2001314,P004,911,1212,0,00
S2001314,P004,923,1215,0,00
S2001314,P004,922,1215,0,00
S2001314,P004,936,1215,0,00
S2001314,P004,911,1218,0,00
S2001314,P004,911,1224,0,00
S2001314,P004,911,1230,0,00
S2001314,P004,923,1230,0,00
S2001314,P004,922,1230,0,00
S2001314,P004,936,1230,0,00
S2001314,P004,911,1236,0,00
S2001314,P004,911,1242,0,00
S2001314,P004,923,1245,0,00
S2001314,P004,922,1245,0,00
S2001314,P004,936,1245,0,00
S2001314,P004,911,1248,0,00
S2001314,P004,911,1254,0,00
S2001314,P004,911,1300,0,00
S2001314,P004,923,1300,0,00
S2001314,P004,922,1300,0,00
S2001314,P004,936,1300,0,00
S2001314,P004,248,1200,0,00
S2001314,P004,259,1200,0,00
S2001314,P004,223,1200,0,00
S2001314,P004,222,1200,0,00
S2001314,P004,236,1200,0,00
S2001314,P004,911,1306,0,00
S2001314,P004,911,1312,0,00
S2001314,P004,923,1315,0,00
S2001314,P004,922,1315,0,00
S2001314,P004,936,1315,0,00
S2001314,P004,911,1318,0,00
S2001314,P004,911,1324,0,00
S2001314,P004,911,1330,0,00
S2001314,P004,923,1330,0,00
S2001314,P004,922,1330,0,00
S2001314,P004,936,1330,0,00
S2001314,P004,911,1336,0,00
S2001314,P004,911,1342,0,00
S2001314,P004,923,1345,0,00
S2001314,P004,922,1345,0,00
S2001314,P004,936,1345,0,00
S2001314,P004,911,1348,0,00
S2001314,P004,911,1354,0,00
S2001314,P004,911,1400,0,00
S2001314,P004,923,1400,0,00
S2001314,P004,922,1400,0,00
S2001314,P004,936,1400,0,00
S2001314,P004,248,1300,0,00
S2001314,P004,259,1300,0,00
S2001314,P004,223,1300,0,00
S2001314,P004,222,1300,0,00
S2001314,P004,236,1300,0,00
S2001314,P004,911,1406,0,00
S2001314,P004,911,1412,0,00
S2001314,P004,923,1415,0,00
S2001314,P004,922,1415,0,00
S2001314,P004,936,1415,0,00
E2000554,P003,911,1124,11,10
E2000554,P003,911,1130,10,10
E2000554,P003,923,1130,40,10
E2000554,P003,922,1130,13,10
E2000554,P003,936,1130,5,10
E2000554,P003,911,1136,17,10
E2000554,P003,911,1142,12,10
E2000554,P003,923,1145,40,10
E2000554,P003,922,1145,13,10
E2000554,P003,936,1145,5,10
E2000554,P003,911,1148,10,10
E2000554,P003,911,1154,10,10
E2000554,P003,911,1200,12,10
E2000554,P003,923,1200,37,10
E2000554,P003,922,1200,14,10
E2000554,P003,936,1200,5,10
E2000554,P003,248,1100,303393,10
E2000554,P003,259,1100,56,10
E2000554,P003,223,1100,38,10
E2000554,P003,222,1100,13,10
E2000554,P003,236,1100,5,10
E2000554,P003,911,1206,10,10
E2000554,P003,911,1212,13,10
E2000554,P003,923,1215,35,10
E2000554,P003,922,1215,14,10
E2000554,P003,936,1215,5,10
E2000554,P003,911,1218,11,10
E2000554,P003,911,1224,17,10
E2000554,P003,911,1230,11,10
E2000554,P003,923,1230,33,10
E2000554,P003,922,1230,14,10
E2000554,P003,936,1230,5,10
E2000554,P003,911,1236,11,10
E2000554,P003,911,1242,10,10
E2000554,P003,923,1245,39,10
E2000554,P003,922,1245,13,10
E2000554,P003,936,1245,5,10
E2000554,P003,911,1248,12,10
E2000554,P003,911,1254,11,10
E2000554,P003,911,1300,10,10
E2000554,P003,923,1300,36,10
E2000554,P003,922,1300,13,10
E2000554,P003,936,1300,5,10
E2000554,P003,248,1200,306025,10
E2000554,P003,259,1200,55,10
E2000554,P003,223,1200,36,10
E2000554,P003,222,1200,13,10
E2000554,P003,236,1200,5,10
E2000554,P003,911,1306,11,10
E2000554,P003,911,1312,17,10
E2000554,P003,923,1315,36,10
E2000554,P003,922,1315,13,10
E2000554,P003,936,1315,5,10
E2000554,P003,911,1318,11,10
E2000554,P003,911,1324,11,10
E2000554,P003,911,1330,11,10
E2000554,P003,923,1330,36,10
E2000554,P003,922,1330,14,10
E2000554,P003,936,1330,5,10
E2000554,P003,911,1336,12,10
E2000554,P003,911,1342,11,10
E2000554,P003,923,1345,37,10
E2000554,P003,922,1345,14,10
E2000554,P003,936,1345,5,10
E2000554,P003,911,1348,11,10
E2000554,P003,911,1354,11,10
E2000554,P003,911,1400,17,10
E2000554,P003,923,1400,37,10
E2000554,P003,922,1400,13,10
E2000554,P003,936,1400,5,10
E2000554,P003,248,1300,303707,10
E2000554,P003,259,1300,55,10
E2000554,P003,223,1300,37,10
E2000554,P003,222,1300,13,10
E2000554,P003,236,1300,5,10
E2000554,P003,911,1406,11,10
E2000554,P003,911,1412,11,10
E2000554,P003,923,1415,45,10
E2000554,P003,922,1415,13,10
E2000554,P003,936,1415,5,10
E2000554,P003,911,1418,11,10
S2001314,P004,911,1418,0,00
E2000554,P003,911,1424,13,10
S2001314,P004,911,1424,0,00
E2000554,P003,911,1430,11,10
E2000554,P003,923,1430,45,10
E2000554,P003,922,1430,13,10
E2000554,P003,936,1430,5,10
S2001314,P004,911,1430,0,00
S2001314,P004,923,1430,0,00
S2001314,P004,922,1430,0,00
S2001314,P004,936,1430,0,00
E2000554,P003,911,1436,12,10
S2001314,P004,911,1436,0,00
E2000554,P003,911,1442,12,10
S2001314,P004,911,1442,0,00
E2000554,P003,923,1445,34,10
E2000554,P003,922,1445,14,10
E2000554,P003,936,1445,5,10
S2001314,P004,923,1445,0,00
S2001314,P004,922,1445,0,00
S2001314,P004,936,1445,0,00
E2000554,P003,911,1448,17,10
S2001314,P004,911,1448,0,00
E2000554,P003,911,1454,15,10
S2001314,P004,911,1454,0,00
E2000554,P003,911,1500,12,10
E2000554,P003,923,1500,34,10
E2000554,P003,922,1500,14,10
E2000554,P003,936,1500,5,10
E2000554,P003,248,1400,303466,10
E2000554,P003,259,1400,55,10
E2000554,P003,223,1400,39,10
E2000554,P003,222,1400,13,10
E2000554,P003,236,1400,5,10
S2001314,P004,911,1500,0,00
S2001314,P004,923,1500,0,00
S2001314,P004,922,1500,0,00
S2001314,P004,936,1500,0,00
S2001314,P004,248,1400,0,00
S2001314,P004,259,1400,0,00
S2001314,P004,223,1400,0,00
S2001314,P004,222,1400,0,00
S2001314,P004,236,1400,0,00
E2000554,P003,911,1506,12,10
S2001314,P004,911,1506,0,00
E2000554,P003,911,1512,15,10
S2001314,P004,911,1512,0,00
E2000554,P003,923,1515,37,10
E2000554,P003,922,1515,14,10
E2000554,P003,936,1515,5,10
S2001314,P004,923,1515,0,00
S2001314,P004,922,1515,0,00
S2001314,P004,936,1515,0,00
E2000554,P003,911,1518,12,10
S2001314,P004,911,1518,0,00
E2000554,P003,911,1524,12,10
S2001314,P004,911,1524,0,00
E2000554,P003,911,1530,12,10
E2000554,P003,923,1530,41,10
E2000554,P003,922,1530,13,10
E2000554,P003,936,1530,5,10
S2001314,P004,911,1530,0,00
S2001314,P004,923,1530,0,00
S2001314,P004,922,1530,0,00
S2001314,P004,936,1530,0,00
E2000554,P003,911,1536,19,10
S2001314,P004,911,1536,0,00
E2000554,P003,911,1542,13,10
S2001314,P004,911,1542,0,00
E2000554,P003,923,1545,41,10
E2000554,P003,922,1545,13,10
E2000554,P003,936,1545,5,10
S2001314,P004,923,1545,0,00
S2001314,P004,922,1545,0,00
S2001314,P004,936,1545,0,00
E2000554,P003,911,1548,12,10
S2001314,P004,911,1548,0,00
E2000554,P003,911,1554,11,10
S2001314,P004,911,1554,0,00
E2000554,P003,911,1600,13,10
E2000554,P003,923,1600,39,10
E2000554,P003,922,1600,14,10
E2000554,P003,936,1600,5,10
E2000554,P003,248,1500,306811,10
E2000554,P003,259,1500,55,10
E2000554,P003,223,1500,39,10
E2000554,P003,222,1500,14,10
E2000554,P003,236,1500,5,10
S2001314,P004,911,1600,0,00
S2001314,P004,923,1600,0,00
S2001314,P004,922,1600,0,00
S2001314,P004,936,1600,0,00
S2001314,P004,248,1500,0,00
S2001314,P004,259,1500,0,00
S2001314,P004,223,1500,0,00
S2001314,P004,222,1500,0,00
S2001314,P004,236,1500,0,00
E2000554,P003,911,1606,12,10
S2001314,P004,911,1606,0,00
E2000554,P003,911,1612,13,10
S2001314,P004,911,1612,0,00
E2000554,P003,923,1615,40,10
E2000554,P003,922,1615,15,10
E2000554,P003,936,1615,5,10
S2001314,P004,923,1615,0,00
S2001314,P004,922,1615,0,00
S2001314,P004,936,1615,0,00
E2000554,P003,911,1618,12,10
S2001314,P004,911,1618,0,00
E2000554,P003,911,1624,19,10
S2001314,P004,911,1624,0,00
E2000554,P003,911,1630,13,10
E2000554,P003,923,1630,34,10
E2000554,P003,922,1630,15,10
E2000554,P003,936,1630,5,10
S2001314,P004,911,1630,0,00
S2001314,P004,923,1630,0,00
S2001314,P004,922,1630,0,00
S2001314,P004,936,1630,0,00
E2000554,P003,911,1636,11,10
S2001314,P004,911,1636,0,00
E2000554,P003,911,1642,13,10
S2001314,P004,911,1642,0,00
E2000554,P003,923,1645,45,10
E2000554,P003,922,1645,14,10
E2000554,P003,936,1645,5,10
S2001314,P004,923,1645,0,00
S2001314,P004,922,1645,0,00
S2001314,P004,936,1645,0,00
E2000554,P003,911,1648,14,10
S2001314,P004,911,1648,0,00
E2000554,P003,911,1654,13,10
S2001314,P004,911,1654,0,00
E2000554,P003,911,1700,12,10
E2000554,P003,923,1700,35,10
E2000554,P003,922,1700,14,10
E2000554,P003,936,1700,5,10
E2000554,P003,248,1600,306527,10
E2000554,P003,259,1600,55,10
E2000554,P003,223,1600,39,10
E2000554,P003,222,1600,14,10
E2000554,P003,236,1600,5,10
S2001314,P004,911,1700,0,00
S2001314,P004,923,1700,0,00
S2001314,P004,922,1700,0,00
S2001314,P004,936,1700,0,00
S2001314,P004,248,1600,0,00
S2001314,P004,259,1600,0,00
S2001314,P004,223,1600,0,00
S2001314,P004,222,1600,0,00
S2001314,P004,236,1600,0,00
E2000554,P003,911,1706,12,10
S2001314,P004,911,1706,0,00
E2000554,P003,911,1712,17,10
S2001314,P004,911,1712,0,00
E2000554,P003,923,1715,35,10
E2000554,P003,922,1715,15,10
E2000554,P003,936,1715,5,10
S2001314,P004,923,1715,0,00
S2001314,P004,922,1715,0,00
S2001314,P004,936,1715,0,00
E2000554,P003,911,1718,13,10
S2001314,P004,911,1718,0,00
E2000554,P003,911,1724,11,10
S2001314,P004,911,1724,0,00
E2000554,P003,911,1730,10,10
E2000554,P003,923,1730,30,10
E2000554,P003,922,1730,16,10
E2000554,P003,936,1730,5,10
S2001314,P004,911,1730,0,00
S2001314,P004,923,1730,0,00
S2001314,P004,922,1730,0,00
S2001314,P004,936,1730,0,00
E2000554,P003,911,1736,11,10
S2001314,P004,911,1736,0,00
E2000554,P003,911,1742,12,10
S2001314,P004,911,1742,0,00
E2000554,P003,923,1745,44,10
E2000554,P003,922,1745,14,10
E2000554,P003,936,1745,5,10
S2001314,P004,923,1745,0,00
S2001314,P004,922,1745,0,00
S2001314,P004,936,1745,0,00
E2000554,P003,911,1748,10,10
S2001314,P004,911,1748,0,00
E2000554,P003,911,1754,10,10
S2001314,P004,911,1754,0,00
E2000554,P003,911,1800,17,10
E2000554,P003,923,1800,32,10
E2000554,P003,922,1800,14,10
E2000554,P003,936,1800,5,10
E2000554,P003,248,1700,303102,10
E2000554,P003,259,1700,55,10
E2000554,P003,223,1700,36,10
E2000554,P003,222,1700,15,10
E2000554,P003,236,1700,5,10
S2001314,P004,911,1800,0,00
S2001314,P004,923,1800,0,00
S2001314,P004,922,1800,0,00
S2001314,P004,936,1800,0,00
S2001314,P004,248,1700,0,00
S2001314,P004,259,1700,0,00
S2001314,P004,223,1700,0,00
S2001314,P004,222,1700,0,00
S2001314,P004,236,1700,0,00
E2000554,P003,911,1806,11,10
S2001314,P004,911,1806,0,00
E2000554,P003,911,1812,10,10
S2001314,P004,911,1812,0,00
E2000554,P003,923,1815,31,10
E2000554,P003,922,1815,15,10
E2000554,P003,936,1815,5,10
S2001314,P004,923,1815,0,00
S2001314,P004,922,1815,0,00
S2001314,P004,936,1815,0,00
E2000554,P003,911,1818,10,10
S2001314,P004,911,1818,0,00
E2000554,P003,911,1824,12,10
S2001314,P004,911,1824,0,00
E2000554,P003,911,1830,10,10
E2000554,P003,923,1830,30,10
E2000554,P003,922,1830,16,10
E2000554,P003,936,1830,5,10
S2001314,P004,911,1830,0,00
S2001314,P004,923,1830,0,00
S2001314,P004,922,1830,0,00
S2001314,P004,936,1830,0,00
E2000554,P003,911,1836,10,10
S2001314,P004,911,1836,0,00
E2000554,P003,911,1842,10,10
S2001314,P004,911,1842,0,00
E2000554,P003,923,1845,29,10
E2000554,P003,922,1845,17,10
E2000554,P003,936,1845,5,10
S2001314,P004,923,1845,0,00
S2001314,P004,922,1845,0,00
S2001314,P004,936,1845,0,00
E2000554,P003,911,1848,15,10
S2001314,P004,911,1848,0,00
E2000554,P003,911,1854,10,10
S2001314,P004,911,1854,0,00
E2000554,P003,911,1900,9,10
E2000554,P003,923,1900,36,10
E2000554,P003,922,1900,16,10
E2000554,P003,936,1900,5,10
E2000554,P003,248,1800,303883,10
E2000554,P003,259,1800,55,10
E2000554,P003,223,1800,32,10
E2000554,P003,222,1800,16,10
E2000554,P003,236,1800,5,10
S2001314,P004,911,1900,0,00
S2001314,P004,923,1900,0,00
S2001314,P004,922,1900,0,00
S2001314,P004,936,1900,0,00
S2001314,P004,248,1800,0,00
S2001314,P004,259,1800,0,00
S2001314,P004,223,1800,0,00
S2001314,P004,222,1800,0,00
S2001314,P004,236,1800,0,00
E2000554,P003,911,1906,10,10
S2001314,P004,911,1906,0,00
E2000554,P003,911,1912,11,10
S2001314,P004,911,1912,0,00
E2000554,P003,923,1915,38,10
E2000554,P003,922,1915,15,10
E2000554,P003,936,1915,5,10
S2001314,P004,923,1915,0,00
S2001314,P004,922,1915,0,00
S2001314,P004,936,1915,0,00
E2000554,P003,911,1918,10,10
S2001314,P004,911,1918,0,00
E2000554,P003,911,1924,11,10
S2001314,P004,911,1924,0,00
E2000554,P003,911,1930,11,10
E2000554,P003,923,1930,37,10
E2000554,P003,922,1930,14,10
E2000554,P003,936,1930,5,10
S2001314,P004,911,1930,0,00
S2001314,P004,923,1930,0,00
S2001314,P004,922,1930,0,00
S2001314,P004,936,1930,0,00
E2000554,P003,911,1936,14,10
S2001314,P004,911,1936,0,00
E2000554,P003,911,1942,11,10
S2001314,P004,911,1942,0,00
E2000554,P003,923,1945,31,10
E2000554,P003,922,1945,15,10
E2000554,P003,936,1945,5,10
S2001314,P004,923,1945,0,00
S2001314,P004,922,1945,0,00
S2001314,P004,936,1945,0,00
E2000554,P003,911,1948,10,10
S2001314,P004,911,1948,0,00
E2000554,P003,911,1954,11,10
S2001314,P004,911,1954,0,00
E2000554,P003,911,2000,12,10
E2000554,P003,923,2000,33,10
E2000554,P003,922,2000,17,10
E2000554,P003,936,2000,5,10
E2000554,P003,248,1900,309758,10
E2000554,P003,259,1900,55,10
E2000554,P003,223,1900,35,10
E2000554,P003,222,1900,15,10
E2000554,P003,236,1900,5,10
S2001314,P004,911,2000,0,00
S2001314,P004,923,2000,0,00
S2001314,P004,922,2000,0,00
S2001314,P004,936,2000,0,00
S2001314,P004,248,1900,0,00
S2001314,P004,259,1900,0,00
S2001314,P004,223,1900,0,00
S2001314,P004,222,1900,0,00
S2001314,P004,236,1900,0,00
E2000554,P003,911,2006,9,10
S2001314,P004,911,2006,0,00
E2000554,P003,911,2012,10,10
S2001314,P004,911,2012,0,00
E2000554,P003,923,2015,30,10
E2000554,P003,922,2015,17,10
E2000554,P003,936,2015,5,10
S2001314,P004,923,2015,0,00
S2001314,P004,922,2015,0,00
S2001314,P004,936,2015,0,00
E2000554,P003,911,2018,9,10
S2001314,P004,911,2018,0,00
E2000554,P003,911,2024,14,10
S2001314,P004,911,2024,0,00
E2000554,P003,911,2030,10,10
E2000554,P003,923,2030,31,10
E2000554,P003,922,2030,15,10
E2000554,P003,936,2030,5,10
S2001314,P004,911,2030,0,00
S2001314,P004,923,2030,0,00
S2001314,P004,922,2030,0,00
S2001314,P004,936,2030,0,00
E2000554,P003,911,2036,10,10
S2001314,P004,911,2036,0,00
E2000554,P003,911,2042,11,10
S2001314,P004,911,2042,0,00
E2000554,P003,923,2045,31,10
E2000554,P003,922,2045,16,10
E2000554,P003,936,2045,5,10
S2001314,P004,923,2045,0,00
S2001314,P004,922,2045,0,00
S2001314,P004,936,2045,0,00
E2000554,P003,911,2048,11,10
S2001314,P004,911,2048,0,00
E2000554,P003,911,2054,12,10
S2001314,P004,911,2054,0,00
E2000554,P003,911,2100,11,10
E2000554,P003,923,2100,33,10
E2000554,P003,922,2100,16,10
E2000554,P003,936,2100,5,10
E2000554,P003,248,2000,307224,10
E2000554,P003,259,2000,55,10
E2000554,P003,223,2000,31,10
E2000554,P003,222,2000,16,10
E2000554,P003,236,2000,5,10
S2001314,P004,911,2100,0,00
S2001314,P004,923,2100,0,00
S2001314,P004,922,2100,0,00
S2001314,P004,936,2100,0,00
S2001314,P004,248,2000,0,00
S2001314,P004,259,2000,0,00
S2001314,P004,223,2000,0,00
S2001314,P004,222,2000,0,00
S2001314,P004,236,2000,0,00
E2000554,P003,911,2106,10,10
S2001314,P004,911,2106,0,00
E2000554,P003,911,2112,14,10
S2001314,P004,911,2112,0,00
E2000554,P003,923,2115,32,10
E2000554,P003,922,2115,16,10
E2000554,P003,936,2115,5,10
S2001314,P004,923,2115,0,00
S2001314,P004,922,2115,0,00
S2001314,P004,936,2115,0,00
E2000554,P003,911,2118,10,10
S2001314,P004,911,2118,0,00
E2000554,P003,911,2124,9,10
S2001314,P004,911,2124,0,00
E2000554,P003,911,2130,8,10
E2000554,P003,923,2130,30,10
E2000554,P003,922,2130,18,10
E2000554,P003,936,2130,5,10
S2001314,P004,911,2130,0,00
S2001314,P004,923,2130,0,00
S2001314,P004,922,2130,0,00
S2001314,P004,936,2130,0,00
E2000554,P003,911,2136,9,10
S2001314,P004,911,2136,0,00
E2000554,P003,911,2142,8,10
S2001314,P004,911,2142,0,00
E2000554,P003,923,2145,29,10
E2000554,P003,922,2145,17,10
E2000554,P003,936,2145,5,10
S2001314,P004,923,2145,0,00
S2001314,P004,922,2145,0,00
S2001314,P004,936,2145,0,00
E2000554,P003,911,2148,9,10
S2001314,P004,911,2148,0,00
E2000554,P003,911,2154,8,10
S2001314,P004,911,2154,0,00
E2000554,P003,911,2200,12,10
E2000554,P003,923,2200,31,10
E2000554,P003,922,2200,14,10
E2000554,P003,936,2200,5,10
E2000554,P003,248,2100,306193,10
E2000554,P003,259,2100,55,10
E2000554,P003,223,2100,30,10
E2000554,P003,222,2100,16,10
E2000554,P003,236,2100,5,10
S2001314,P004,911,2200,0,00
S2001314,P004,923,2200,0,00
S2001314,P004,922,2200,0,00
S2001314,P004,936,2200,0,00
S2001314,P004,248,2100,0,00
S2001314,P004,259,2100,0,00
S2001314,P004,223,2100,0,00
S2001314,P004,222,2100,0,00
S2001314,P004,236,2100,0,00
E2000554,P003,911,2206,9,10
S2001314,P004,911,2206,0,00
E2000554,P003,911,2212,8,10
S2001314,P004,911,2212,0,00
E2000554,P003,923,2215,32,10
E2000554,P003,922,2215,14,10
E2000554,P003,936,2215,5,10
S2001314,P004,923,2215,0,00
S2001314,P004,922,2215,0,00
S2001314,P004,936,2215,0,00
E2000554,P003,911,2218,9,10
S2001314,P004,911,2218,0,00
E2000554,P003,911,2224,9,10
S2001314,P004,911,2224,0,00
E2000554,P003,911,2230,8,10
E2000554,P003,923,2230,34,10
E2000554,P003,922,2230,14,10
E2000554,P003,936,2230,5,10
S2001314,P004,911,2230,0,00
S2001314,P004,923,2230,0,00
S2001314,P004,922,2230,0,00
S2001314,P004,936,2230,0,00
E2000554,P003,911,2236,9,10
S2001314,P004,911,2236,0,00
E2000554,P003,911,2242,9,10
S2001314,P004,911,2242,0,00
E2000554,P003,923,2245,30,10
E2000554,P003,922,2245,15,10
E2000554,P003,936,2245,5,10
S2001314,P004,923,2245,0,00
S2001314,P004,922,2245,0,00
S2001314,P004,936,2245,0,00
E2000554,P003,911,2248,12,10
S2001314,P004,911,2248,0,00
E2000554,P003,911,2254,9,10
S2001314,P004,911,2254,0,00
E2000554,P003,911,2300,9,10
E2000554,P003,923,2300,30,10
E2000554,P003,922,2300,16,10
E2000554,P003,936,2300,5,10
E2000554,P003,248,2200,307676,10
E2000554,P003,259,2200,55,10
E2000554,P003,223,2200,32,10
E2000554,P003,222,2200,15,10
E2000554,P003,236,2200,5,10
S2001314,P004,911,2300,0,00
S2001314,P004,923,2300,0,00
S2001314,P004,922,2300,0,00
S2001314,P004,936,2300,0,00
S2001314,P004,248,2200,0,00
S2001314,P004,259,2200,0,00
S2001314,P004,223,2200,0,00
S2001314,P004,222,2200,0,00
S2001314,P004,236,2200,0,00
E2000554,P003,911,2306,9,10
S2001314,P004,911,2306,0,00
E2000554,P003,911,2312,10,10
S2001314,P004,911,2312,0,00
E2000554,P003,923,2315,28,10
E2000554,P003,922,2315,15,10
E2000554,P003,936,2315,5,10
S2001314,P004,923,2315,0,00
S2001314,P004,922,2315,0,00
S2001314,P004,936,2315,0,00
E2000554,P003,911,2318,8,10
S2001314,P004,911,2318,0,00
E2000554,P003,911,2324,8,10
S2001314,P004,911,2324,0,00
E2000554,P003,911,2330,8,10
E2000554,P003,923,2330,32,10
E2000554,P003,922,2330,14,10
E2000554,P003,936,2330,5,10
S2001314,P004,911,2330,0,00
S2001314,P004,923,2330,0,00
S2001314,P004,922,2330,0,00
S2001314,P004,936,2330,0,00
E2000554,P003,911,2336,12,10
S2001314,P004,911,2336,0,00
E2000554,P003,911,2342,9,10
S2001314,P004,911,2342,0,00
E2000554,P003,923,2345,37,10
E2000554,P003,922,2345,14,10
E2000554,P003,936,2345,5,10
S2001314,P004,923,2345,0,00
S2001314,P004,922,2345,0,00
S2001314,P004,936,2345,0,00
E2000554,P003,911,2348,8,10
S2001314,P004,911,2348,0,00
E2000554,P003,911,2354,8,10
S2001314,P004,911,2354,0,00
E2000554,P003,248,2300,305561,10
E2000554,P003,259,2300,55,10
E2000554,P003,223,2300,34,10
E2000554,P003,222,2300,14,10
E2000554,P003,236,2300,5,10
S2001314,P004,911,0000,0,00
S2001314,P004,923,0000,0,00
S2001314,P004,922,0000,0,00
S2001314,P004,936,0000,0,00
S2001314,P004,248,2300,0,00
S2001314,P004,259,2300,0,00
S2001314,P004,223,2300,0,00
S2001314,P004,222,2300,0,00
S2001314,P004,236,2300,0,00
E5600798,P003,911,0842,6,10
E5600798,P003,911,0848,2,10
E5600798,P003,911,0854,1,10
E5600798,P003,911,0900,1,10
E5600798,P003,911,0906,1,10
E5600798,P003,911,0912,0,00
E5600798,P003,911,0918,0,00
E5600798,P003,911,0924,0,00
E5600798,P003,911,0930,0,00
E5600798,P003,911,0936,0,00
E5600798,P003,911,0942,0,00
E5600798,P003,911,0948,0,00
E5600798,P003,911,0954,0,00
E5600798,P003,911,1000,0,00
E5600798,P003,911,1006,0,00
E5600798,P003,911,1012,0,00
E5600798,P003,911,1018,0,00
E5600798,P003,911,1024,0,00
E5600798,P003,911,1030,0,00
E5600798,P003,911,1036,0,00
E5600798,P003,911,1042,0,00
E5600798,P003,911,1048,0,00
E5600798,P003,911,1054,0,00
E5600798,P003,911,1100,0,00
E5600798,P003,911,1106,0,00
E5600798,P003,911,1112,0,00
E5600798,P003,911,1118,0,00
E5600798,P003,911,1124,0,00
E5600798,P003,911,1130,0,00
E5600798,P003,911,1136,0,00
E5600798,P003,911,1142,0,00
E5600798,P003,911,1148,0,00
E5600798,P003,911,1154,0,00
E5600798,P003,911,1200,0,00
E5600798,P003,911,1206,0,00
E5600798,P003,911,1212,0,00
E5600798,P003,911,1218,0,00
E5600798,P003,911,1224,0,00
E5600798,P003,911,1230,0,00
E5600798,P003,911,1236,0,00
E5600798,P003,911,1242,0,00
E5600798,P003,911,1248,0,00
E5600798,P003,911,1254,0,00
E5600798,P003,911,1300,0,00
E5600798,P003,911,1306,0,00
E5600798,P003,911,1312,0,00
E5600798,P003,911,1318,0,00
E5600798,P003,911,1324,0,00
E5600798,P003,911,1330,0,00
E5600798,P003,911,1336,0,00
E5600798,P003,911,1342,0,00
E5600798,P003,911,1348,0,00
E5600798,P003,911,1354,0,00
E5600798,P003,911,1400,0,00
E5600798,P003,911,1406,0,00
E5600798,P003,911,1412,0,00
E5600798,P003,911,1418,0,00
E5600798,P003,911,1424,0,00
E5600798,P003,911,1430,0,00
E5600798,P003,911,1436,0,00
E5600798,P003,911,1442,0,00
E5600798,P003,911,1448,0,00
E5600798,P003,911,1454,0,00
E5600798,P003,911,1500,0,00
E5600798,P003,911,1506,0,00
E5600798,P003,911,1512,0,00
E5600798,P003,911,1518,0,00
E5600798,P003,911,1524,0,00
E5600798,P003,911,1530,0,00
E5600798,P003,911,1536,0,00
E5600798,P003,911,1542,0,00
E5600798,P003,911,1548,0,00
E5600798,P003,911,1554,0,00
E5600798,P003,911,1600,0,00
E5600798,P003,911,1606,0,00
E5600798,P003,911,1612,0,00
E5600798,P003,911,1618,0,00
E5600798,P003,911,1624,0,00
E5600798,P003,911,1630,0,00
E5600798,P003,911,1636,0,00
E5600798,P003,911,1642,0,00
E5600798,P003,911,1648,0,00
E5600798,P003,911,1654,0,00
E5600798,P003,911,1700,0,00
E5600798,P003,911,1706,0,00
E5600798,P003,911,1712,0,00
E5600798,P003,911,1718,0,00
E5600798,P003,911,1724,0,00
E5600798,P003,911,1730,0,00
E5600798,P003,911,1736,0,00
E5600798,P003,911,1742,0,00
E5600798,P003,911,1748,0,00
E5600798,P003,911,1754,0,00
E5600798,P003,911,1800,0,00
E5600798,P003,911,1806,0,00
E5600798,P003,911,1812,0,00
E5600798,P003,911,1818,0,00
E5600798,P003,911,1824,0,00
E5600798,P003,911,1830,0,00
E5600798,P003,911,1836,0,00
E5600798,P003,911,1842,0,00
E5600798,P003,911,1848,0,00
E5600798,P003,911,1854,0,00
E5600798,P003,911,1900,0,00
E5600798,P003,911,1906,0,00
E5600798,P003,911,1912,0,00
E5600798,P003,911,1918,0,00
E5600798,P003,911,1924,0,00
E5600798,P003,911,1930,0,00
E5600798,P003,911,1936,0,00
E5600798,P003,911,1942,0,00
E5600798,P003,911,1948,0,00
E5600798,P003,911,1954,0,00
E5600798,P003,911,2000,0,00
E5600798,P003,911,2006,0,00
E5600798,P003,911,2012,0,00
E5600798,P003,911,2018,0,00
E5600798,P003,911,2024,0,00
E5600798,P003,911,2030,0,00
E5600798,P003,911,2036,3,10
E5600798,P003,911,2042,5,10
E5600798,P003,911,2048,7,10
E5600798,P003,911,2054,12,11
E5600798,P003,911,2100,17,11
E5600798,P003,911,2106,23,11
E5600798,P003,911,2112,24,11
E5600798,P003,911,2118,24,11
E5600798,P003,911,2124,24,11
E5600798,P003,911,2130,23,11
E5600798,P003,911,2136,25,11
E5600798,P003,911,2142,25,11
E5600798,P003,911,2148,25,11
E5600798,P003,911,2154,25,11
E5600798,P003,911,2200,25,11
E5600798,P003,911,2206,25,11
E5600798,P003,911,2212,25,11
E5600798,P003,911,2218,25,11
E5600798,P003,911,2224,25,11
E5600798,P003,911,2230,25,11
E5600798,P003,911,2236,25,11
E5600798,P003,911,2242,25,11
E5600798,P003,911,2248,25,11
E5600798,P003,911,2254,25,11
E5600798,P003,911,2300,0,00
E5600798,P003,911,2306,25,11
E5600798,P003,911,2312,25,11
E5600798,P003,911,2318,25,11
E5600798,P003,911,2324,25,11
E5600798,P003,911,2330,25,11
E5600798,P003,911,2336,25,11
E5600798,P003,911,2342,25,11
E5600798,P003,911,2348,25,11
E5600798,P003,911,2354,25,11
S3200688,P001,911,1400,10,10
S3200688,P002,911,1400,11,10
S3200688,P003,911,1400,7,10
S3200688,P004,911,1400,7,10
S3200688,P001,911,1406,10,10
S3200688,P002,911,1406,11,10
S3200688,P003,911,1406,12,10
S3200688,P004,911,1406,7,10
S3200688,P001,922,1400,49,10
S3200688,P001,923,1400,58,10
S3200688,P001,936,1400,4,10
S3200688,P002,922,1400,47,10
S3200688,P002,923,1400,59,10
S3200688,P002,936,1400,5,10
S3200688,P003,922,1400,51,10
S3200688,P003,923,1400,55,10
S3200688,P003,936,1400,5,10
S3200688,P004,922,1400,47,10
S3200688,P004,923,1400,57,10
S3200688,P004,936,1400,5,10
S3200688,P504,923,1400,17,10
S3200688,P504,936,1400,14,10
S3200688,P604,923,1400,16,10
S3200688,P604,936,1400,15,10
S3200688,P704,923,1400,19,10
S3200688,P704,936,1400,15,10
S3200688,P804,923,1400,18,10
S3200688,P804,936,1400,15,10
S3200688,P904,923,1400,19,10
S3200688,P904,936,1400,15,10
S3200688,P001,911,1412,10,10
S3200688,P002,911,1412,11,10
S3200688,P003,911,1412,7,10
S3200688,P004,911,1412,7,10
S3200688,P001,911,1418,9,10
S3200688,P002,911,1418,11,10
S3200688,P003,911,1418,7,10
S3200688,P004,911,1418,7,10
S3200688,P001,922,1415,49,10
S3200688,P001,923,1415,59,10
S3200688,P001,936,1415,4,10
S3200688,P002,922,1415,48,10
S3200688,P002,923,1415,59,10
S3200688,P002,936,1415,5,10
S3200688,P003,922,1415,52,10
S3200688,P003,923,1415,56,10
S3200688,P003,936,1415,5,10
S3200688,P004,922,1415,48,10
S3200688,P004,923,1415,64,10
S3200688,P004,936,1415,5,10
S3200688,P504,923,1415,17,10
S3200688,P504,936,1415,14,10
S3200688,P604,923,1415,16,10
S3200688,P604,936,1415,15,10
S3200688,P704,923,1415,20,10
S3200688,P704,936,1415,15,10
S3200688,P804,923,1415,18,10
S3200688,P804,936,1415,15,10
S3200688,P904,923,1415,19,10
S3200688,P904,936,1415,15,10
S3200688,P001,911,1424,9,10
S3200688,P002,911,1424,11,10
S3200688,P003,911,1424,7,10
S3200688,P004,911,1424,11,10
S1601990,P001,911,1424,2,10
S1601990,P004,911,1424,3,10
S1601990,P049,911,1424,1,10
S3200688,P001,911,1430,9,10
S3200688,P002,911,1430,10,10
S3200688,P003,911,1430,7,10
S3200688,P004,911,1430,8,10
S1601990,P001,911,1430,3,10
S1601990,P004,911,1430,3,10
S1601990,P049,911,1430,1,10
S3200688,P001,911,1436,9,10
S3200688,P002,911,1436,10,10
S3200688,P003,911,1436,7,10
S3200688,P004,911,1436,7,10
S1601990,P001,911,1436,2,10
S1601990,P004,911,1436,3,10
S1601990,P049,911,1436,1,10
S3200688,P001,922,1430,49,10
S3200688,P001,923,1430,58,10
S3200688,P001,936,1430,4,10
S3200688,P002,922,1430,47,10
S3200688,P002,923,1430,57,10
S3200688,P002,936,1430,5,10
S3200688,P003,922,1430,53,10
S3200688,P003,923,1430,56,10
S3200688,P003,936,1430,5,10
S3200688,P004,922,1430,46,10
S3200688,P004,923,1430,61,10
S3200688,P004,936,1430,5,10
S3200688,P504,923,1430,16,10
S3200688,P504,936,1430,14,10
S3200688,P604,923,1430,16,10
S3200688,P604,936,1430,15,10
S3200688,P704,923,1430,19,10
S3200688,P704,936,1430,15,10
S3200688,P804,923,1430,18,10
S3200688,P804,936,1430,15,10
S3200688,P904,923,1430,19,10
S3200688,P904,936,1430,15,10
S3200688,P001,911,1442,9,10
S3200688,P002,911,1442,10,10
S3200688,P003,911,1442,7,10
S3200688,P004,911,1442,0,20
S3200688,P001,911,1448,9,10
S3200688,P002,911,1448,10,10
S3200688,P003,911,1448,7,10
S3200688,P004,911,1448,8,10
S1601990,P001,911,1448,2,10
S1601990,P004,911,1448,3,10
S1601990,P049,911,1448,2,10
S3200688,P001,222,1400,49,10
S3200688,P001,223,1400,58,10
S3200688,P001,236,1400,4,10
S3200688,P001,248,1400,1607359,10
S3200688,P001,259,1400,97,10
S3200688,P002,222,1400,47,10
S3200688,P002,223,1400,59,10
S3200688,P002,236,1400,5,10
S3200688,P002,248,1400,1491174,10
S3200688,P002,259,1400,91,10
S3200688,P003,222,1400,53,10
S3200688,P003,223,1400,55,10
S3200688,P003,236,1400,5,10
S3200688,P003,248,1400,2074162,10
S3200688,P003,259,1400,99,10
S3200688,P004,222,1400,47,10
S3200688,P004,223,1400,61,10
S3200688,P004,236,1400,5,10
S3200688,P004,248,1400,1989789,10
S3200688,P004,259,1400,101,10
S3200688,P504,223,1400,17,10
S3200688,P504,236,1400,14,10
S3200688,P504,248,1400,2187794,10
S3200688,P504,259,1400,103,10
S3200688,P604,223,1400,16,10
S3200688,P604,236,1400,15,10
S3200688,P604,248,1400,2635196,10
S3200688,P604,259,1400,109,10
S3200688,P704,223,1400,19,10
S3200688,P704,236,1400,15,10
S3200688,P704,248,1400,2662628,10
S3200688,P704,259,1400,109,10
S3200688,P804,223,1400,18,10
S3200688,P804,236,1400,15,10
S3200688,P804,248,1400,2815368,10
S3200688,P804,259,1400,111,10
S3200688,P904,223,1400,18,10
S3200688,P904,236,1400,15,10
S3200688,P904,248,1400,1301837,10
S3200688,P904,259,1400,114,10
S3200688,P001,922,1445,48,10
S3200688,P001,923,1445,58,10
S3200688,P001,936,1445,4,10
S3200688,P002,922,1445,46,10
S3200688,P002,923,1445,59,10
S3200688,P002,936,1445,5,10
S3200688,P003,922,1445,54,10
S3200688,P003,923,1445,55,10
S3200688,P003,936,1445,5,10
S3200688,P004,922,1445,46,10
S3200688,P004,923,1445,62,10
S3200688,P004,936,1445,5,10
S3200688,P504,923,1445,16,10
S3200688,P504,936,1445,14,10
S3200688,P604,923,1445,15,10
S3200688,P604,936,1445,15,10
S3200688,P704,923,1445,19,10
S3200688,P704,936,1445,15,10
S3200688,P804,923,1445,18,10
S3200688,P804,936,1445,15,10
S3200688,P904,923,1445,18,10
S3200688,P904,936,1445,15,10
S3200688,P001,911,1454,9,10
S3200688,P002,911,1454,10,10
S3200688,P003,911,1454,7,10
S3200688,P004,911,1454,8,10
S1601990,P001,911,1454,2,10
S1601990,P004,911,1454,3,10
S1601990,P049,911,1454,2,10
S1601990,P001,911,1500,3,10
S1601990,P004,911,1500,3,10
S1601990,P049,911,1500,1,10
S1601990,P001,911,1506,3,10
S1601990,P004,911,1506,3,10
S1601990,P049,911,1506,1,10
S1601990,P001,911,1518,2,10
S1601990,P004,911,1518,3,10
S1601990,P049,911,1518,1,10
S2005081,P401,911,1524,12,10
S1601990,P001,911,1524,3,10
S1601990,P004,911,1524,2,10
S1601990,P049,911,1524,1,10
S2005081,P401,911,1530,10,10
S2005081,P401,923,1530,64,10
S2005081,P401,922,1530,20,10
S2005081,P401,936,1530,6,10
S1601990,P001,911,1530,3,10
S1601990,P004,911,1530,2,10
S1601990,P049,911,1530,1,10
S2005081,P401,911,1536,9,10
S1601990,P001,911,1536,3,10
S1601990,P004,911,1536,3,10
S1601990,P049,911,1536,1,10
S2005081,P401,911,1542,12,10
S2005081,P401,923,1545,64,10
S2005081,P401,922,1545,16,10
S2005081,P401,936,1545,6,10
S2005081,P401,911,1548,8,10
S1601990,P001,911,1548,3,10
S1601990,P004,911,1548,3,10
S1601990,P049,911,1548,1,10
S2005081,P401,911,1554,13,10
S1601990,P001,911,1554,3,10
S1601990,P004,911,1554,3,10
S1601990,P049,911,1554,1,10
S2005081,P401,911,1600,7,10
S2005081,P401,923,1600,65,10
S2005081,P401,922,1600,14,10
S2005081,P401,936,1600,6,10
S2005081,P401,248,1500,182934,10
S2005081,P401,259,1500,55,10
S2005081,P401,223,1500,65,10
S2005081,P401,222,1500,18,10
S2005081,P401,236,1500,6,10
S1601990,P001,911,1600,2,10
S1601990,P004,911,1600,3,10
S1601990,P049,911,1600,1,10
S2005081,P401,911,1606,12,10
S1601990,P001,911,1606,1,10
S1601990,P004,911,1606,2,10
S1601990,P049,911,1606,1,10
S2005081,P401,911,1612,7,10
S2005081,P401,923,1615,59,10
S2005081,P401,922,1615,14,10
S2005081,P401,936,1615,6,10
S1601990,P001,911,1612,1,10
S1601990,P004,911,1612,1,10
S1601990,P049,911,1612,1,10
S2005081,P401,911,1618,12,10
S1601990,P001,911,1618,2,10
S1601990,P004,911,1618,1,10
S1601990,P049,911,1618,1,10
S1601990,P001,911,1624,2,10
S1601990,P004,911,1624,2,10
S1601990,P049,911,1624,1,10
S2005081,P401,911,1630,8,10
S2005081,P401,923,1630,67,10
S2005081,P401,922,1630,15,10
S2005081,P401,936,1630,6,10
S1601990,P001,911,1630,2,10
S1601990,P004,911,1630,3,10
S1601990,P049,911,1630,2,10
S2005081,P401,911,1636,11,10
S1601990,P001,911,1636,1,10
S1601990,P004,911,1636,3,10
S1601990,P049,911,1636,2,10
S2005081,P401,911,1642,8,10
S2005081,P401,923,1645,64,10
S2005081,P401,922,1645,14,10
S2005081,P401,936,1645,6,10
S2005081,P401,911,1648,10,10
S1601990,P001,911,1648,2,10
S1601990,P004,911,1648,3,10
S1601990,P049,911,1648,2,10
S2005081,P401,911,1654,8,10
S1601990,P001,911,1654,2,10
S1601990,P004,911,1654,3,10
S1601990,P049,911,1654,2,10
S2005081,P401,911,1700,11,10
S2005081,P401,923,1700,63,10
S2005081,P401,922,1700,14,10
S2005081,P401,936,1700,7,10
S2005081,P401,248,1600,182872,10
S2005081,P401,259,1600,55,10
S2005081,P401,223,1600,63,10
S2005081,P401,222,1600,14,10
S2005081,P401,236,1600,6,10
S1601990,P001,911,1700,2,10
S1601990,P004,911,1700,3,10
S1601990,P049,911,1700,1,10
S2005081,P401,911,1706,8,10
S1601990,P001,911,1706,2,10
S1601990,P004,911,1706,3,10
S1601990,P049,911,1706,1,10
S2005081,P401,911,1712,9,10
S2005081,P401,923,1715,68,10
S2005081,P401,922,1715,14,10
S2005081,P401,936,1715,6,10
S1601990,P001,911,1718,3,10
S1601990,P004,911,1718,3,10
S1601990,P049,911,1718,1,10
S2005081,P401,911,1724,7,10
S1601990,P001,911,1724,4,10
S1601990,P004,911,1724,4,10
S1601990,P049,911,1724,1,10
S2005081,P401,911,1730,11,10
S2005081,P401,923,1730,63,10
S2005081,P401,922,1730,14,10
S2005081,P401,936,1730,6,10
S1601990,P001,911,1730,5,10
S1601990,P004,911,1730,4,10
S1601990,P049,911,1730,1,10
S2005081,P401,911,1736,7,10
S1601990,P001,911,1736,4,10
S1601990,P004,911,1736,4,10
S1601990,P049,911,1736,1,10
S2005081,P401,911,1742,16,10
S2005081,P401,923,1745,69,10
S2005081,P401,922,1745,14,10
S2005081,P401,936,1745,6,10
S2005081,P401,911,1748,21,11
S1601990,P001,911,1748,4,10
S1601990,P004,911,1748,4,10
S1601990,P049,911,1748,2,10
S2005081,P401,911,1754,11,10
S1601990,P001,911,1754,4,10
S1601990,P004,911,1754,4,10
S1601990,P049,911,1754,2,10
S2005081,P401,911,1800,7,10
S2005081,P401,923,1800,66,10
S2005081,P401,922,1800,14,10
S2005081,P401,936,1800,6,10
S2005081,P401,248,1700,182617,10
S2005081,P401,259,1700,55,10
S2005081,P401,223,1700,66,10
S2005081,P401,222,1700,14,10
S2005081,P401,236,1700,6,10
S1601990,P001,911,1800,4,10
S1601990,P004,911,1800,4,10
S1601990,P049,911,1800,2,10
S2005081,P401,911,1806,10,10
S1601990,P001,911,1806,4,10
S1601990,P004,911,1806,4,10
S1601990,P049,911,1806,2,10
S2005081,P401,911,1812,6,10
S2005081,P401,923,1815,81,11
S2005081,P401,922,1815,13,10
S2005081,P401,936,1815,6,10
S1601990,P001,911,1812,5,10
S1601990,P004,911,1812,4,10
S1601990,P049,911,1812,2,10
S2005081,P401,911,1818,8,10
S1601990,P001,911,1818,5,10
S1601990,P004,911,1818,3,10
S1601990,P049,911,1818,2,10
S2005081,P401,911,1824,7,10
S1601990,P001,911,1824,4,10
S1601990,P004,911,1824,3,10
S1601990,P049,911,1824,2,10
S2005081,P401,911,1830,6,10
S2005081,P401,923,1830,81,11
S2005081,P401,922,1830,12,10
S2005081,P401,936,1830,7,10
S1601990,P001,911,1830,4,10
S1601990,P004,911,1830,3,10
S1601990,P049,911,1830,2,10
S2005081,P401,911,1836,9,10
S1900569,P002,911,1830,0,00
S1900569,P012,911,1830,13,10
S1601990,P001,911,1836,4,10
S1601990,P004,911,1836,4,10
S1601990,P049,911,1836,2,10
S2005081,P401,911,1842,6,10
S2005081,P401,923,1845,86,11
S2005081,P401,922,1845,12,10
S2005081,P401,936,1845,7,10
S2005081,P401,911,1848,9,10
S1601990,P001,911,1848,4,10
S1601990,P004,911,1848,4,10
S1601990,P049,911,1848,2,10
S2005081,P401,911,1854,7,10
S1601990,P001,911,1854,5,10
S1601990,P004,911,1854,4,10
S1601990,P049,911,1854,2,10
S2005081,P401,911,1900,9,10
S2005081,P401,923,1900,84,11
S2005081,P401,922,1900,12,10
S2005081,P401,936,1900,7,10
S2005081,P401,248,1800,183290,10
S2005081,P401,259,1800,55,10
S2005081,P401,223,1800,83,11
S2005081,P401,222,1800,12,10
S2005081,P401,236,1800,7,10
S1601990,P001,911,1900,5,10
S1601990,P004,911,1900,3,10
S1601990,P049,911,1900,2,10
S2005081,P401,911,1906,6,10
S1601990,P001,911,1906,5,10
S1601990,P004,911,1906,3,10
S1601990,P049,911,1906,2,10
S2005081,P401,911,1912,9,10
S2005081,P401,911,1918,6,10
S1601990,P001,911,1918,5,10
S1601990,P004,911,1918,3,10
S1601990,P049,911,1918,2,10
S2005081,P401,911,1924,9,10
S1601990,P001,911,1924,5,10
S1601990,P004,911,1924,3,10
S1601990,P049,911,1924,2,10
S2005081,P401,911,1930,6,10
S2005081,P401,923,1930,71,10
S2005081,P401,922,1930,12,10
S2005081,P401,936,1930,6,10
S1601990,P001,911,1930,5,10
S1601990,P004,911,1930,3,10
S1601990,P049,911,1930,2,10
S2005081,P401,911,1936,8,10
S1601990,P001,911,1936,4,10
S1601990,P004,911,1936,3,10
S1601990,P049,911,1936,2,10
S2005081,P401,911,1942,9,10
S2005081,P401,923,1945,71,10
S2005081,P401,922,1945,12,10
S2005081,P401,936,1945,6,10
S2005081,P401,911,1948,7,10
S1601990,P001,911,1948,4,10
S1601990,P004,911,1948,3,10
S1601990,P049,911,1948,2,10
S2005081,P401,911,1954,10,10
S1601990,P001,911,1954,4,10
S1601990,P004,911,1954,4,10
S1601990,P049,911,1954,2,10
S2005081,P401,911,2000,7,10
S2005081,P401,923,2000,70,10
S2005081,P401,922,2000,11,10
S2005081,P401,936,2000,7,10
S2005081,P401,248,1900,185855,10
S2005081,P401,259,1900,54,10
S2005081,P401,223,1900,71,10
S2005081,P401,222,1900,11,10
S2005081,P401,236,1900,6,10
S1601990,P001,911,2000,4,10
S1601990,P004,911,2000,4,10
S1601990,P049,911,2000,2,10
S2005081,P401,911,2006,18,10
S1601990,P001,911,2006,5,10
S1601990,P004,911,2006,4,10
S1601990,P049,911,2006,2,10
S2005081,P401,911,2012,21,11
S2005081,P401,923,2015,79,10
S2005081,P401,922,2015,11,10
S2005081,P401,936,2015,7,10
S2005081,P401,911,2018,17,10
S1601990,P001,911,2018,4,10
S1601990,P004,911,2018,4,10
S1601990,P049,911,2018,1,10
S2005081,P401,911,2024,19,10
S1601990,P001,911,2024,4,10
S1601990,P004,911,2024,4,10
S1601990,P049,911,2024,2,10
S2005081,P401,911,2030,20,11
S2005081,P401,923,2030,76,10
S2005081,P401,922,2030,10,10
S2005081,P401,936,2030,7,10
S2005081,P401,911,2036,11,10
S2005081,P401,911,2042,11,10
S2005081,P401,923,2045,65,10
S2005081,P401,922,2045,8,10
S2005081,P401,936,2045,7,10
S1601990,P001,911,2042,5,10
S1601990,P004,911,2042,4,10
S1601990,P049,911,2042,2,10
S2005081,P401,911,2048,12,10
S1601990,P001,911,2048,5,10
S1601990,P004,911,2048,4,10
S1601990,P049,911,2048,2,10
S1601990,P001,911,2054,4,10
S1601990,P004,911,2054,4,10
S1601990,P049,911,2054,2,10
S2005081,P401,911,2100,0,32
S2005081,P401,923,2100,57,10
S2005081,P401,922,2100,10,10
S2005081,P401,936,2100,6,10
S2005081,P401,248,2000,185762,10
S2005081,P401,259,2000,54,10
S2005081,P401,223,2000,69,10
S2005081,P401,222,2000,10,10
S2005081,P401,236,2000,7,10
S1601990,P001,911,2100,4,10
S1601990,P004,911,2100,4,10
S1601990,P049,911,2100,2,10
S2005081,P401,911,2106,0,32
S1601990,P001,911,2106,4,10
S1601990,P004,911,2106,4,10
S1601990,P049,911,2106,1,10
S2005081,P401,911,2112,0,32
S2005081,P401,923,2115,61,10
S2005081,P401,922,2115,10,10
S2005081,P401,936,2115,7,10
S2005081,P401,911,2118,0,32
S1601990,P001,911,2118,5,10
S1601990,P004,911,2118,3,10
S1601990,P049,911,2118,1,10
S2005081,P401,911,2124,10,10
S1601990,P001,911,2124,4,10
S1601990,P004,911,2124,4,10
S1601990,P049,911,2124,1,10
S2005081,P401,911,2130,10,10
S2005081,P401,923,2130,54,10
S2005081,P401,922,2130,11,10
S2005081,P401,936,2130,6,10
S1601990,P001,911,2130,4,10
S1601990,P004,911,2130,4,10
S1601990,P049,911,2130,1,10
S2005081,P401,911,2136,7,10
S1601990,P001,911,2136,4,10
S1601990,P004,911,2136,4,10
S1601990,P049,911,2136,2,10
S2005081,P401,911,2142,7,10
S2005081,P401,911,2148,12,10
S1601990,P001,911,2148,3,10
S1601990,P004,911,2148,4,10
S1601990,P049,911,2148,2,10
S2005081,P401,911,2154,8,10
S1601990,P001,911,2154,4,10
S1601990,P004,911,2154,4,10
S1601990,P049,911,2154,2,10
S2005081,P401,911,2200,8,10
S2005081,P401,923,2200,59,10
S2005081,P401,922,2200,11,10
S2005081,P401,936,2200,7,10
S2005081,P401,248,2100,184677,10
S2005081,P401,259,2100,55,10
S2005081,P401,223,2100,58,10
S2005081,P401,222,2100,11,10
S2005081,P401,236,2100,7,10
S1601990,P001,911,2200,4,10
S1601990,P004,911,2200,5,10
S1601990,P049,911,2200,2,10
S2005081,P401,911,2206,11,10
S1601990,P001,911,2206,4,10
S1601990,P004,911,2206,5,10
S1601990,P049,911,2206,2,10
S2005081,P401,911,2212,0,32
S2005081,P401,923,2215,58,10
S2005081,P401,922,2215,11,10
S2005081,P401,936,2215,7,10
S1601990,P001,911,2218,4,10
S1601990,P004,911,2218,5,10
S1601990,P049,911,2218,2,10
S2005081,P401,911,2224,15,10
S1601990,P001,911,2224,4,10
S1601990,P004,911,2224,4,10
S1601990,P049,911,2224,2,10
S2005081,P401,911,2230,12,10
S2005081,P401,923,2230,63,10
S2005081,P401,922,2230,11,10
S2005081,P401,936,2230,7,10
S1601990,P001,911,2230,4,10
S1601990,P004,911,2230,4,10
S1601990,P049,911,2230,2,10
S2005081,P401,911,2236,10,10
S1601990,P001,911,2236,4,10
S1601990,P004,911,2236,4,10
S1601990,P049,911,2236,2,10
S2005081,P401,911,2242,15,10
S2005081,P401,923,2245,57,10
S2005081,P401,922,2245,11,10
S2005081,P401,936,2245,7,10
S2005081,P401,911,2248,11,10
S1601990,P001,911,2248,5,10
S1601990,P004,911,2248,4,10
S1601990,P049,911,2248,2,10
S2005081,P401,911,2254,10,10
S1601990,P001,911,2254,4,10
S1601990,P004,911,2254,4,10
S1601990,P049,911,2254,2,10
S2005081,P401,911,2300,13,10
S2005081,P401,923,2300,58,10
S2005081,P401,922,2300,12,10
S2005081,P401,936,2300,6,10
S2005081,P401,248,2200,184051,10
S2005081,P401,259,2200,54,10
S2005081,P401,223,2200,59,10
S2005081,P401,222,2200,11,10
S2005081,P401,236,2200,7,10
S1601990,P001,911,2300,4,10
S1601990,P004,911,2300,5,10
S1601990,P049,911,2300,2,10
S2005081,P401,911,2306,0,32
S1601990,P001,911,2306,5,10
S1601990,P004,911,2306,4,10
S1601990,P049,911,2306,2,10
S2005081,P401,911,2312,0,32
S2005081,P401,923,2315,51,10
S2005081,P401,922,2315,12,10
S2005081,P401,936,2315,6,10
S1601990,P001,911,2312,4,10
S1601990,P004,911,2312,4,10
S1601990,P049,911,2312,2,10
S2005081,P401,911,2318,11,10
S1601990,P001,911,2318,5,10
S1601990,P004,911,2318,5,10
S1601990,P049,911,2318,2,10
S2005081,P401,911,2324,13,10
S1900569,P002,911,2318,0,00
S1900569,P012,911,2318,12,10
S1601990,P001,911,2324,4,10
S1601990,P004,911,2324,5,10
S1601990,P049,911,2324,2,10
S2005081,P401,911,2330,9,10
S2005081,P401,923,2330,58,10
S2005081,P401,922,2330,12,10
S2005081,P401,936,2330,6,10
S1601990,P001,911,2330,4,10
S1601990,P004,911,2330,5,10
S1601990,P049,911,2330,2,10
S2005081,P401,911,2336,9,10
S1601990,P001,911,2336,4,10
S1601990,P004,911,2336,5,10
S1601990,P049,911,2336,2,10
S2005081,P401,911,2342,13,10
S2005081,P401,923,2345,58,10
S2005081,P401,922,2345,12,10
S2005081,P401,936,2345,7,10
S2005081,P401,911,2348,9,10
S1601990,P001,911,2348,4,10
S1601990,P004,911,2348,5,10
S1601990,P049,911,2348,2,10
S2005081,P401,911,2354,9,10
S2005081,P401,911,0000,12,10
S2005081,P401,923,0000,55,10
S2005081,P401,922,0000,13,10
S2005081,P401,936,0000,6,10
S2005081,P401,248,2300,182806,10
S2005081,P401,259,2300,54,10
S2005081,P401,223,2300,55,10
S2005081,P401,222,2300,12,10
S2005081,P401,236,2300,6,10
S1601990,P001,911,2354,4,10
S1601990,P004,911,2354,5,10
S1601990,P049,911,2354,2,10
S3200688,P001,911,1506,9,10
S3200688,P002,911,1506,10,10
S3200688,P003,911,1506,11,10
S3200688,P004,911,1506,8,10
S3200688,P001,922,1500,48,10
S3200688,P001,923,1500,57,10
S3200688,P001,936,1500,4,10
S3200688,P002,922,1500,49,10
S3200688,P002,923,1500,59,10
S3200688,P002,936,1500,5,10
S3200688,P003,922,1500,53,10
S3200688,P003,923,1500,56,10
S3200688,P003,936,1500,5,10
S3200688,P004,922,1500,47,10
S3200688,P004,923,1500,63,10
S3200688,P004,936,1500,5,10
S3200688,P504,923,1500,15,10
S3200688,P504,936,1500,14,10
S3200688,P604,923,1500,15,10
S3200688,P604,936,1500,15,10
S3200688,P704,923,1500,18,10
S3200688,P704,936,1500,15,10
S3200688,P804,923,1500,17,10
S3200688,P804,936,1500,15,10
S3200688,P904,923,1500,18,10
S3200688,P904,936,1500,15,10
S3200688,P001,911,1512,9,10
S3200688,P002,911,1512,10,10
S3200688,P003,911,1512,7,10
S3200688,P004,911,1512,8,10
S3200688,P001,911,1518,9,10
S3200688,P002,911,1518,10,10
S3200688,P003,911,1518,7,10
S3200688,P004,911,1518,8,10
S3200688,P001,922,1515,48,10
S3200688,P001,923,1515,57,10
S3200688,P001,936,1515,4,10
S3200688,P002,922,1515,52,10
S3200688,P002,923,1515,59,10
S3200688,P002,936,1515,5,10
S3200688,P003,922,1515,53,10
S3200688,P003,923,1515,56,10
S3200688,P003,936,1515,5,10
S3200688,P004,922,1515,49,10
S3200688,P004,923,1515,66,10
S3200688,P004,936,1515,5,10
S3200688,P504,923,1515,15,10
S3200688,P504,936,1515,14,10
S3200688,P604,923,1515,15,10
S3200688,P604,936,1515,15,10
S3200688,P704,923,1515,18,10
S3200688,P704,936,1515,15,10
S3200688,P804,923,1515,17,10
S3200688,P804,936,1515,15,10
S3200688,P904,923,1515,17,10
S3200688,P904,936,1515,14,10
S3200688,P001,911,1524,9,10
S3200688,P002,911,1524,10,10
S3200688,P003,911,1524,7,10
S3200688,P004,911,1524,13,10
S3200688,P001,911,1530,9,10
S3200688,P002,911,1530,10,10
S3200688,P003,911,1530,7,10
S3200688,P004,911,1530,8,10
S3200688,P001,911,1536,9,10
S3200688,P002,911,1536,10,10
S3200688,P003,911,1536,7,10
S3200688,P004,911,1536,9,10
S3200688,P001,922,1530,47,10
S3200688,P001,923,1530,57,10
S3200688,P001,936,1530,4,10
S3200688,P002,922,1530,51,10
S3200688,P002,923,1530,61,10
S3200688,P002,936,1530,5,10
S3200688,P003,922,1530,51,10
S3200688,P003,923,1530,56,10
S3200688,P003,936,1530,5,10
S3200688,P004,922,1530,49,10
S3200688,P004,923,1530,60,10
S3200688,P004,936,1530,5,10
S3200688,P504,923,1530,15,10
S3200688,P504,936,1530,14,10
S3200688,P604,923,1530,16,10
S3200688,P604,936,1530,15,10
S3200688,P704,923,1530,19,10
S3200688,P704,936,1530,15,10
S3200688,P804,923,1530,17,10
S3200688,P804,936,1530,15,10
S3200688,P904,923,1530,17,10
S3200688,P904,936,1530,14,10
S3200688,P001,911,1542,9,10
S3200688,P002,911,1542,10,10
S3200688,P003,911,1542,7,10
S3200688,P004,911,1542,8,10
S3200688,P001,911,1548,9,10
S3200688,P002,911,1548,10,10
S3200688,P003,911,1548,7,10
S3200688,P004,911,1548,9,10
S3200688,P001,222,1500,47,10
S3200688,P001,223,1500,57,10
S3200688,P001,236,1500,4,10
S3200688,P001,248,1500,1625781,10
S3200688,P001,259,1500,95,10
S3200688,P002,222,1500,50,10
S3200688,P002,223,1500,59,10
S3200688,P002,236,1500,5,10
S3200688,P002,248,1500,1503066,10
S3200688,P002,259,1500,89,10
S3200688,P003,222,1500,52,10
S3200688,P003,223,1500,56,10
S3200688,P003,236,1500,5,10
S3200688,P003,248,1500,2083079,10
S3200688,P003,259,1500,98,10
S3200688,P004,222,1500,49,10
S3200688,P004,223,1500,62,10
S3200688,P004,236,1500,5,10
S3200688,P004,248,1500,1948627,10
S3200688,P004,259,1500,99,10
S3200688,P504,223,1500,15,10
S3200688,P504,236,1500,14,10
S3200688,P504,248,1500,2117024,10
S3200688,P504,259,1500,102,10
S3200688,P604,223,1500,15,10
S3200688,P604,236,1500,15,10
S3200688,P604,248,1500,2655457,10
S3200688,P604,259,1500,109,10
S3200688,P704,223,1500,18,10
S3200688,P704,236,1500,15,10
S3200688,P704,248,1500,2679913,10
S3200688,P704,259,1500,109,10
S3200688,P804,223,1500,17,10
S3200688,P804,236,1500,15,10
S3200688,P804,248,1500,3111087,10
S3200688,P804,259,1500,111,10
S3200688,P904,223,1500,17,10
S3200688,P904,236,1500,14,10
S3200688,P904,248,1500,1461047,10
S3200688,P904,259,1500,106,10
S3200688,P001,922,1545,47,10
S3200688,P001,923,1545,57,10
S3200688,P001,936,1545,4,10
S3200688,P002,922,1545,50,10
S3200688,P002,923,1545,58,10
S3200688,P002,936,1545,5,10
S3200688,P003,922,1545,51,10
S3200688,P003,923,1545,55,10
S3200688,P003,936,1545,5,10
S3200688,P004,922,1545,49,10
S3200688,P004,923,1545,61,10
S3200688,P004,936,1545,5,10
S3200688,P504,923,1545,15,10
S3200688,P504,936,1545,14,10
S3200688,P604,923,1545,16,10
S3200688,P604,936,1545,15,10
S3200688,P704,923,1545,19,10
S3200688,P704,936,1545,15,10
S3200688,P804,923,1545,17,10
S3200688,P804,936,1545,15,10
S3200688,P904,923,1545,18,10
S3200688,P904,936,1545,15,10
S3200688,P001,911,1554,9,10
S3200688,P002,911,1554,10,10
S3200688,P003,911,1554,7,10
S3200688,P004,911,1554,9,10
S3200688,P001,911,1600,9,10
S3200688,P002,911,1600,10,10
S3200688,P003,911,1600,7,10
S3200688,P004,911,1600,8,10
S3200688,P001,911,1606,9,10
S3200688,P002,911,1606,10,10
S3200688,P003,911,1606,12,10
S3200688,P004,911,1606,8,10
S3200688,P001,922,1600,47,10
S3200688,P001,923,1600,56,10
S3200688,P001,936,1600,4,10
S3200688,P002,922,1600,49,10
S3200688,P002,923,1600,59,10
S3200688,P002,936,1600,5,10
S3200688,P003,922,1600,52,10
S3200688,P003,923,1600,55,10
S3200688,P003,936,1600,5,10
S3200688,P004,922,1600,48,10
S3200688,P004,923,1600,58,10
S3200688,P004,936,1600,5,10
S3200688,P504,923,1600,14,10
S3200688,P504,936,1600,15,10
S3200688,P604,923,1600,15,10
S3200688,P604,936,1600,15,10
S3200688,P704,923,1600,18,10
S3200688,P704,936,1600,15,10
S3200688,P804,923,1600,17,10
S3200688,P804,936,1600,14,10
S3200688,P904,923,1600,18,10
S3200688,P904,936,1600,15,10
S3200688,P001,911,1612,9,10
S3200688,P002,911,1612,10,10
S3200688,P003,911,1612,7,10
S3200688,P004,911,1612,8,10
S3200688,P001,911,1618,9,10
S3200688,P002,911,1618,10,10
S3200688,P003,911,1618,7,10
S3200688,P004,911,1618,8,10
S3200688,P001,922,1615,46,10
S3200688,P001,923,1615,56,10
S3200688,P001,936,1615,4,10
S3200688,P002,922,1615,47,10
S3200688,P002,923,1615,57,10
S3200688,P002,936,1615,5,10
S3200688,P003,922,1615,52,10
S3200688,P003,923,1615,55,10
S3200688,P003,936,1615,5,10
S3200688,P004,922,1615,49,10
S3200688,P004,923,1615,62,10
S3200688,P004,936,1615,5,10
S3200688,P504,923,1615,15,10
S3200688,P504,936,1615,15,10
S3200688,P604,923,1615,15,10
S3200688,P604,936,1615,15,10
S3200688,P704,923,1615,18,10
S3200688,P704,936,1615,15,10
S3200688,P804,923,1615,17,10
S3200688,P804,936,1615,15,10
S3200688,P904,923,1615,18,10
S3200688,P904,936,1615,15,10
S3200688,P001,911,1624,9,10
S3200688,P002,911,1624,10,10
S3200688,P003,911,1624,7,10
S3200688,P004,911,1624,12,10
S3200688,P001,911,1630,9,10
S3200688,P002,911,1630,11,10
S3200688,P003,911,1630,7,10
S3200688,P004,911,1630,8,10
S3200688,P001,911,1636,9,10
S3200688,P002,911,1636,11,10
S3200688,P003,911,1636,7,10
S3200688,P004,911,1636,9,10
S3200688,P001,922,1630,47,10
S3200688,P001,923,1630,56,10
S3200688,P001,936,1630,4,10
S3200688,P002,922,1630,47,10
S3200688,P002,923,1630,61,10
S3200688,P002,936,1630,5,10
S3200688,P003,922,1630,54,10
S3200688,P003,923,1630,57,10
S3200688,P003,936,1630,5,10
S3200688,P004,922,1630,50,10
S3200688,P004,923,1630,60,10
S3200688,P004,936,1630,5,10
S3200688,P504,923,1630,15,10
S3200688,P504,936,1630,15,10
S3200688,P604,923,1630,15,10
S3200688,P604,936,1630,15,10
S3200688,P704,923,1630,19,10
S3200688,P704,936,1630,15,10
S3200688,P804,923,1630,18,10
S3200688,P804,936,1630,15,10
S3200688,P904,923,1630,18,10
S3200688,P904,936,1630,15,10
S3200688,P001,911,1642,9,10
S3200688,P002,911,1642,11,10
S3200688,P003,911,1642,7,10
S3200688,P004,911,1642,8,10
S3200688,P001,911,1648,9,10
S3200688,P002,911,1648,11,10
S3200688,P003,911,1648,7,10
S3200688,P004,911,1648,8,10
S3200688,P001,222,1600,47,10
S3200688,P001,223,1600,56,10
S3200688,P001,236,1600,4,10
S3200688,P001,248,1600,1591539,10
S3200688,P001,259,1600,95,10
S3200688,P002,222,1600,48,10
S3200688,P002,223,1600,58,10
S3200688,P002,236,1600,5,10
S3200688,P002,248,1600,1495212,10
S3200688,P002,259,1600,89,10
S3200688,P003,222,1600,53,10
S3200688,P003,223,1600,56,10
S3200688,P003,236,1600,5,10
S3200688,P003,248,1600,2079472,10
S3200688,P003,259,1600,97,10
S3200688,P004,222,1600,49,10
S3200688,P004,223,1600,60,10
S3200688,P004,236,1600,5,10
S3200688,P004,248,1600,1943939,10
S3200688,P004,259,1600,97,10
S3200688,P504,223,1600,15,10
S3200688,P504,236,1600,15,10
S3200688,P504,248,1600,1864934,10
S3200688,P504,259,1600,102,10
S3200688,P604,223,1600,15,10
S3200688,P604,236,1600,15,10
S3200688,P604,248,1600,2418873,10
S3200688,P604,259,1600,109,10
S3200688,P704,223,1600,18,10
S3200688,P704,236,1600,15,10
S3200688,P704,248,1600,2414485,10
S3200688,P704,259,1600,108,10
S3200688,P804,223,1600,18,10
S3200688,P804,236,1600,15,10
S3200688,P804,248,1600,2811316,10
S3200688,P804,259,1600,111,10
S3200688,P904,223,1600,18,10
S3200688,P904,236,1600,15,10
S3200688,P904,248,1600,1298858,10
S3200688,P904,259,1600,111,10
S3200688,P001,922,1645,47,10
S3200688,P001,923,1645,56,10
S3200688,P001,936,1645,4,10
S3200688,P002,922,1645,47,10
S3200688,P002,923,1645,57,10
S3200688,P002,936,1645,5,10
S3200688,P003,922,1645,54,10
S3200688,P003,923,1645,56,10
S3200688,P003,936,1645,5,10
S3200688,P004,922,1645,50,10
S3200688,P004,923,1645,60,10
S3200688,P004,936,1645,5,10
S3200688,P504,923,1645,15,10
S3200688,P504,936,1645,15,10
S3200688,P604,923,1645,15,10
S3200688,P604,936,1645,15,10
S3200688,P704,923,1645,19,10
S3200688,P704,936,1645,15,10
S3200688,P804,923,1645,18,10
S3200688,P804,936,1645,15,10
S3200688,P904,923,1645,19,10
S3200688,P904,936,1645,15,10
S3200688,P001,911,1654,10,10
S3200688,P002,911,1654,11,10
S3200688,P003,911,1654,7,10
S3200688,P004,911,1654,8,10
S3200688,P001,911,1700,10,10
S3200688,P002,911,1700,11,10
S3200688,P003,911,1700,7,10
S3200688,P004,911,1700,8,10
S3200688,P001,911,1706,10,10
S3200688,P002,911,1706,11,10
S3200688,P003,911,1706,10,10
S3200688,P004,911,1706,7,10
S3200688,P001,922,1700,47,10
S3200688,P001,923,1700,57,10
S3200688,P001,936,1700,4,10
S3200688,P002,922,1700,47,10
S3200688,P002,923,1700,58,10
S3200688,P002,936,1700,5,10
S3200688,P003,922,1700,52,10
S3200688,P003,923,1700,56,10
S3200688,P003,936,1700,5,10
S3200688,P004,922,1700,49,10
S3200688,P004,923,1700,60,10
S3200688,P004,936,1700,5,10
S3200688,P504,923,1700,16,10
S3200688,P504,936,1700,15,10
S3200688,P604,923,1700,16,10
S3200688,P604,936,1700,15,10
S3200688,P704,923,1700,19,10
S3200688,P704,936,1700,16,10
S3200688,P804,923,1700,19,10
S3200688,P804,936,1700,15,10
S3200688,P904,923,1700,19,10
S3200688,P904,936,1700,15,10
S3200688,P001,911,1712,10,10
S3200688,P002,911,1712,11,10
S3200688,P003,911,1712,7,10
S3200688,P004,911,1712,7,10
S3200688,P001,911,1718,10,10
S3200688,P002,911,1718,11,10
S3200688,P003,911,1718,7,10
S3200688,P004,911,1718,8,10
S3200688,P001,922,1715,47,10
S3200688,P001,923,1715,57,10
S3200688,P001,936,1715,4,10
S3200688,P002,922,1715,46,10
S3200688,P002,923,1715,59,10
S3200688,P002,936,1715,5,10
S3200688,P003,922,1715,53,10
S3200688,P003,923,1715,55,10
S3200688,P003,936,1715,5,10
S3200688,P004,922,1715,50,10
S3200688,P004,923,1715,65,10
S3200688,P004,936,1715,5,10
S3200688,P504,923,1715,16,10
S3200688,P504,936,1715,15,10
S3200688,P604,923,1715,16,10
S3200688,P604,936,1715,16,10
S3200688,P704,923,1715,20,10
S3200688,P704,936,1715,16,10
S3200688,P804,923,1715,19,10
S3200688,P804,936,1715,15,10
S3200688,P904,923,1715,19,10
S3200688,P904,936,1715,15,10
S3200688,P001,911,1724,10,10
S3200688,P002,911,1724,11,10
S3200688,P003,911,1724,7,10
S3200688,P004,911,1724,12,10
S3200688,P001,911,1730,10,10
S3200688,P002,911,1730,11,10
S3200688,P003,911,1730,7,10
S3200688,P004,911,1730,8,10
S3200688,P001,911,1736,9,10
S3200688,P002,911,1736,11,10
S3200688,P003,911,1736,7,10
S3200688,P004,911,1736,8,10
S3200688,P001,922,1730,47,10
S3200688,P001,923,1730,57,10
S3200688,P001,936,1730,4,10
S3200688,P002,922,1730,46,10
S3200688,P002,923,1730,58,10
S3200688,P002,936,1730,6,10
S3200688,P003,922,1730,51,10
S3200688,P003,923,1730,57,10
S3200688,P003,936,1730,5,10
S3200688,P004,922,1730,49,10
S3200688,P004,923,1730,64,10
S3200688,P004,936,1730,5,10
S3200688,P504,923,1730,16,10
S3200688,P504,936,1730,15,10
S3200688,P604,923,1730,16,10
S3200688,P604,936,1730,15,10
S3200688,P704,923,1730,20,10
S3200688,P704,936,1730,16,10
S3200688,P804,923,1730,19,10
S3200688,P804,936,1730,15,10
S3200688,P904,923,1730,19,10
S3200688,P904,936,1730,15,10
S3200688,P001,911,1742,9,10
S3200688,P002,911,1742,11,10
S3200688,P003,911,1742,7,10
S3200688,P004,911,1742,8,10
S3200688,P001,911,1748,9,10
S3200688,P002,911,1748,11,10
S3200688,P003,911,1748,7,10
S3200688,P004,911,1748,8,10
S3200688,P001,222,1700,47,10
S3200688,P001,223,1700,57,10
S3200688,P001,236,1700,4,10
S3200688,P001,248,1700,1552018,10
S3200688,P001,259,1700,95,10
S3200688,P002,222,1700,47,10
S3200688,P002,223,1700,59,10
S3200688,P002,236,1700,6,10
S3200688,P002,248,1700,1495303,10
S3200688,P002,259,1700,88,10
S3200688,P003,222,1700,52,10
S3200688,P003,223,1700,55,10
S3200688,P003,236,1700,5,10
S3200688,P003,248,1700,2091912,10
S3200688,P003,259,1700,96,10
S3200688,P004,222,1700,49,10
S3200688,P004,223,1700,63,10
S3200688,P004,236,1700,5,10
S3200688,P004,248,1700,1943046,10
S3200688,P004,259,1700,96,10
S3200688,P504,223,1700,16,10
S3200688,P504,236,1700,15,10
S3200688,P504,248,1700,1738305,10
S3200688,P504,259,1700,102,10
S3200688,P604,223,1700,16,10
S3200688,P604,236,1700,15,10
S3200688,P604,248,1700,2111543,10
S3200688,P604,259,1700,107,10
S3200688,P704,223,1700,20,10
S3200688,P704,236,1700,16,10
S3200688,P704,248,1700,2090783,10
S3200688,P704,259,1700,106,10
S3200688,P804,223,1700,19,10
S3200688,P804,236,1700,15,10
S3200688,P804,248,1700,2333963,10
S3200688,P804,259,1700,108,10
S3200688,P904,223,1700,19,10
S3200688,P904,236,1700,15,10
S3200688,P904,248,1700,1149902,10
S3200688,P904,259,1700,113,10
S3200688,P001,922,1745,47,10
S3200688,P001,923,1745,57,10
S3200688,P001,936,1745,4,10
S3200688,P002,922,1745,50,10
S3200688,P002,923,1745,60,10
S3200688,P002,936,1745,6,10
S3200688,P003,922,1745,50,10
S3200688,P003,923,1745,54,10
S3200688,P003,936,1745,5,10
S3200688,P004,922,1745,48,10
S3200688,P004,923,1745,64,10
S3200688,P004,936,1745,5,10
S3200688,P504,923,1745,16,10
S3200688,P504,936,1745,15,10
S3200688,P604,923,1745,16,10
S3200688,P604,936,1745,15,10
S3200688,P704,923,1745,20,10
S3200688,P704,936,1745,16,10
S3200688,P804,923,1745,19,10
S3200688,P804,936,1745,15,10
S3200688,P904,923,1745,19,10
S3200688,P904,936,1745,15,10
S3200688,P001,911,1754,9,10
S3200688,P002,911,1754,11,10
S3200688,P003,911,1754,8,10
S3200688,P004,911,1754,7,10
S3200688,P001,911,1800,9,10
S3200688,P002,911,1800,11,10
S3200688,P003,911,1800,7,10
S3200688,P004,911,1800,8,10
S3200688,P001,911,1806,9,10
S3200688,P002,911,1806,11,10
S3200688,P003,911,1806,12,10
S3200688,P004,911,1806,8,10
S3200688,P001,922,1800,48,10
S3200688,P001,923,1800,57,10
S3200688,P001,936,1800,5,10
S3200688,P002,922,1800,49,10
S3200688,P002,923,1800,60,10
S3200688,P002,936,1800,6,10
S3200688,P003,922,1800,52,10
S3200688,P003,923,1800,55,10
S3200688,P003,936,1800,5,10
S3200688,P004,922,1800,47,10
S3200688,P004,923,1800,62,10
S3200688,P004,936,1800,5,10
S3200688,P504,923,1800,16,10
S3200688,P504,936,1800,15,10
S3200688,P604,923,1800,16,10
S3200688,P604,936,1800,15,10
S3200688,P704,923,1800,20,10
S3200688,P704,936,1800,16,10
S3200688,P804,923,1800,19,10
S3200688,P804,936,1800,15,10
S3200688,P904,923,1800,19,10
S3200688,P904,936,1800,15,10
S3200688,P001,911,1812,9,10
S3200688,P002,911,1812,11,10
S3200688,P003,911,1812,8,10
S3200688,P004,911,1812,8,10
S3200688,P001,911,1818,9,10
S3200688,P002,911,1818,11,10
S3200688,P003,911,1818,7,10
S3200688,P004,911,1818,8,10
S3200688,P001,922,1815,47,10
S3200688,P001,923,1815,57,10
S3200688,P001,936,1815,4,10
S3200688,P002,922,1815,49,10
S3200688,P002,923,1815,60,10
S3200688,P002,936,1815,6,10
S3200688,P003,922,1815,51,10
S3200688,P003,923,1815,55,10
S3200688,P003,936,1815,5,10
S3200688,P004,922,1815,45,10
S3200688,P004,923,1815,65,10
S3200688,P004,936,1815,5,10
S3200688,P504,923,1815,16,10
S3200688,P504,936,1815,15,10
S3200688,P604,923,1815,17,10
S3200688,P604,936,1815,16,10
S3200688,P704,923,1815,20,10
S3200688,P704,936,1815,16,10
S3200688,P804,923,1815,19,10
S3200688,P804,936,1815,15,10
S3200688,P904,923,1815,19,10
S3200688,P904,936,1815,15,10
S3200688,P001,911,1824,10,10
S3200688,P002,911,1824,11,10
S3200688,P003,911,1824,7,10
S3200688,P004,911,1824,11,10
S3200688,P001,911,1830,10,10
S3200688,P002,911,1830,11,10
S3200688,P003,911,1830,7,10
S3200688,P004,911,1830,8,10
S3200688,P001,911,1836,10,10
S3200688,P002,911,1836,11,10
S3200688,P003,911,1836,7,10
S3200688,P004,911,1836,8,10
S3200688,P001,922,1830,47,10
S3200688,P001,923,1830,57,10
S3200688,P001,936,1830,4,10
S3200688,P002,922,1830,49,10
S3200688,P002,923,1830,60,10
S3200688,P002,936,1830,6,10
S3200688,P003,922,1830,51,10
S3200688,P003,923,1830,55,10
S3200688,P003,936,1830,5,10
S3200688,P004,922,1830,45,10
S3200688,P004,923,1830,61,10
S3200688,P004,936,1830,5,10
S3200688,P504,923,1830,16,10
S3200688,P504,936,1830,15,10
S3200688,P604,923,1830,17,10
S3200688,P604,936,1830,15,10
S3200688,P704,923,1830,20,10
S3200688,P704,936,1830,16,10
S3200688,P804,923,1830,19,10
S3200688,P804,936,1830,15,10
S3200688,P904,923,1830,19,10
S3200688,P904,936,1830,15,10
S3200688,P001,911,1842,10,10
S3200688,P002,911,1842,11,10
S3200688,P003,911,1842,7,10
S3200688,P004,911,1842,7,10
S3200688,P001,911,1848,10,10
S3200688,P002,911,1848,11,10
S3200688,P003,911,1848,7,10
S3200688,P004,911,1848,8,10
S3200688,P001,222,1800,47,10
S3200688,P001,223,1800,57,10
S3200688,P001,236,1800,4,10
S3200688,P001,248,1800,1554928,10
S3200688,P001,259,1800,95,10
S3200688,P002,222,1800,49,10
S3200688,P002,223,1800,60,10
S3200688,P002,236,1800,6,10
S3200688,P002,248,1800,1474614,10
S3200688,P002,259,1800,88,10
S3200688,P003,222,1800,51,10
S3200688,P003,223,1800,55,10
S3200688,P003,236,1800,5,10
S3200688,P003,248,1800,2088130,10
S3200688,P003,259,1800,96,10
S3200688,P004,222,1800,46,10
S3200688,P004,223,1800,62,10
S3200688,P004,236,1800,5,10
S3200688,P004,248,1800,1933995,10
S3200688,P004,259,1800,95,10
S3200688,P504,223,1800,16,10
S3200688,P504,236,1800,15,10
S3200688,P504,248,1800,1739610,10
S3200688,P504,259,1800,102,10
S3200688,P604,223,1800,16,10
S3200688,P604,236,1800,15,10
S3200688,P604,248,1800,2079676,10
S3200688,P604,259,1800,108,10
S3200688,P704,223,1800,20,10
S3200688,P704,236,1800,16,10
S3200688,P704,248,1800,2101368,10
S3200688,P704,259,1800,106,10
S3200688,P804,223,1800,19,10
S3200688,P804,236,1800,15,10
S3200688,P804,248,1800,2338171,10
S3200688,P804,259,1800,108,10
S3200688,P904,223,1800,19,10
S3200688,P904,236,1800,15,10
S3200688,P904,248,1800,1151792,10
S3200688,P904,259,1800,112,10
S3200688,P001,922,1845,48,10
S3200688,P001,923,1845,57,10
S3200688,P001,936,1845,4,10
S3200688,P002,922,1845,49,10
S3200688,P002,923,1845,59,10
S3200688,P002,936,1845,6,10
S3200688,P003,922,1845,51,10
S3200688,P003,923,1845,55,10
S3200688,P003,936,1845,5,10
S3200688,P004,922,1845,45,10
S3200688,P004,923,1845,61,10
S3200688,P004,936,1845,5,10
S3200688,P504,923,1845,16,10
S3200688,P504,936,1845,15,10
S3200688,P604,923,1845,16,10
S3200688,P604,936,1845,15,10
S3200688,P704,923,1845,20,10
S3200688,P704,936,1845,16,10
S3200688,P804,923,1845,19,10
S3200688,P804,936,1845,15,10
S3200688,P904,923,1845,19,10
S3200688,P904,936,1845,15,10
S3200688,P001,911,1854,10,10
S3200688,P002,911,1854,11,10
S3200688,P003,911,1854,7,10
S3200688,P004,911,1854,7,10
S3200688,P001,911,1900,10,10
S3200688,P002,911,1900,11,10
S3200688,P003,911,1900,7,10
S3200688,P004,911,1900,8,10
S3200688,P001,911,1906,10,10
S3200688,P002,911,1906,11,10
S3200688,P003,911,1906,12,10
S3200688,P004,911,1906,7,10
S3200688,P001,922,1900,48,10
S3200688,P001,923,1900,57,10
S3200688,P001,936,1900,5,10
S3200688,P002,922,1900,50,10
S3200688,P002,923,1900,62,10
S3200688,P002,936,1900,6,10
S3200688,P003,922,1900,51,10
S3200688,P003,923,1900,56,10
S3200688,P003,936,1900,5,10
S3200688,P004,922,1900,46,10
S3200688,P004,923,1900,62,10
S3200688,P004,936,1900,5,10
S3200688,P504,923,1900,16,10
S3200688,P504,936,1900,15,10
S3200688,P604,923,1900,16,10
S3200688,P604,936,1900,15,10
S3200688,P704,923,1900,20,10
S3200688,P704,936,1900,16,10
S3200688,P804,923,1900,19,10
S3200688,P804,936,1900,15,10
S3200688,P904,923,1900,19,10
S3200688,P904,936,1900,15,10
S3200688,P001,911,1912,10,10
S3200688,P002,911,1912,11,10
S3200688,P003,911,1912,7,10
S3200688,P004,911,1912,7,10
S3200688,P001,911,1918,10,10
S3200688,P002,911,1918,11,10
S3200688,P003,911,1918,7,10
S3200688,P004,911,1918,7,10
S3200688,P001,922,1915,48,10
S3200688,P001,923,1915,58,10
S3200688,P001,936,1915,5,10
S3200688,P002,922,1915,47,10
S3200688,P002,923,1915,60,10
S3200688,P002,936,1915,6,10
S3200688,P003,922,1915,53,10
S3200688,P003,923,1915,55,10
S3200688,P003,936,1915,5,10
S3200688,P004,922,1915,47,10
S3200688,P004,923,1915,62,10
S3200688,P004,936,1915,5,10
S3200688,P504,923,1915,16,10
S3200688,P504,936,1915,15,10
S3200688,P604,923,1915,16,10
S3200688,P604,936,1915,15,10
S3200688,P704,923,1915,20,10
S3200688,P704,936,1915,16,10
S3200688,P804,923,1915,19,10
S3200688,P804,936,1915,15,10
S3200688,P904,923,1915,19,10
S3200688,P904,936,1915,15,10
S3200688,P001,911,1924,10,10
S3200688,P002,911,1924,11,10
S3200688,P003,911,1924,7,10
S3200688,P004,911,1924,11,10
S3200688,P001,911,1930,10,10
S3200688,P002,911,1930,11,10
S3200688,P003,911,1930,7,10
S3200688,P004,911,1930,8,10
S3200688,P001,911,1936,10,10
S3200688,P002,911,1936,11,10
S3200688,P003,911,1936,7,10
S3200688,P004,911,1936,8,10
S3200688,P001,922,1930,48,10
S3200688,P001,923,1930,58,10
S3200688,P001,936,1930,5,10
S3200688,P002,922,1930,50,10
S3200688,P002,923,1930,62,10
S3200688,P002,936,1930,6,10
S3200688,P003,922,1930,52,10
S3200688,P003,923,1930,55,10
S3200688,P003,936,1930,5,10
S3200688,P004,922,1930,46,10
S3200688,P004,923,1930,62,10
S3200688,P004,936,1930,5,10
S3200688,P504,923,1930,16,10
S3200688,P504,936,1930,15,10
S3200688,P604,923,1930,16,10
S3200688,P604,936,1930,15,10
S3200688,P704,923,1930,20,10
S3200688,P704,936,1930,16,10
S3200688,P804,923,1930,19,10
S3200688,P804,936,1930,15,10
S3200688,P904,923,1930,19,10
S3200688,P904,936,1930,15,10
S3200688,P001,911,1942,10,10
S3200688,P002,911,1942,11,10
S3200688,P003,911,1942,7,10
S3200688,P004,911,1942,7,10
S3200688,P001,911,1948,10,10
S3200688,P002,911,1948,11,10
S3200688,P003,911,1948,7,10
S3200688,P004,911,1948,8,10
S3200688,P001,222,1900,48,10
S3200688,P001,223,1900,58,10
S3200688,P001,236,1900,5,10
S3200688,P001,248,1900,1547016,10
S3200688,P001,259,1900,95,10
S3200688,P002,222,1900,49,10
S3200688,P002,223,1900,62,10
S3200688,P002,236,1900,6,10
S3200688,P002,248,1900,1487959,10
S3200688,P002,259,1900,89,10
S3200688,P003,222,1900,52,10
S3200688,P003,223,1900,55,10
S3200688,P003,236,1900,5,10
S3200688,P003,248,1900,2075475,10
S3200688,P003,259,1900,97,10
S3200688,P004,222,1900,46,10
S3200688,P004,223,1900,62,10
S3200688,P004,236,1900,5,10
S3200688,P004,248,1900,1926930,10
S3200688,P004,259,1900,96,10
S3200688,P504,223,1900,16,10
S3200688,P504,236,1900,15,10
S3200688,P504,248,1900,1760227,10
S3200688,P504,259,1900,102,10
S3200688,P604,223,1900,16,10
S3200688,P604,236,1900,15,10
S3200688,P604,248,1900,2193143,10
S3200688,P604,259,1900,108,10
S3200688,P704,223,1900,20,10
S3200688,P704,236,1900,16,10
S3200688,P704,248,1900,2136523,10
S3200688,P704,259,1900,106,10
S3200688,P804,223,1900,19,10
S3200688,P804,236,1900,15,10
S3200688,P804,248,1900,2429847,10
S3200688,P804,259,1900,109,10
S3200688,P904,223,1900,19,10
S3200688,P904,236,1900,15,10
S3200688,P904,248,1900,1166010,10
S3200688,P904,259,1900,109,10
S3200688,P001,922,1945,48,10
S3200688,P001,923,1945,58,10
S3200688,P001,936,1945,5,10
S3200688,P002,922,1945,51,10
S3200688,P002,923,1945,62,10
S3200688,P002,936,1945,6,10
S3200688,P003,922,1945,53,10
S3200688,P003,923,1945,55,10
S3200688,P003,936,1945,5,10
S3200688,P004,922,1945,44,10
S3200688,P004,923,1945,60,10
S3200688,P004,936,1945,5,10
S3200688,P504,923,1945,16,10
S3200688,P504,936,1945,15,10
S3200688,P604,923,1945,16,10
S3200688,P604,936,1945,15,10
S3200688,P704,923,1945,19,10
S3200688,P704,936,1945,16,10
S3200688,P804,923,1945,19,10
S3200688,P804,936,1945,15,10
S3200688,P904,923,1945,19,10
S3200688,P904,936,1945,15,10
S3200688,P001,911,1954,10,10
S3200688,P002,911,1954,11,10
S3200688,P003,911,1954,7,10
S3200688,P004,911,1954,7,10
S3200688,P001,911,2000,10,10
S3200688,P002,911,2000,11,10
S3200688,P003,911,2000,7,10
S3200688,P004,911,2000,7,10
S3200688,P001,911,2006,10,10
S3200688,P002,911,2006,10,10
S3200688,P003,911,2006,12,10
S3200688,P004,911,2006,7,10
S3200688,P001,922,2000,48,10
S3200688,P001,923,2000,58,10
S3200688,P001,936,2000,4,10
S3200688,P002,922,2000,50,10
S3200688,P002,923,2000,61,10
S3200688,P002,936,2000,6,10
S3200688,P003,922,2000,54,10
S3200688,P003,923,2000,54,10
S3200688,P003,936,2000,5,10
S3200688,P004,922,2000,45,10
S3200688,P004,923,2000,62,10
S3200688,P004,936,2000,5,10
S3200688,P504,923,2000,16,10
S3200688,P504,936,2000,15,10
S3200688,P604,923,2000,16,10
S3200688,P604,936,2000,15,10
S3200688,P704,923,2000,20,10
S3200688,P704,936,2000,16,10
S3200688,P804,923,2000,19,10
S3200688,P804,936,2000,15,10
S3200688,P904,923,2000,19,10
S3200688,P904,936,2000,15,10
S3200688,P001,911,2012,10,10
S3200688,P002,911,2012,10,10
S3200688,P003,911,2012,7,10
S3200688,P004,911,2012,7,10
S3200688,P001,911,2018,10,10
S3200688,P002,911,2018,10,10
S3200688,P003,911,2018,7,10
S3200688,P004,911,2018,7,10
S3200688,P001,922,2015,48,10
S3200688,P001,923,2015,58,10
S3200688,P001,936,2015,4,10
S3200688,P002,922,2015,49,10
S3200688,P002,923,2015,59,10
S3200688,P002,936,2015,6,10
S3200688,P003,922,2015,53,10
S3200688,P003,923,2015,55,10
S3200688,P003,936,2015,5,10
S3200688,P004,922,2015,45,10
S3200688,P004,923,2015,64,10
S3200688,P004,936,2015,5,10
S3200688,P504,923,2015,16,10
S3200688,P504,936,2015,15,10
S3200688,P604,923,2015,16,10
S3200688,P604,936,2015,16,10
S3200688,P704,923,2015,20,10
S3200688,P704,936,2015,16,10
S3200688,P804,923,2015,19,10
S3200688,P804,936,2015,15,10
S3200688,P904,923,2015,19,10
S3200688,P904,936,2015,15,10
S3200688,P001,911,2024,10,10
S3200688,P002,911,2024,10,10
S3200688,P003,911,2024,7,10
S3200688,P004,911,2024,11,10
S3200688,P001,911,2030,9,10
S3200688,P002,911,2030,10,10
S3200688,P003,911,2030,7,10
S3200688,P004,911,2030,8,10
S3200688,P001,911,2036,10,10
S3200688,P002,911,2036,10,10
S3200688,P003,911,2036,7,10
S3200688,P004,911,2036,8,10
S3200688,P001,922,2030,48,10
S3200688,P001,923,2030,57,10
S3200688,P001,936,2030,4,10
S3200688,P002,922,2030,49,10
S3200688,P002,923,2030,59,10
S3200688,P002,936,2030,6,10
S3200688,P003,922,2030,52,10
S3200688,P003,923,2030,56,10
S3200688,P003,936,2030,5,10
S3200688,P004,922,2030,47,10
S3200688,P004,923,2030,64,10
S3200688,P004,936,2030,5,10
S3200688,P504,923,2030,16,10
S3200688,P504,936,2030,15,10
S3200688,P604,923,2030,16,10
S3200688,P604,936,2030,15,10
S3200688,P704,923,2030,20,10
S3200688,P704,936,2030,16,10
S3200688,P804,923,2030,19,10
S3200688,P804,936,2030,15,10
S3200688,P904,923,2030,19,10
S3200688,P904,936,2030,15,10
S3200688,P001,911,2042,10,10
S3200688,P002,911,2042,10,10
S3200688,P003,911,2042,7,10
S3200688,P004,911,2042,8,10
S3200688,P001,911,2048,9,10
S3200688,P002,911,2048,10,10
S3200688,P003,911,2048,7,10
S3200688,P004,911,2048,8,10
S3200688,P001,222,2000,48,10
S3200688,P001,223,2000,57,10
S3200688,P001,236,2000,4,10
S3200688,P001,248,2000,1550476,10
S3200688,P001,259,2000,96,10
S3200688,P002,222,2000,49,10
S3200688,P002,223,2000,60,10
S3200688,P002,236,2000,6,10
S3200688,P002,248,2000,1490858,10
S3200688,P002,259,2000,89,10
S3200688,P003,222,2000,53,10
S3200688,P003,223,2000,55,10
S3200688,P003,236,2000,5,10
S3200688,P003,248,2000,2083663,10
S3200688,P003,259,2000,97,10
S3200688,P004,222,2000,46,10
S3200688,P004,223,2000,63,10
S3200688,P004,236,2000,5,10
S3200688,P004,248,2000,1928943,10
S3200688,P004,259,2000,97,10
S3200688,P504,223,2000,16,10
S3200688,P504,236,2000,15,10
S3200688,P504,248,2000,1804716,10
S3200688,P504,259,2000,103,10
S3200688,P604,223,2000,16,10
S3200688,P604,236,2000,15,10
S3200688,P604,248,2000,2115828,10
S3200688,P604,259,2000,108,10
S3200688,P704,223,2000,20,10
S3200688,P704,236,2000,16,10
S3200688,P704,248,2000,2143033,10
S3200688,P704,259,2000,106,10
S3200688,P804,223,2000,19,10
S3200688,P804,236,2000,15,10
S3200688,P804,248,2000,2415838,10
S3200688,P804,259,2000,109,10
S3200688,P904,223,2000,19,10
S3200688,P904,236,2000,15,10
S3200688,P904,248,2000,1179400,10
S3200688,P904,259,2000,108,10
S3200688,P001,922,2045,48,10
S3200688,P001,923,2045,57,10
S3200688,P001,936,2045,4,10
S3200688,P002,922,2045,50,10
S3200688,P002,923,2045,60,10
S3200688,P002,936,2045,6,10
S3200688,P003,922,2045,51,10
S3200688,P003,923,2045,55,10
S3200688,P003,936,2045,5,10
S3200688,P004,922,2045,48,10
S3200688,P004,923,2045,63,10
S3200688,P004,936,2045,5,10
S3200688,P504,923,2045,15,10
S3200688,P504,936,2045,15,10
S3200688,P604,923,2045,16,10
S3200688,P604,936,2045,15,10
S3200688,P704,923,2045,19,10
S3200688,P704,936,2045,15,10
S3200688,P804,923,2045,18,10
S3200688,P804,936,2045,15,10
S3200688,P904,923,2045,18,10
S3200688,P904,936,2045,15,10
S3200688,P001,911,2054,9,10
S3200688,P002,911,2054,10,10
S3200688,P003,911,2054,7,10
S3200688,P004,911,2054,7,10
S3200688,P001,911,2100,9,10
S3200688,P002,911,2100,10,10
S3200688,P003,911,2100,7,10
S3200688,P004,911,2100,8,10
S3200688,P001,911,2106,9,10
S3200688,P002,911,2106,10,10
S3200688,P003,911,2106,11,10
S3200688,P004,911,2106,8,10
S3200688,P001,922,2100,48,10
S3200688,P001,923,2100,57,10
S3200688,P001,936,2100,4,10
S3200688,P002,922,2100,50,10
S3200688,P002,923,2100,59,10
S3200688,P002,936,2100,6,10
S3200688,P003,922,2100,48,10
S3200688,P003,923,2100,55,10
S3200688,P003,936,2100,5,10
S3200688,P004,922,2100,42,10
S3200688,P004,923,2100,61,10
S3200688,P004,936,2100,5,10
S3200688,P504,923,2100,16,10
S3200688,P504,936,2100,15,10
S3200688,P604,923,2100,16,10
S3200688,P604,936,2100,15,10
S3200688,P704,923,2100,19,10
S3200688,P704,936,2100,16,10
S3200688,P804,923,2100,18,10
S3200688,P804,936,2100,15,10
S3200688,P904,923,2100,19,10
S3200688,P904,936,2100,15,10
S3200688,P001,911,2112,9,10
S3200688,P002,911,2112,10,10
S3200688,P003,911,2112,7,10
S3200688,P004,911,2112,8,10
S3200688,P001,911,2118,9,10
S3200688,P002,911,2118,10,10
S3200688,P003,911,2118,7,10
S3200688,P004,911,2118,8,10
S3200688,P001,922,2115,48,10
S3200688,P001,923,2115,58,10
S3200688,P001,936,2115,5,10
S3200688,P002,922,2115,50,10
S3200688,P002,923,2115,59,10
S3200688,P002,936,2115,6,10
S3200688,P003,922,2115,52,10
S3200688,P003,923,2115,57,10
S3200688,P003,936,2115,5,10
S3200688,P004,922,2115,43,10
S3200688,P004,923,2115,65,10
S3200688,P004,936,2115,5,10
S3200688,P504,923,2115,16,10
S3200688,P504,936,2115,15,10
S3200688,P604,923,2115,16,10
S3200688,P604,936,2115,15,10
S3200688,P704,923,2115,19,10
S3200688,P704,936,2115,15,10
S3200688,P804,923,2115,18,10
S3200688,P804,936,2115,15,10
S3200688,P904,923,2115,19,10
S3200688,P904,936,2115,15,10
S3200688,P001,911,2124,9,10
S3200688,P002,911,2124,10,10
S3200688,P003,911,2124,7,10
S3200688,P004,911,2124,12,10
S3200688,P001,911,2130,9,10
S3200688,P002,911,2130,10,10
S3200688,P003,911,2130,7,10
S3200688,P004,911,2130,9,10
S3200688,P001,911,2136,9,10
S3200688,P002,911,2136,10,10
S3200688,P003,911,2136,7,10
S3200688,P004,911,2136,8,10
S3200688,P001,922,2130,48,10
S3200688,P001,923,2130,58,10
S3200688,P001,936,2130,4,10
S3200688,P002,922,2130,51,10
S3200688,P002,923,2130,59,10
S3200688,P002,936,2130,6,10
S3200688,P003,922,2130,52,10
S3200688,P003,923,2130,55,10
S3200688,P003,936,2130,5,10
S3200688,P004,922,2130,45,10
S3200688,P004,923,2130,64,10
S3200688,P004,936,2130,5,10
S3200688,P504,923,2130,16,10
S3200688,P504,936,2130,15,10
S3200688,P604,923,2130,16,10
S3200688,P604,936,2130,15,10
S3200688,P704,923,2130,20,10
S3200688,P704,936,2130,16,10
S3200688,P804,923,2130,18,10
S3200688,P804,936,2130,15,10
S3200688,P904,923,2130,19,10
S3200688,P904,936,2130,15,10
S3200688,P001,911,2142,9,10
S3200688,P002,911,2142,10,10
S3200688,P003,911,2142,7,10
S3200688,P004,911,2142,8,10
S3200688,P001,911,2148,9,10
S3200688,P002,911,2148,10,10
S3200688,P003,911,2148,7,10
S3200688,P004,911,2148,8,10
S3200688,P001,222,2100,48,10
S3200688,P001,223,2100,58,10
S3200688,P001,236,2100,4,10
S3200688,P001,248,2100,1560107,10
S3200688,P001,259,2100,96,10
S3200688,P002,222,2100,50,10
S3200688,P002,223,2100,59,10
S3200688,P002,236,2100,6,10
S3200688,P002,248,2100,1490337,10
S3200688,P002,259,2100,90,10
S3200688,P003,222,2100,51,10
S3200688,P003,223,2100,55,10
S3200688,P003,236,2100,5,10
S3200688,P003,248,2100,2089054,10
S3200688,P003,259,2100,97,10
S3200688,P004,222,2100,45,10
S3200688,P004,223,2100,63,10
S3200688,P004,236,2100,5,10
S3200688,P004,248,2100,1950522,10
S3200688,P004,259,2100,98,10
S3200688,P504,223,2100,16,10
S3200688,P504,236,2100,15,10
S3200688,P504,248,2100,1773846,10
S3200688,P504,259,2100,102,10
S3200688,P604,223,2100,16,10
S3200688,P604,236,2100,15,10
S3200688,P604,248,2100,2184511,10
S3200688,P604,259,2100,108,10
S3200688,P704,223,2100,20,10
S3200688,P704,236,2100,16,10
S3200688,P704,248,2100,2162100,10
S3200688,P704,259,2100,106,10
S3200688,P804,223,2100,18,10
S3200688,P804,236,2100,15,10
S3200688,P804,248,2100,2645980,10
S3200688,P804,259,2100,111,10
S3200688,P904,223,2100,19,10
S3200688,P904,236,2100,15,10
S3200688,P904,248,2100,1170896,10
S3200688,P904,259,2100,108,10
S3200688,P001,922,2145,48,10
S3200688,P001,923,2145,58,10
S3200688,P001,936,2145,4,10
S3200688,P002,922,2145,51,10
S3200688,P002,923,2145,57,10
S3200688,P002,936,2145,6,10
S3200688,P003,922,2145,52,10
S3200688,P003,923,2145,54,10
S3200688,P003,936,2145,5,10
S3200688,P004,922,2145,50,10
S3200688,P004,923,2145,63,10
S3200688,P004,936,2145,5,10
S3200688,P504,923,2145,16,10
S3200688,P504,936,2145,15,10
S3200688,P604,923,2145,17,10
S3200688,P604,936,2145,16,10
S3200688,P704,923,2145,20,10
S3200688,P704,936,2145,16,10
S3200688,P804,923,2145,19,10
S3200688,P804,936,2145,15,10
S3200688,P904,923,2145,19,10
S3200688,P904,936,2145,15,10
S3200688,P001,911,2154,9,10
S3200688,P002,911,2154,10,10
S3200688,P003,911,2154,7,10
S3200688,P004,911,2154,8,10
S3200688,P001,911,2200,9,10
S3200688,P002,911,2200,10,10
S3200688,P003,911,2200,7,10
S3200688,P004,911,2200,8,10
S3200688,P001,911,2206,9,10
S3200688,P002,911,2206,10,10
S3200688,P003,911,2206,12,10
S3200688,P004,911,2206,8,10
S3200688,P001,922,2200,48,10
S3200688,P001,923,2200,58,10
S3200688,P001,936,2200,5,10
S3200688,P002,922,2200,52,10
S3200688,P002,923,2200,58,10
S3200688,P002,936,2200,6,10
S3200688,P003,922,2200,52,10
S3200688,P003,923,2200,54,10
S3200688,P003,936,2200,5,10
S3200688,P004,922,2200,49,10
S3200688,P004,923,2200,60,10
S3200688,P004,936,2200,5,10
S3200688,P504,923,2200,16,10
S3200688,P504,936,2200,15,10
S3200688,P604,923,2200,17,10
S3200688,P604,936,2200,16,10
S3200688,P704,923,2200,20,10
S3200688,P704,936,2200,16,10
S3200688,P804,923,2200,19,10
S3200688,P804,936,2200,15,10
S3200688,P904,923,2200,19,10
S3200688,P904,936,2200,15,10
S3200688,P001,911,2212,9,10
S3200688,P002,911,2212,10,10
S3200688,P003,911,2212,7,10
S3200688,P004,911,2212,8,10
S3200688,P001,911,2218,9,10
S3200688,P002,911,2218,10,10
S3200688,P003,911,2218,7,10
S3200688,P004,911,2218,8,10
S3200688,P001,922,2215,48,10
S3200688,P001,923,2215,58,10
S3200688,P001,936,2215,5,10
S3200688,P002,922,2215,53,10
S3200688,P002,923,2215,59,10
S3200688,P002,936,2215,6,10
S3200688,P003,922,2215,54,10
S3200688,P003,923,2215,57,10
S3200688,P003,936,2215,5,10
S3200688,P004,922,2215,50,10
S3200688,P004,923,2215,64,10
S3200688,P004,936,2215,5,10
S3200688,P504,923,2215,16,10
S3200688,P504,936,2215,15,10
S3200688,P604,923,2215,17,10
S3200688,P604,936,2215,16,10
S3200688,P704,923,2215,20,10
S3200688,P704,936,2215,16,10
S3200688,P804,923,2215,19,10
S3200688,P804,936,2215,15,10
S3200688,P904,923,2215,19,10
S3200688,P904,936,2215,15,10
S3200688,P001,911,2224,9,10
S3200688,P002,911,2224,10,10
S3200688,P003,911,2224,7,10
S3200688,P004,911,2224,12,10
S3200688,P001,911,2230,9,10
S3200688,P002,911,2230,10,10
S3200688,P003,911,2230,7,10
S3200688,P004,911,2230,9,10
S3200688,P001,911,2236,9,10
S3200688,P002,911,2236,10,10
S3200688,P003,911,2236,7,10
S3200688,P004,911,2236,8,10
S3200688,P001,922,2230,48,10
S3200688,P001,923,2230,58,10
S3200688,P001,936,2230,4,10
S3200688,P002,922,2230,52,10
S3200688,P002,923,2230,61,10
S3200688,P002,936,2230,6,10
S3200688,P003,922,2230,51,10
S3200688,P003,923,2230,56,10
S3200688,P003,936,2230,5,10
S3200688,P004,922,2230,49,10
S3200688,P004,923,2230,62,10
S3200688,P004,936,2230,5,10
S3200688,P504,923,2230,16,10
S3200688,P504,936,2230,15,10
S3200688,P604,923,2230,17,10
S3200688,P604,936,2230,15,10
S3200688,P704,923,2230,20,10
S3200688,P704,936,2230,16,10
S3200688,P804,923,2230,20,10
S3200688,P804,936,2230,15,10
S3200688,P904,923,2230,19,10
S3200688,P904,936,2230,15,10
S3200688,P001,911,2242,9,10
S3200688,P002,911,2242,10,10
S3200688,P003,911,2242,8,10
S3200688,P004,911,2242,8,10
S3200688,P001,911,2248,9,10
S3200688,P002,911,2248,10,10
S3200688,P003,911,2248,7,10
S3200688,P004,911,2248,8,10
S3200688,P001,222,2200,48,10
S3200688,P001,223,2200,58,10
S3200688,P001,236,2200,5,10
S3200688,P001,248,2200,1554490,10
S3200688,P001,259,2200,96,10
S3200688,P002,222,2200,52,10
S3200688,P002,223,2200,59,10
S3200688,P002,236,2200,6,10
S3200688,P002,248,2200,1482418,10
S3200688,P002,259,2200,90,10
S3200688,P003,222,2200,52,10
S3200688,P003,223,2200,56,10
S3200688,P003,236,2200,5,10
S3200688,P003,248,2200,2084748,10
S3200688,P003,259,2200,97,10
S3200688,P004,222,2200,50,10
S3200688,P004,223,2200,62,10
S3200688,P004,236,2200,5,10
S3200688,P004,248,2200,1944614,10
S3200688,P004,259,2200,99,10
S3200688,P504,223,2200,16,10
S3200688,P504,236,2200,15,10
S3200688,P504,248,2200,1776017,10
S3200688,P504,259,2200,102,10
S3200688,P604,223,2200,17,10
S3200688,P604,236,2200,15,10
S3200688,P604,248,2200,2074633,10
S3200688,P604,259,2200,108,10
S3200688,P704,223,2200,20,10
S3200688,P704,236,2200,16,10
S3200688,P704,248,2200,2110849,10
S3200688,P704,259,2200,106,10
S3200688,P804,223,2200,19,10
S3200688,P804,236,2200,15,10
S3200688,P804,248,2200,2410428,10
S3200688,P804,259,2200,109,10
S3200688,P904,223,2200,19,10
S3200688,P904,236,2200,15,10
S3200688,P904,248,2200,1183281,10
S3200688,P904,259,2200,106,10
S3200688,P001,922,2245,48,10
S3200688,P001,923,2245,58,10
S3200688,P001,936,2245,4,10
S3200688,P002,922,2245,53,10
S3200688,P002,923,2245,60,10
S3200688,P002,936,2245,6,10
S3200688,P003,922,2245,52,10
S3200688,P003,923,2245,55,10
S3200688,P003,936,2245,5,10
S3200688,P004,922,2245,50,10
S3200688,P004,923,2245,61,10
S3200688,P004,936,2245,5,10
S3200688,P504,923,2245,16,10
S3200688,P504,936,2245,15,10
S3200688,P604,923,2245,16,10
S3200688,P604,936,2245,15,10
S3200688,P704,923,2245,20,10
S3200688,P704,936,2245,15,10
S3200688,P804,923,2245,18,10
S3200688,P804,936,2245,15,10
S3200688,P904,923,2245,19,10
S3200688,P904,936,2245,15,10
S3200688,P001,911,2254,9,10
S3200688,P002,911,2254,10,10
S3200688,P003,911,2254,7,10
S3200688,P004,911,2254,8,10
S3200688,P001,911,2300,9,10
S3200688,P002,911,2300,10,10
S3200688,P003,911,2300,7,10
S3200688,P004,911,2300,8,10
S3200688,P001,911,2306,9,10
S3200688,P002,911,2306,10,10
S3200688,P003,911,2306,11,10
S3200688,P004,911,2306,8,10
S3200688,P001,922,2300,48,10
S3200688,P001,923,2300,57,10
S3200688,P001,936,2300,4,10
S3200688,P002,922,2300,53,10
S3200688,P002,923,2300,60,10
S3200688,P002,936,2300,6,10
S3200688,P003,922,2300,52,10
S3200688,P003,923,2300,55,10
S3200688,P003,936,2300,5,10
S3200688,P004,922,2300,48,10
S3200688,P004,923,2300,57,10
S3200688,P004,936,2300,5,10
S3200688,P504,923,2300,16,10
S3200688,P504,936,2300,15,10
S3200688,P604,923,2300,16,10
S3200688,P604,936,2300,15,10
S3200688,P704,923,2300,20,10
S3200688,P704,936,2300,16,10
S3200688,P804,923,2300,19,10
S3200688,P804,936,2300,15,10
S3200688,P904,923,2300,19,10
S3200688,P904,936,2300,15,10
S3200688,P001,911,2312,9,10
S3200688,P002,911,2312,10,10
S3200688,P003,911,2312,7,10
S3200688,P004,911,2312,8,10
S3200688,P001,911,2318,9,10
S3200688,P002,911,2318,10,10
S3200688,P003,911,2318,8,10
S3200688,P004,911,2318,8,10
S3200688,P001,922,2315,47,10
S3200688,P001,923,2315,57,10
S3200688,P001,936,2315,4,10
S3200688,P002,922,2315,52,10
S3200688,P002,923,2315,60,10
S3200688,P002,936,2315,6,10
S3200688,P003,922,2315,51,10
S3200688,P003,923,2315,56,10
S3200688,P003,936,2315,5,10
S3200688,P004,922,2315,49,10
S3200688,P004,923,2315,63,10
S3200688,P004,936,2315,5,10
S3200688,P504,923,2315,16,10
S3200688,P504,936,2315,15,10
S3200688,P604,923,2315,17,10
S3200688,P604,936,2315,16,10
S3200688,P704,923,2315,20,10
S3200688,P704,936,2315,16,10
S3200688,P804,923,2315,19,10
S3200688,P804,936,2315,15,10
S3200688,P904,923,2315,19,10
S3200688,P904,936,2315,15,10
S3200688,P001,911,2324,9,10
S3200688,P002,911,2324,10,10
S3200688,P003,911,2324,7,10
S3200688,P004,911,2324,12,10
S3200688,P001,911,2330,9,10
S3200688,P002,911,2330,10,10
S3200688,P003,911,2330,7,10
S3200688,P004,911,2330,9,10
S3200688,P001,911,2336,9,10
S3200688,P002,911,2336,10,10
S3200688,P003,911,2336,7,10
S3200688,P004,911,2336,9,10
S3200688,P001,922,2330,47,10
S3200688,P001,923,2330,57,10
S3200688,P001,936,2330,4,10
S3200688,P002,922,2330,52,10
S3200688,P002,923,2330,61,10
S3200688,P002,936,2330,6,10
S3200688,P003,922,2330,52,10
S3200688,P003,923,2330,54,10
S3200688,P003,936,2330,5,10
S3200688,P004,922,2330,48,10
S3200688,P004,923,2330,62,10
S3200688,P004,936,2330,5,10
S3200688,P504,923,2330,16,10
S3200688,P504,936,2330,15,10
S3200688,P604,923,2330,17,10
S3200688,P604,936,2330,15,10
S3200688,P704,923,2330,20,10
S3200688,P704,936,2330,16,10
S3200688,P804,923,2330,19,10
S3200688,P804,936,2330,15,10
S3200688,P904,923,2330,19,10
S3200688,P904,936,2330,15,10
S3200688,P001,911,2342,9,10
S3200688,P002,911,2342,10,10
S3200688,P003,911,2342,7,10
S3200688,P004,911,2342,9,10
S3200688,P001,911,2348,9,10
S3200688,P002,911,2348,10,10
S3200688,P003,911,2348,7,10
S3200688,P004,911,2348,9,10
S3200688,P001,222,2300,47,10
S3200688,P001,223,2300,57,10
S3200688,P001,236,2300,4,10
S3200688,P001,248,2300,1571933,10
S3200688,P001,259,2300,96,10
S3200688,P002,222,2300,52,10
S3200688,P002,223,2300,59,10
S3200688,P002,236,2300,6,10
S3200688,P002,248,2300,1483149,10
S3200688,P002,259,2300,90,10
S3200688,P003,222,2300,52,10
S3200688,P003,223,2300,55,10
S3200688,P003,236,2300,5,10
S3200688,P003,248,2300,2098254,10
S3200688,P003,259,2300,97,10
S3200688,P004,222,2300,47,10
S3200688,P004,223,2300,61,10
S3200688,P004,236,2300,5,10
S3200688,P004,248,2300,1946545,10
S3200688,P004,259,2300,98,10
S3200688,P504,223,2300,16,10
S3200688,P504,236,2300,15,10
S3200688,P504,248,2300,1770508,10
S3200688,P504,259,2300,102,10
S3200688,P604,223,2300,17,10
S3200688,P604,236,2300,15,10
S3200688,P604,248,2300,2084983,10
S3200688,P604,259,2300,107,10
S3200688,P704,223,2300,20,10
S3200688,P704,236,2300,16,10
S3200688,P704,248,2300,2118796,10
S3200688,P704,259,2300,106,10
S3200688,P804,223,2300,19,10
S3200688,P804,236,2300,15,10
S3200688,P804,248,2300,2346025,10
S3200688,P804,259,2300,108,10
S3200688,P904,223,2300,19,10
S3200688,P904,236,2300,15,10
S3200688,P904,248,2300,1168996,10
S3200688,P904,259,2300,104,10
S3200688,P001,922,2345,47,10
S3200688,P001,923,2345,57,10
S3200688,P001,936,2345,4,10
S3200688,P002,922,2345,51,10
S3200688,P002,923,2345,58,10
S3200688,P002,936,2345,6,10
S3200688,P003,922,2345,51,10
S3200688,P003,923,2345,57,10
S3200688,P003,936,2345,5,10
S3200688,P004,922,2345,46,10
S3200688,P004,923,2345,62,10
S3200688,P004,936,2345,5,10
S3200688,P504,923,2345,16,10
S3200688,P504,936,2345,15,10
S3200688,P604,923,2345,16,10
S3200688,P604,936,2345,15,10
S3200688,P704,923,2345,20,10
S3200688,P704,936,2345,16,10
S3200688,P804,923,2345,19,10
S3200688,P804,936,2345,15,10
S3200688,P904,923,2345,19,10
S3200688,P904,936,2345,15,10
S3200688,P001,911,2354,9,10
S3200688,P002,911,2354,10,10
S3200688,P003,911,2354,7,10
S3200688,P004,911,2354,9,10
E5602998,P001,911,1536,0,10
E5602998,P002,911,1536,4,10
E5602998,P003,911,1536,0,00
E5602998,P004,911,1536,3,10
E5602998,P001,922,1530,1,10
E5602998,P001,923,1530,96,10
E5602998,P001,924,1530,0,10
E5602998,P001,926,1530,14,10
E5602998,P001,937,1530,9,10
E5602998,P001,936,1530,8,10
E5602998,P002,922,1530,0,10
E5602998,P002,923,1530,89,10
E5602998,P002,924,1530,9,10
E5602998,P002,926,1530,13,10
E5602998,P002,937,1530,8,10
E5602998,P002,936,1530,8,10
E5602998,P003,922,1530,0,00
E5602998,P003,923,1530,0,00
E5602998,P003,924,1530,0,00
E5602998,P003,926,1530,0,00
E5602998,P003,937,1530,0,00
E5602998,P003,936,1530,0,00
E5602998,P004,922,1530,7,10
E5602998,P004,923,1530,61,10
E5602998,P004,924,1530,2,10
E5602998,P004,926,1530,15,10
E5602998,P004,937,1530,10,10
E5602998,P004,936,1530,12,10
E5602998,P001,911,1542,0,10
E5602998,P002,911,1542,4,10
E5602998,P003,911,1542,0,00
E5602998,P004,911,1542,3,10
E5602998,P001,911,1548,0,10
E5602998,P002,911,1548,4,10
E5602998,P003,911,1548,0,00
E5602998,P004,911,1548,3,10
E5602998,P001,911,1554,0,10
E5602998,P001,222,1500,1,10
E5602998,P001,922,1545,1,10
E5602998,P001,223,1500,94,10
E5602998,P001,923,1545,82,10
E5602998,P001,224,1500,1,10
E5602998,P001,924,1545,2,10
E5602998,P001,226,1500,15,10
E5602998,P001,926,1545,13,10
E5602998,P001,237,1500,9,10
E5602998,P001,937,1545,10,10
E5602998,P001,236,1500,9,10
E5602998,P001,936,1545,7,10
E5602998,P001,248,1500,91042,10
E5602998,P001,259,1500,151,10
E5602998,P002,911,1554,4,10
E5602998,P002,222,1500,0,10
E5602998,P002,922,1545,0,10
E5602998,P002,223,1500,90,10
E5602998,P002,923,1545,90,10
E5602998,P002,224,1500,2,10
E5602998,P002,924,1545,0,10
E5602998,P002,226,1500,14,10
E5602998,P002,926,1545,13,10
E5602998,P002,237,1500,8,10
E5602998,P002,937,1545,8,10
E5602998,P002,236,1500,8,10
E5602998,P002,936,1545,8,10
E5602998,P002,248,1500,105397,10
E5602998,P002,259,1500,145,10
E5602998,P003,911,1554,0,00
E5602998,P003,222,1500,0,00
E5602998,P003,922,1545,0,00
E5602998,P003,223,1500,0,00
E5602998,P003,923,1545,0,00
E5602998,P003,224,1500,0,00
E5602998,P003,924,1545,0,00
E5602998,P003,226,1500,0,00
E5602998,P003,926,1545,0,00
E5602998,P003,237,1500,0,00
E5602998,P003,937,1545,0,00
E5602998,P003,236,1500,0,00
E5602998,P003,936,1545,0,00
E5602998,P003,248,1500,0,00
E5602998,P003,259,1500,0,00
E5602998,P004,911,1554,3,10
E5602998,P004,222,1500,7,10
E5602998,P004,922,1545,7,10
E5602998,P004,223,1500,52,10
E5602998,P004,923,1545,67,10
E5602998,P004,224,1500,2,10
E5602998,P004,924,1545,3,10
E5602998,P004,226,1500,14,10
E5602998,P004,926,1545,13,10
E5602998,P004,237,1500,9,10
E5602998,P004,937,1545,11,10
E5602998,P004,236,1500,12,10
E5602998,P004,936,1545,13,10
E5602998,P004,248,1500,69134,10
E5602998,P004,259,1500,151,10
E5602998,P001,911,1600,0,10
E5602998,P002,911,1600,4,10
E5602998,P003,911,1600,0,00
E5602998,P004,911,1600,3,10
E5602998,P001,911,1606,0,10
E5602998,P002,911,1606,4,10
E5602998,P003,911,1606,0,00
E5602998,P004,911,1606,3,10
E5602998,P001,922,1600,1,10
E5602998,P001,923,1600,78,10
E5602998,P001,924,1600,1,10
E5602998,P001,926,1600,14,10
E5602998,P001,937,1600,10,10
E5602998,P001,936,1600,7,10
E5602998,P002,922,1600,0,10
E5602998,P002,923,1600,98,10
E5602998,P002,924,1600,0,10
E5602998,P002,926,1600,13,10
E5602998,P002,937,1600,8,10
E5602998,P002,936,1600,8,10
E5602998,P003,922,1600,0,00
E5602998,P003,923,1600,0,00
E5602998,P003,924,1600,0,00
E5602998,P003,926,1600,0,00
E5602998,P003,937,1600,0,00
E5602998,P003,936,1600,0,00
E5602998,P004,922,1600,6,10
E5602998,P004,923,1600,79,10
E5602998,P004,924,1600,3,10
E5602998,P004,926,1600,11,10
E5602998,P004,937,1600,11,10
E5602998,P004,936,1600,13,10
E5602998,P001,911,1612,0,10
E5602998,P002,911,1612,4,10
E5602998,P003,911,1612,0,00
E5602998,P004,911,1612,3,10
E5602998,P001,911,1618,0,10
E5602998,P002,911,1618,4,10
E5602998,P003,911,1618,0,00
E5602998,P004,911,1618,3,10
E5602998,P001,911,1624,0,10
E5602998,P001,922,1615,1,10
E5602998,P001,923,1615,74,10
E5602998,P001,924,1615,7,10
E5602998,P001,926,1615,13,10
E5602998,P001,937,1615,10,10
E5602998,P001,936,1615,7,10
E5602998,P002,911,1624,4,10
E5602998,P002,922,1615,0,10
E5602998,P002,923,1615,97,10
E5602998,P002,924,1615,0,10
E5602998,P002,926,1615,12,10
E5602998,P002,937,1615,8,10
E5602998,P002,936,1615,7,10
E5602998,P003,911,1624,0,00
E5602998,P003,922,1615,0,00
E5602998,P003,923,1615,0,00
E5602998,P003,924,1615,0,00
E5602998,P003,926,1615,0,00
E5602998,P003,937,1615,0,00
E5602998,P003,936,1615,0,00
E5602998,P004,911,1624,3,10
E5602998,P004,922,1615,6,10
E5602998,P004,923,1615,75,10
E5602998,P004,924,1615,3,10
E5602998,P004,926,1615,12,10
E5602998,P004,937,1615,11,10
E5602998,P004,936,1615,12,10
E5602998,P001,911,1630,0,10
E5602998,P002,911,1630,4,10
E5602998,P003,911,1630,0,00
E5602998,P004,911,1630,3,10
E5602998,P001,911,1636,0,10
E5602998,P002,911,1636,4,10
E5602998,P003,911,1636,0,00
E5602998,P004,911,1636,3,10
E5602998,P001,922,1630,2,10
E5602998,P001,923,1630,83,10
E5602998,P001,924,1630,45,10
E5602998,P001,926,1630,16,10
E5602998,P001,937,1630,10,10
E5602998,P001,936,1630,8,10
E5602998,P002,922,1630,0,10
E5602998,P002,923,1630,89,10
E5602998,P002,924,1630,0,10
E5602998,P002,926,1630,12,10
E5602998,P002,937,1630,9,10
E5602998,P002,936,1630,7,10
E5602998,P003,922,1630,0,00
E5602998,P003,923,1630,0,00
E5602998,P003,924,1630,0,00
E5602998,P003,926,1630,0,00
E5602998,P003,937,1630,0,00
E5602998,P003,936,1630,0,00
E5602998,P004,922,1630,7,10
E5602998,P004,923,1630,50,10
E5602998,P004,924,1630,2,10
E5602998,P004,926,1630,14,10
E5602998,P004,937,1630,10,10
E5602998,P004,936,1630,11,10
E5602998,P001,911,1642,0,10
E5602998,P002,911,1642,4,10
E5602998,P003,911,1642,0,00
E5602998,P004,911,1642,3,10
E5602998,P001,911,1648,0,10
E5602998,P002,911,1648,4,10
E5602998,P003,911,1648,0,00
E5602998,P004,911,1648,3,10
E5602998,P001,911,1654,0,10
E5602998,P001,222,1600,2,10
E5602998,P001,922,1645,2,10
E5602998,P001,223,1600,81,10
E5602998,P001,923,1645,90,10
E5602998,P001,224,1600,15,10
E5602998,P001,924,1645,6,10
E5602998,P001,226,1600,15,10
E5602998,P001,926,1645,19,10
E5602998,P001,237,1600,10,10
E5602998,P001,937,1645,9,10
E5602998,P001,236,1600,7,10
E5602998,P001,936,1645,8,10
E5602998,P001,248,1600,99114,10
E5602998,P001,259,1600,151,10
E5602998,P002,911,1654,4,10
E5602998,P002,222,1600,0,10
E5602998,P002,922,1645,0,10
E5602998,P002,223,1600,93,10
E5602998,P002,923,1645,86,10
E5602998,P002,224,1600,0,10
E5602998,P002,924,1645,0,10
E5602998,P002,226,1600,13,10
E5602998,P002,926,1645,13,10
E5602998,P002,237,1600,8,10
E5602998,P002,937,1645,8,10
E5602998,P002,236,1600,8,10
E5602998,P002,936,1645,8,10
E5602998,P002,248,1600,110741,10
E5602998,P002,259,1600,145,10
E5602998,P003,911,1654,0,00
E5602998,P003,222,1600,0,00
E5602998,P003,922,1645,0,00
E5602998,P003,223,1600,0,00
E5602998,P003,923,1645,0,00
E5602998,P003,224,1600,0,00
E5602998,P003,924,1645,0,00
E5602998,P003,226,1600,0,00
E5602998,P003,926,1645,0,00
E5602998,P003,237,1600,0,00
E5602998,P003,937,1645,0,00
E5602998,P003,236,1600,0,00
E5602998,P003,936,1645,0,00
E5602998,P003,248,1600,0,00
E5602998,P003,259,1600,0,00
E5602998,P004,911,1654,3,10
E5602998,P004,222,1600,7,10
E5602998,P004,922,1645,9,10
E5602998,P004,223,1600,58,10
E5602998,P004,923,1645,30,10
E5602998,P004,224,1600,2,10
E5602998,P004,924,1645,1,10
E5602998,P004,226,1600,14,10
E5602998,P004,926,1645,18,10
E5602998,P004,237,1600,10,10
E5602998,P004,937,1645,10,10
E5602998,P004,236,1600,11,10
E5602998,P004,936,1645,10,10
E5602998,P004,248,1600,69862,10
E5602998,P004,259,1600,151,10
E5602998,P001,911,1700,0,10
E5602998,P002,911,1700,4,10
E5602998,P003,911,1700,0,00
E5602998,P004,911,1700,3,10
E5602998,P001,911,1706,0,10
E5602998,P002,911,1706,4,10
E5602998,P003,911,1706,0,00
E5602998,P004,911,1706,3,10
E5602998,P001,922,1700,2,10
E5602998,P001,923,1700,86,10
E5602998,P001,924,1700,3,10
E5602998,P001,926,1700,16,10
E5602998,P001,937,1700,9,10
E5602998,P001,936,1700,8,10
E5602998,P002,922,1700,0,10
E5602998,P002,923,1700,89,10
E5602998,P002,924,1700,0,10
E5602998,P002,926,1700,13,10
E5602998,P002,937,1700,8,10
E5602998,P002,936,1700,8,10
E5602998,P003,922,1700,0,00
E5602998,P003,923,1700,0,00
E5602998,P003,924,1700,0,00
E5602998,P003,926,1700,0,00
E5602998,P003,937,1700,0,00
E5602998,P003,936,1700,0,00
E5602998,P004,922,1700,9,10
E5602998,P004,923,1700,26,10
E5602998,P004,924,1700,1,10
E5602998,P004,926,1700,18,10
E5602998,P004,937,1700,10,10
E5602998,P004,936,1700,11,10
E5602998,P001,911,1712,0,10
E5602998,P002,911,1712,4,10
E5602998,P003,911,1712,0,00
E5602998,P004,911,1712,3,10
E5602998,P001,911,1718,0,10
E5602998,P002,911,1718,4,10
E5602998,P003,911,1718,0,00
E5602998,P004,911,1718,3,10
E5602998,P001,911,1724,0,10
E5602998,P001,922,1715,2,10
E5602998,P001,923,1715,82,10
E5602998,P001,924,1715,34,10
E5602998,P001,926,1715,14,10
E5602998,P001,937,1715,9,10
E5602998,P001,936,1715,8,10
E5602998,P002,911,1724,4,10
E5602998,P002,922,1715,0,10
E5602998,P002,923,1715,92,10
E5602998,P002,924,1715,0,10
E5602998,P002,926,1715,14,10
E5602998,P002,937,1715,8,10
E5602998,P002,936,1715,8,10
E5602998,P003,911,1724,0,00
E5602998,P003,922,1715,0,00
E5602998,P003,923,1715,0,00
E5602998,P003,924,1715,0,00
E5602998,P003,926,1715,0,00
E5602998,P003,937,1715,0,00
E5602998,P003,936,1715,0,00
E5602998,P004,911,1724,3,10
E5602998,P004,922,1715,5,10
E5602998,P004,923,1715,32,10
E5602998,P004,924,1715,1,10
E5602998,P004,926,1715,10,10
E5602998,P004,937,1715,10,10
E5602998,P004,936,1715,11,10
E5602998,P001,911,1730,0,10
E5602998,P002,911,1730,4,10
E5602998,P003,911,1730,0,00
E5602998,P004,911,1730,3,10
E5602998,P001,911,1736,0,10
E5602998,P002,911,1736,4,10
E5602998,P003,911,1736,0,00
E5602998,P004,911,1736,3,10
E5602998,P001,922,1730,10,10
E5602998,P001,923,1730,70,10
E5602998,P001,924,1730,69,10
E5602998,P001,926,1730,18,10
E5602998,P001,937,1730,10,10
E5602998,P001,936,1730,6,10
E5602998,P002,922,1730,0,10
E5602998,P002,923,1730,97,10
E5602998,P002,924,1730,0,10
E5602998,P002,926,1730,15,10
E5602998,P002,937,1730,7,10
E5602998,P002,936,1730,10,10
E5602998,P003,922,1730,0,00
E5602998,P003,923,1730,0,00
E5602998,P003,924,1730,0,00
E5602998,P003,926,1730,0,00
E5602998,P003,937,1730,0,00
E5602998,P003,936,1730,0,00
E5602998,P004,922,1730,6,10
E5602998,P004,923,1730,37,10
E5602998,P004,924,1730,2,10
E5602998,P004,926,1730,12,10
E5602998,P004,937,1730,11,10
E5602998,P004,936,1730,12,10
E5602998,P001,911,1742,0,10
E5602998,P002,911,1742,4,10
E5602998,P003,911,1742,0,00
E5602998,P004,911,1742,3,10
E5602998,P001,911,1748,0,10
E5602998,P002,911,1748,4,10
E5602998,P003,911,1748,0,00
E5602998,P004,911,1748,3,10
E5602998,P001,911,1754,0,10
E5602998,P001,222,1700,5,10
E5602998,P001,922,1745,6,10
E5602998,P001,223,1700,79,10
E5602998,P001,923,1745,80,10
E5602998,P001,224,1700,28,10
E5602998,P001,924,1745,5,10
E5602998,P001,226,1700,18,10
E5602998,P001,926,1745,22,10
E5602998,P001,237,1700,9,10
E5602998,P001,937,1745,9,10
E5602998,P001,236,1700,7,10
E5602998,P001,936,1745,7,10
E5602998,P001,248,1700,99632,10
E5602998,P001,259,1700,151,10
E5602998,P002,911,1754,4,10
E5602998,P002,222,1700,0,10
E5602998,P002,922,1745,0,10
E5602998,P002,223,1700,98,10
E5602998,P002,923,1745,113,10
E5602998,P002,224,1700,0,10
E5602998,P002,924,1745,0,10
E5602998,P002,226,1700,14,10
E5602998,P002,926,1745,14,10
E5602998,P002,237,1700,7,10
E5602998,P002,937,1745,6,10
E5602998,P002,236,1700,9,10
E5602998,P002,936,1745,10,10
E5602998,P002,248,1700,100816,10
E5602998,P002,259,1700,145,10
E5602998,P003,911,1754,0,00
E5602998,P003,222,1700,0,00
E5602998,P003,922,1745,0,00
E5602998,P003,223,1700,0,00
E5602998,P003,923,1745,0,00
E5602998,P003,224,1700,0,00
E5602998,P003,924,1745,0,00
E5602998,P003,226,1700,0,00
E5602998,P003,926,1745,0,00
E5602998,P003,237,1700,0,00
E5602998,P003,937,1745,0,00
E5602998,P003,236,1700,0,00
E5602998,P003,936,1745,0,00
E5602998,P003,248,1700,0,00
E5602998,P003,259,1700,0,00
E5602998,P004,911,1754,3,10
E5602998,P004,222,1700,6,10
E5602998,P004,922,1745,6,10
E5602998,P004,223,1700,35,10
E5602998,P004,923,1745,45,10
E5602998,P004,224,1700,1,10
E5602998,P004,924,1745,2,10
E5602998,P004,226,1700,13,10
E5602998,P004,926,1745,12,10
E5602998,P004,237,1700,10,10
E5602998,P004,937,1745,10,10
E5602998,P004,236,1700,11,10
E5602998,P004,936,1745,11,10
E5602998,P004,248,1700,72268,10
E5602998,P004,259,1700,151,10
E5602998,P001,911,1800,0,10
E5602998,P002,911,1800,4,10
E5602998,P003,911,1800,0,00
E5602998,P004,911,1800,3,10
E5602998,P001,911,1806,0,10
E5602998,P002,911,1806,4,10
E5602998,P003,911,1806,0,00
E5602998,P004,911,1806,3,10
E5602998,P001,922,1800,1,10
E5602998,P001,923,1800,67,10
E5602998,P001,924,1800,8,10
E5602998,P001,926,1800,12,10
E5602998,P001,937,1800,10,10
E5602998,P001,936,1800,6,10
E5602998,P002,922,1800,0,10
E5602998,P002,923,1800,107,10
E5602998,P002,924,1800,0,10
E5602998,P002,926,1800,12,10
E5602998,P002,937,1800,7,10
E5602998,P002,936,1800,9,10
E5602998,P003,922,1800,0,00
E5602998,P003,923,1800,0,00
E5602998,P003,924,1800,0,00
E5602998,P003,926,1800,0,00
E5602998,P003,937,1800,0,00
E5602998,P003,936,1800,0,00
E5602998,P004,922,1800,6,10
E5602998,P004,923,1800,32,10
E5602998,P004,924,1800,1,10
E5602998,P004,926,1800,13,10
E5602998,P004,937,1800,11,10
E5602998,P004,936,1800,11,10
E5602998,P001,911,1812,0,10
E5602998,P002,911,1812,4,10
E5602998,P003,911,1812,0,00
E5602998,P004,911,1812,3,10
E5602998,P001,911,1818,0,10
E5602998,P002,911,1818,4,10
E5602998,P003,911,1818,0,00
E5602998,P004,911,1818,3,10
E5602998,P001,911,1824,0,10
E5602998,P001,922,1815,1,10
E5602998,P001,923,1815,57,10
E5602998,P001,924,1815,48,10
E5602998,P001,926,1815,13,10
E5602998,P001,937,1815,11,10
E5602998,P001,936,1815,5,10
E5602998,P002,911,1824,4,10
E5602998,P002,922,1815,1,10
E5602998,P002,923,1815,109,10
E5602998,P002,924,1815,0,10
E5602998,P002,926,1815,11,10
E5602998,P002,937,1815,8,10
E5602998,P002,936,1815,8,10
E5602998,P003,911,1824,0,00
E5602998,P003,922,1815,0,00
E5602998,P003,923,1815,0,00
E5602998,P003,924,1815,0,00
E5602998,P003,926,1815,0,00
E5602998,P003,937,1815,0,00
E5602998,P003,936,1815,0,00
E5602998,P004,911,1824,3,10
E5602998,P004,922,1815,7,10
E5602998,P004,923,1815,40,10
E5602998,P004,924,1815,2,10
E5602998,P004,926,1815,13,10
E5602998,P004,937,1815,11,10
E5602998,P004,936,1815,11,10
E5602998,P001,911,1830,0,10
E5602998,P002,911,1830,4,10
E5602998,P003,911,1830,0,00
E5602998,P004,911,1830,3,10
E5602998,P001,911,1836,0,10
E5602998,P002,911,1836,4,10
E5602998,P003,911,1836,0,00
E5602998,P004,911,1836,3,10
E5602998,P001,922,1830,4,10
E5602998,P001,923,1830,65,10
E5602998,P001,924,1830,86,10
E5602998,P001,926,1830,16,10
E5602998,P001,937,1830,11,10
E5602998,P001,936,1830,6,10
E5602998,P002,922,1830,6,10
E5602998,P002,923,1830,87,10
E5602998,P002,924,1830,0,10
E5602998,P002,926,1830,15,10
E5602998,P002,937,1830,9,10
E5602998,P002,936,1830,7,10
E5602998,P003,922,1830,0,00
E5602998,P003,923,1830,0,00
E5602998,P003,924,1830,0,00
E5602998,P003,926,1830,0,00
E5602998,P003,937,1830,0,00
E5602998,P003,936,1830,0,00
E5602998,P004,922,1830,8,10
E5602998,P004,923,1830,63,10
E5602998,P004,924,1830,3,10
E5602998,P004,926,1830,16,10
E5602998,P004,937,1830,12,10
E5602998,P004,936,1830,12,10
E5602998,P001,911,1842,0,10
E5602998,P002,911,1842,4,10
E5602998,P003,911,1842,0,00
E5602998,P004,911,1842,3,10
E5602998,P001,911,1848,0,10
E5602998,P002,911,1848,4,10
E5602998,P003,911,1848,0,00
E5602998,P004,911,1848,3,10
E5602998,P001,911,1854,0,10
E5602998,P001,222,1800,2,10
E5602998,P001,922,1845,2,10
E5602998,P001,223,1800,72,10
E5602998,P001,923,1845,101,10
E5602998,P001,224,1800,41,10
E5602998,P001,924,1845,22,10
E5602998,P001,226,1800,15,10
E5602998,P001,926,1845,17,10
E5602998,P001,237,1800,10,10
E5602998,P001,937,1845,9,10
E5602998,P001,236,1800,6,10
E5602998,P001,936,1845,8,10
E5602998,P001,248,1800,103088,10
E5602998,P001,259,1800,151,10
E5602998,P002,911,1854,4,10
E5602998,P002,222,1800,7,10
E5602998,P002,922,1845,22,10
E5602998,P002,223,1800,96,10
E5602998,P002,923,1845,83,10
E5602998,P002,224,1800,0,10
E5602998,P002,924,1845,1,10
E5602998,P002,226,1800,16,10
E5602998,P002,926,1845,28,10
E5602998,P002,237,1800,8,10
E5602998,P002,937,1845,8,10
E5602998,P002,236,1800,8,10
E5602998,P002,936,1845,8,10
E5602998,P002,248,1800,106587,10
E5602998,P002,259,1800,145,10
E5602998,P003,911,1854,0,00
E5602998,P003,222,1800,0,00
E5602998,P003,922,1845,0,00
E5602998,P003,223,1800,0,00
E5602998,P003,923,1845,0,00
E5602998,P003,224,1800,0,00
E5602998,P003,924,1845,0,00
E5602998,P003,226,1800,0,00
E5602998,P003,926,1845,0,00
E5602998,P003,237,1800,0,00
E5602998,P003,937,1845,0,00
E5602998,P003,236,1800,0,00
E5602998,P003,936,1845,0,00
E5602998,P003,248,1800,0,00
E5602998,P003,259,1800,0,00
E5602998,P004,911,1854,3,10
E5602998,P004,222,1800,7,10
E5602998,P004,922,1845,8,10
E5602998,P004,223,1800,43,10
E5602998,P004,923,1845,34,10
E5602998,P004,224,1800,2,10
E5602998,P004,924,1845,1,10
E5602998,P004,226,1800,15,10
E5602998,P004,926,1845,17,10
E5602998,P004,237,1800,11,10
E5602998,P004,937,1845,10,10
E5602998,P004,236,1800,11,10
E5602998,P004,936,1845,11,10
E5602998,P004,248,1800,77676,10
E5602998,P004,259,1800,151,10
E5602998,P001,911,1900,0,10
E5602998,P002,911,1900,4,10
E5602998,P003,911,1900,0,00
E5602998,P004,911,1900,3,10
E5602998,P001,911,1906,0,10
E5602998,P002,911,1906,4,10
E5602998,P003,911,1906,0,00
E5602998,P004,911,1906,3,10
E5602998,P001,922,1900,2,10
E5602998,P001,923,1900,95,10
E5602998,P001,924,1900,4,10
E5602998,P001,926,1900,17,10
E5602998,P001,937,1900,9,10
E5602998,P001,936,1900,8,10
E5602998,P002,922,1900,0,30
E5602998,P002,923,1900,0,30
E5602998,P002,924,1900,0,31
E5602998,P002,926,1900,0,31
E5602998,P002,937,1900,0,31
E5602998,P002,936,1900,0,30
E5602998,P003,922,1900,0,00
E5602998,P003,923,1900,0,00
E5602998,P003,924,1900,0,00
E5602998,P003,926,1900,0,00
E5602998,P003,937,1900,0,00
E5602998,P003,936,1900,0,00
E5602998,P004,922,1900,9,10
E5602998,P004,923,1900,72,10
E5602998,P004,924,1900,3,10
E5602998,P004,926,1900,19,10
E5602998,P004,937,1900,9,10
E5602998,P004,936,1900,12,10
E5602998,P001,911,1912,0,10
E5602998,P002,911,1912,4,10
E5602998,P003,911,1912,0,00
E5602998,P004,911,1912,3,10
E5602998,P001,911,1918,0,10
E5602998,P002,911,1918,4,10
E5602998,P003,911,1918,0,00
E5602998,P004,911,1918,3,10
E5602998,P001,911,1924,0,10
E5602998,P001,922,1915,3,10
E5602998,P001,923,1915,76,10
E5602998,P001,924,1915,8,10
E5602998,P001,926,1915,15,10
E5602998,P001,937,1915,10,10
E5602998,P001,936,1915,6,10
E5602998,P002,911,1924,4,10
E5602998,P002,922,1915,9,10
E5602998,P002,923,1915,94,10
E5602998,P002,924,1915,0,10
E5602998,P002,926,1915,30,10
E5602998,P002,937,1915,8,10
E5602998,P002,936,1915,8,10
E5602998,P003,911,1924,0,00
E5602998,P003,922,1915,0,00
E5602998,P003,923,1915,0,00
E5602998,P003,924,1915,0,00
E5602998,P003,926,1915,0,00
E5602998,P003,937,1915,0,00
E5602998,P003,936,1915,0,00
E5602998,P004,911,1924,3,10
E5602998,P004,922,1915,6,10
E5602998,P004,923,1915,58,10
E5602998,P004,924,1915,2,10
E5602998,P004,926,1915,12,10
E5602998,P004,937,1915,11,10
E5602998,P004,936,1915,12,10
E5602998,P001,911,1930,0,10
E5602998,P002,911,1930,4,10
E5602998,P003,911,1930,0,00
E5602998,P004,911,1930,3,10
E5602998,P001,911,1936,0,10
E5602998,P002,911,1936,4,10
E5602998,P003,911,1936,0,00
E5602998,P004,911,1936,3,10
E5602998,P001,922,1930,8,10
E5602998,P001,923,1930,65,10
E5602998,P001,924,1930,8,10
E5602998,P001,926,1930,20,10
E5602998,P001,937,1930,10,10
E5602998,P001,936,1930,6,10
E5602998,P002,922,1930,5,10
E5602998,P002,923,1930,104,10
E5602998,P002,924,1930,1,10
E5602998,P002,926,1930,23,10
E5602998,P002,937,1930,8,10
E5602998,P002,936,1930,8,10
E5602998,P003,922,1930,0,00
E5602998,P003,923,1930,0,00
E5602998,P003,924,1930,0,00
E5602998,P003,926,1930,0,00
E5602998,P003,937,1930,0,00
E5602998,P003,936,1930,0,00
E5602998,P004,922,1930,6,10
E5602998,P004,923,1930,23,10
E5602998,P004,924,1930,1,10
E5602998,P004,926,1930,12,10
E5602998,P004,937,1930,11,10
E5602998,P004,936,1930,10,10
E5602998,P001,911,1942,0,10
E5602998,P002,911,1942,4,10
E5602998,P003,911,1942,0,00
E5602998,P004,911,1942,3,10
E5602998,P001,911,1948,0,10
E5602998,P002,911,1948,4,10
E5602998,P003,911,1948,0,00
E5602998,P004,911,1948,3,10
E5602998,P001,911,1954,0,10
E5602998,P001,222,1900,6,10
E5602998,P001,922,1945,12,10
E5602998,P001,223,1900,77,10
E5602998,P001,923,1945,70,10
E5602998,P001,224,1900,10,10
E5602998,P001,924,1945,18,10
E5602998,P001,226,1900,18,10
E5602998,P001,926,1945,21,10
E5602998,P001,237,1900,10,10
E5602998,P001,937,1945,10,10
E5602998,P001,236,1900,7,10
E5602998,P001,936,1945,7,10
E5602998,P001,248,1900,103572,10
E5602998,P001,259,1900,150,10
E5602998,P002,911,1954,4,10
E5602998,P002,222,1900,5,10
E5602998,P002,922,1945,1,10
E5602998,P002,223,1900,100,10
E5602998,P002,923,1945,101,10
E5602998,P002,224,1900,0,10
E5602998,P002,924,1945,0,10
E5602998,P002,226,1900,24,10
E5602998,P002,926,1945,20,10
E5602998,P002,237,1900,7,10
E5602998,P002,937,1945,7,10
E5602998,P002,236,1900,9,10
E5602998,P002,936,1945,10,10
E5602998,P002,248,1900,101906,10
E5602998,P002,259,1900,145,10
E5602998,P003,911,1954,0,00
E5602998,P003,222,1900,0,00
E5602998,P003,922,1945,0,00
E5602998,P003,223,1900,0,00
E5602998,P003,923,1945,0,00
E5602998,P003,224,1900,0,00
E5602998,P003,924,1945,0,00
E5602998,P003,226,1900,0,00
E5602998,P003,926,1945,0,00
E5602998,P003,237,1900,0,00
E5602998,P003,937,1945,0,00
E5602998,P003,236,1900,0,00
E5602998,P003,936,1945,0,00
E5602998,P003,248,1900,0,00
E5602998,P003,259,1900,0,00
E5602998,P004,911,1954,3,10
E5602998,P004,222,1900,7,10
E5602998,P004,922,1945,6,10
E5602998,P004,223,1900,42,10
E5602998,P004,923,1945,13,10
E5602998,P004,224,1900,2,10
E5602998,P004,924,1945,1,10
E5602998,P004,226,1900,14,10
E5602998,P004,926,1945,13,10
E5602998,P004,237,1900,10,10
E5602998,P004,937,1945,11,10
E5602998,P004,236,1900,11,10
E5602998,P004,936,1945,10,10
E5602998,P004,248,1900,80140,10
E5602998,P004,259,1900,151,10
E5602998,P001,911,2000,0,32
E5602998,P002,911,2000,0,32
E5602998,P003,911,2000,0,32
E5602998,P004,911,2000,0,32
E5602998,P001,911,2006,0,10
E5602998,P002,911,2006,4,10
E5602998,P003,911,2006,0,00
E5602998,P004,911,2006,3,10
E5602998,P001,922,2000,12,10
E5602998,P001,923,2000,63,10
E5602998,P001,924,2000,49,10
E5602998,P001,926,2000,22,10
E5602998,P001,937,2000,10,10
E5602998,P001,936,2000,6,10
E5602998,P002,922,2000,1,10
E5602998,P002,923,2000,102,10
E5602998,P002,924,2000,0,10
E5602998,P002,926,2000,16,10
E5602998,P002,937,2000,7,10
E5602998,P002,936,2000,8,10
E5602998,P003,922,2000,0,00
E5602998,P003,923,2000,0,00
E5602998,P003,924,2000,0,00
E5602998,P003,926,2000,0,00
E5602998,P003,937,2000,0,00
E5602998,P003,936,2000,0,00
E5602998,P004,922,2000,6,10
E5602998,P004,923,2000,11,10
E5602998,P004,924,2000,0,10
E5602998,P004,926,2000,12,10
E5602998,P004,937,2000,11,10
E5602998,P004,936,2000,10,10
E5602998,P001,911,2012,0,10
E5602998,P002,911,2012,4,10
E5602998,P003,911,2012,0,00
E5602998,P004,911,2012,3,10
E5602998,P001,911,2018,0,10
E5602998,P002,911,2018,4,10
E5602998,P003,911,2018,0,00
E5602998,P004,911,2018,3,10
E5602998,P001,911,2024,0,10
E5602998,P001,922,2015,16,10
E5602998,P001,923,2015,68,10
E5602998,P001,924,2015,14,10
E5602998,P001,926,2015,24,10
E5602998,P001,937,2015,10,10
E5602998,P001,936,2015,6,10
E5602998,P002,911,2024,4,10
E5602998,P002,922,2015,3,10
E5602998,P002,923,2015,87,10
E5602998,P002,924,2015,0,10
E5602998,P002,926,2015,18,10
E5602998,P002,937,2015,8,10
E5602998,P002,936,2015,7,10
E5602998,P003,911,2024,0,00
E5602998,P003,922,2015,0,00
E5602998,P003,923,2015,0,00
E5602998,P003,924,2015,0,00
E5602998,P003,926,2015,0,00
E5602998,P003,937,2015,0,00
E5602998,P003,936,2015,0,00
E5602998,P004,911,2024,3,10
E5602998,P004,922,2015,9,10
E5602998,P004,923,2015,12,10
E5602998,P004,924,2015,0,10
E5602998,P004,926,2015,18,10
E5602998,P004,937,2015,11,10
E5602998,P004,936,2015,10,10
E5602998,P001,911,2030,0,10
E5602998,P002,911,2030,4,10
E5602998,P003,911,2030,0,00
E5602998,P004,911,2030,3,10
E5602998,P001,911,2036,0,10
E5602998,P002,911,2036,4,10
E5602998,P003,911,2036,0,00
E5602998,P004,911,2036,3,10
E5602998,P001,922,2030,11,10
E5602998,P001,923,2030,78,10
E5602998,P001,924,2030,2,10
E5602998,P001,926,2030,24,10
E5602998,P001,937,2030,9,10
E5602998,P001,936,2030,7,10
E5602998,P002,922,2030,12,10
E5602998,P002,923,2030,81,10
E5602998,P002,924,2030,3,10
E5602998,P002,926,2030,23,10
E5602998,P002,937,2030,8,10
E5602998,P002,936,2030,8,10
E5602998,P003,922,2030,0,00
E5602998,P003,923,2030,0,00
E5602998,P003,924,2030,0,00
E5602998,P003,926,2030,0,00
E5602998,P003,937,2030,0,00
E5602998,P003,936,2030,0,00
E5602998,P004,922,2030,9,10
E5602998,P004,923,2030,18,10
E5602998,P004,924,2030,1,10
E5602998,P004,926,2030,18,10
E5602998,P004,937,2030,10,10
E5602998,P004,936,2030,11,10
E5602998,P001,911,2042,0,10
E5602998,P002,911,2042,4,10
E5602998,P003,911,2042,0,00
E5602998,P004,911,2042,3,10
E5602998,P001,911,2048,0,10
E5602998,P002,911,2048,4,10
E5602998,P003,911,2048,0,00
E5602998,P004,911,2048,3,10
E5602998,P001,911,2054,0,10
E5602998,P001,222,2000,11,10
E5602998,P001,922,2045,5,10
E5602998,P001,223,2000,73,10
E5602998,P001,923,2045,82,10
E5602998,P001,224,2000,18,10
E5602998,P001,924,2045,5,10
E5602998,P001,226,2000,22,10
E5602998,P001,926,2045,18,10
E5602998,P001,237,2000,10,10
E5602998,P001,937,2045,10,10
E5602998,P001,236,2000,7,10
E5602998,P001,936,2045,7,10
E5602998,P001,248,2000,104978,10
E5602998,P001,259,2000,149,10
E5602998,P002,911,2054,4,10
E5602998,P002,222,2000,5,10
E5602998,P002,922,2045,3,10
E5602998,P002,223,2000,89,10
E5602998,P002,923,2045,85,10
E5602998,P002,224,2000,2,10
E5602998,P002,924,2045,3,10
E5602998,P002,226,2000,19,10
E5602998,P002,926,2045,20,10
E5602998,P002,237,2000,8,10
E5602998,P002,937,2045,8,10
E5602998,P002,236,2000,8,10
E5602998,P002,936,2045,8,10
E5602998,P002,248,2000,106140,10
E5602998,P002,259,2000,145,10
E5602998,P003,911,2054,0,00
E5602998,P003,222,2000,0,00
E5602998,P003,922,2045,0,00
E5602998,P003,223,2000,0,00
E5602998,P003,923,2045,0,00
E5602998,P003,224,2000,0,00
E5602998,P003,924,2045,0,00
E5602998,P003,226,2000,0,00
E5602998,P003,926,2045,0,00
E5602998,P003,237,2000,0,00
E5602998,P003,937,2045,0,00
E5602998,P003,236,2000,0,00
E5602998,P003,936,2045,0,00
E5602998,P003,248,2000,0,00
E5602998,P003,259,2000,0,00
E5602998,P004,911,2054,3,10
E5602998,P004,222,2000,8,10
E5602998,P004,922,2045,9,10
E5602998,P004,223,2000,15,10
E5602998,P004,923,2045,18,10
E5602998,P004,224,2000,1,10
E5602998,P004,924,2045,1,10
E5602998,P004,226,2000,16,10
E5602998,P004,926,2045,17,10
E5602998,P004,237,2000,11,10
E5602998,P004,937,2045,10,10
E5602998,P004,236,2000,10,10
E5602998,P004,936,2045,11,10
E5602998,P004,248,2000,83424,10
E5602998,P004,259,2000,151,10
E5602998,P001,911,2100,0,10
E5602998,P002,911,2100,4,10
E5602998,P003,911,2100,0,00
E5602998,P004,911,2100,3,10
E5602998,P001,911,2106,0,10
E5602998,P002,911,2106,4,10
E5602998,P003,911,2106,0,00
E5602998,P004,911,2106,3,10
E5602998,P001,922,2100,4,10
E5602998,P001,923,2100,89,10
E5602998,P001,924,2100,5,10
E5602998,P001,926,2100,13,10
E5602998,P001,937,2100,9,10
E5602998,P001,936,2100,7,10
E5602998,P002,922,2100,1,10
E5602998,P002,923,2100,94,10
E5602998,P002,924,2100,1,10
E5602998,P002,926,2100,17,10
E5602998,P002,937,2100,7,10
E5602998,P002,936,2100,9,10
E5602998,P003,922,2100,0,00
E5602998,P003,923,2100,0,00
E5602998,P003,924,2100,0,00
E5602998,P003,926,2100,0,00
E5602998,P003,937,2100,0,00
E5602998,P003,936,2100,0,00
E5602998,P004,922,2100,8,10
E5602998,P004,923,2100,12,10
E5602998,P004,924,2100,0,10
E5602998,P004,926,2100,16,10
E5602998,P004,937,2100,10,10
E5602998,P004,936,2100,10,10
E5602998,P001,911,2112,0,10
E5602998,P002,911,2112,4,10
E5602998,P003,911,2112,0,00
E5602998,P004,911,2112,3,10
E5602998,P001,911,2118,0,10
E5602998,P002,911,2118,4,10
E5602998,P003,911,2118,0,00
E5602998,P004,911,2118,3,10
E5602998,P001,911,2124,0,10
E5602998,P001,922,2115,4,10
E5602998,P001,923,2115,83,10
E5602998,P001,924,2115,5,10
E5602998,P001,926,2115,19,10
E5602998,P001,937,2115,10,10
E5602998,P001,936,2115,7,10
E5602998,P002,911,2124,4,10
E5602998,P002,922,2115,4,10
E5602998,P002,923,2115,92,10
E5602998,P002,924,2115,6,10
E5602998,P002,926,2115,19,10
E5602998,P002,937,2115,8,10
E5602998,P002,936,2115,8,10
E5602998,P003,911,2124,0,00
E5602998,P003,922,2115,0,00
E5602998,P003,923,2115,0,00
E5602998,P003,924,2115,0,00
E5602998,P003,926,2115,0,00
E5602998,P003,937,2115,0,00
E5602998,P003,936,2115,0,00
E5602998,P004,911,2124,3,10
E5602998,P004,922,2115,9,10
E5602998,P004,923,2115,12,10
E5602998,P004,924,2115,1,10
E5602998,P004,926,2115,18,10
E5602998,P004,937,2115,10,10
E5602998,P004,936,2115,10,10
E5602998,P001,911,2130,0,10
E5602998,P002,911,2130,4,10
E5602998,P003,911,2130,0,00
E5602998,P004,911,2130,3,10
E5602998,P001,911,2136,0,10
E5602998,P002,911,2136,4,10
E5602998,P003,911,2136,0,00
E5602998,P004,911,2136,3,10
E5602998,P001,922,2130,7,10
E5602998,P001,923,2130,80,10
E5602998,P001,924,2130,4,10
E5602998,P001,926,2130,17,10
E5602998,P001,937,2130,10,10
E5602998,P001,936,2130,7,10
E5602998,P002,922,2130,8,10
E5602998,P002,923,2130,86,10
E5602998,P002,924,2130,6,10
E5602998,P002,926,2130,24,10
E5602998,P002,937,2130,8,10
E5602998,P002,936,2130,9,10
E5602998,P003,922,2130,0,00
E5602998,P003,923,2130,0,00
E5602998,P003,924,2130,0,00
E5602998,P003,926,2130,0,00
E5602998,P003,937,2130,0,00
E5602998,P003,936,2130,0,00
E5602998,P004,922,2130,10,10
E5602998,P004,923,2130,16,10
E5602998,P004,924,2130,1,10
E5602998,P004,926,2130,19,10
E5602998,P004,937,2130,11,10
E5602998,P004,936,2130,9,10
E5602998,P001,911,2142,0,10
E5602998,P002,911,2142,4,10
E5602998,P003,911,2142,0,00
E5602998,P004,911,2142,3,10
E5602998,P001,911,2148,0,10
E5602998,P002,911,2148,4,10
E5602998,P003,911,2148,0,00
E5602998,P004,911,2148,3,10
E5602998,P001,911,2154,0,10
E5602998,P001,222,2100,5,10
E5602998,P001,922,2145,7,10
E5602998,P001,223,2100,83,10
E5602998,P001,923,2145,81,10
E5602998,P001,224,2100,5,10
E5602998,P001,924,2145,5,10
E5602998,P001,226,2100,17,10
E5602998,P001,926,2145,19,10
E5602998,P001,237,2100,10,10
E5602998,P001,937,2145,10,10
E5602998,P001,236,2100,7,10
E5602998,P001,936,2145,7,10
E5602998,P001,248,2100,103558,10
E5602998,P001,259,2100,148,10
E5602998,P002,911,2154,4,10
E5602998,P002,222,2100,4,10
E5602998,P002,922,2145,5,10
E5602998,P002,223,2100,91,10
E5602998,P002,923,2145,91,10
E5602998,P002,224,2100,4,10
E5602998,P002,924,2145,3,10
E5602998,P002,226,2100,21,10
E5602998,P002,926,2145,24,10
E5602998,P002,237,2100,8,10
E5602998,P002,937,2145,7,10
E5602998,P002,236,2100,9,10
E5602998,P002,936,2145,9,10
E5602998,P002,248,2100,105054,10
E5602998,P002,259,2100,144,10
E5602998,P003,911,2154,0,00
E5602998,P003,222,2100,0,00
E5602998,P003,922,2145,0,00
E5602998,P003,223,2100,0,00
E5602998,P003,923,2145,0,00
E5602998,P003,224,2100,0,00
E5602998,P003,924,2145,0,00
E5602998,P003,226,2100,0,00
E5602998,P003,926,2145,0,00
E5602998,P003,237,2100,0,00
E5602998,P003,937,2145,0,00
E5602998,P003,236,2100,0,00
E5602998,P003,936,2145,0,00
E5602998,P003,248,2100,0,00
E5602998,P003,259,2100,0,00
E5602998,P004,911,2154,3,10
E5602998,P004,222,2100,9,10
E5602998,P004,922,2145,9,10
E5602998,P004,223,2100,14,10
E5602998,P004,923,2145,16,10
E5602998,P004,224,2100,1,10
E5602998,P004,924,2145,1,10
E5602998,P004,226,2100,17,10
E5602998,P004,926,2145,17,10
E5602998,P004,237,2100,10,10
E5602998,P004,937,2145,11,10
E5602998,P004,236,2100,9,10
E5602998,P004,936,2145,10,10
E5602998,P004,248,2100,95355,10
E5602998,P004,259,2100,150,10
E5602998,P001,911,2200,0,10
E5602998,P002,911,2200,4,10
E5602998,P003,911,2200,0,00
E5602998,P004,911,2200,3,10
E5602998,P001,911,2206,0,10
E5602998,P002,911,2206,4,10
E5602998,P003,911,2206,0,00
E5602998,P004,911,2206,3,10
E5602998,P001,922,2200,12,10
E5602998,P001,923,2200,85,10
E5602998,P001,924,2200,62,10
E5602998,P001,926,2200,23,10
E5602998,P001,937,2200,10,10
E5602998,P001,936,2200,7,10
E5602998,P002,922,2200,1,10
E5602998,P002,923,2200,92,10
E5602998,P002,924,2200,2,10
E5602998,P002,926,2200,17,10
E5602998,P002,937,2200,8,10
E5602998,P002,936,2200,8,10
E5602998,P003,922,2200,0,00
E5602998,P003,923,2200,0,00
E5602998,P003,924,2200,0,00
E5602998,P003,926,2200,0,00
E5602998,P003,937,2200,0,00
E5602998,P003,936,2200,0,00
E5602998,P004,922,2200,7,10
E5602998,P004,923,2200,24,10
E5602998,P004,924,2200,1,10
E5602998,P004,926,2200,15,10
E5602998,P004,937,2200,11,10
E5602998,P004,936,2200,11,10
E5602998,P001,911,2212,0,10
E5602998,P002,911,2212,4,10
E5602998,P003,911,2212,0,00
E5602998,P004,911,2212,0,00
E5602998,P001,911,2218,0,10
E5602998,P002,911,2218,4,10
E5602998,P003,911,2218,0,00
E5602998,P004,911,2218,0,00
E5602998,P001,911,2224,0,10
E5602998,P001,922,2215,8,10
E5602998,P001,923,2215,85,10
E5602998,P001,924,2215,48,10
E5602998,P001,926,2215,22,10
E5602998,P001,937,2215,10,10
E5602998,P001,936,2215,7,10
E5602998,P002,911,2224,4,10
E5602998,P002,922,2215,2,10
E5602998,P002,923,2215,91,10
E5602998,P002,924,2215,2,10
E5602998,P002,926,2215,18,10
E5602998,P002,937,2215,8,10
E5602998,P002,936,2215,8,10
E5602998,P003,911,2224,0,00
E5602998,P003,922,2215,0,00
E5602998,P003,923,2215,0,00
E5602998,P003,924,2215,0,00
E5602998,P003,926,2215,0,00
E5602998,P003,937,2215,0,00
E5602998,P003,936,2215,0,00
E5602998,P004,911,2224,0,00
E5602998,P004,922,2215,0,00
E5602998,P004,923,2215,0,00
E5602998,P004,924,2215,0,00
E5602998,P004,926,2215,0,00
E5602998,P004,937,2215,0,00
E5602998,P004,936,2215,0,00
E5602998,P001,911,2230,0,10
E5602998,P002,911,2230,4,10
E5602998,P003,911,2230,0,00
E5602998,P004,911,2230,0,00
E5602998,P001,911,2236,0,10
E5602998,P002,911,2236,4,10
E5602998,P003,911,2236,0,00
E5602998,P004,911,2236,0,00
E5602998,P001,922,2230,2,10
E5602998,P001,923,2230,76,10
E5602998,P001,924,2230,33,10
E5602998,P001,926,2230,14,10
E5602998,P001,937,2230,10,10
E5602998,P001,936,2230,6,10
E5602998,P002,922,2230,3,10
E5602998,P002,923,2230,93,10
E5602998,P002,924,2230,9,10
E5602998,P002,926,2230,19,10
E5602998,P002,937,2230,8,10
E5602998,P002,936,2230,8,10
E5602998,P003,922,2230,0,00
E5602998,P003,923,2230,0,00
E5602998,P003,924,2230,0,00
E5602998,P003,926,2230,0,00
E5602998,P003,937,2230,0,00
E5602998,P003,936,2230,0,00
E5602998,P004,922,2230,0,00
E5602998,P004,923,2230,0,00
E5602998,P004,924,2230,0,00
E5602998,P004,926,2230,0,00
E5602998,P004,937,2230,0,00
E5602998,P004,936,2230,0,00
E5602998,P001,911,2242,0,10
E5602998,P002,911,2242,4,10
E5602998,P003,911,2242,0,00
E5602998,P004,911,2242,0,00
E5602998,P001,911,2248,0,10
E5602998,P002,911,2248,4,10
E5602998,P003,911,2248,0,00
E5602998,P004,911,2248,0,00
E5602998,P001,911,2254,0,10
E5602998,P001,222,2200,6,10
E5602998,P001,922,2245,5,10
E5602998,P001,223,2200,75,10
E5602998,P001,923,2245,55,10
E5602998,P001,224,2200,58,10
E5602998,P001,924,2245,91,10
E5602998,P001,226,2200,19,10
E5602998,P001,926,2245,16,10
E5602998,P001,237,2200,10,10
E5602998,P001,937,2245,11,10
E5602998,P001,236,2200,6,10
E5602998,P001,936,2245,5,10
E5602998,P001,248,2200,105748,10
E5602998,P001,259,2200,148,10
E5602998,P002,911,2254,4,10
E5602998,P002,222,2200,2,10
E5602998,P002,922,2245,2,10
E5602998,P002,223,2200,90,10
E5602998,P002,923,2245,86,10
E5602998,P002,224,2200,10,10
E5602998,P002,924,2245,28,10
E5602998,P002,226,2200,18,10
E5602998,P002,926,2245,18,10
E5602998,P002,237,2200,8,10
E5602998,P002,937,2245,8,10
E5602998,P002,236,2200,8,10
E5602998,P002,936,2245,8,10
E5602998,P002,248,2200,108355,10
E5602998,P002,259,2200,145,10
E5602998,P003,911,2254,0,00
E5602998,P003,222,2200,0,00
E5602998,P003,922,2245,0,00
E5602998,P003,223,2200,0,00
E5602998,P003,923,2245,0,00
E5602998,P003,224,2200,0,00
E5602998,P003,924,2245,0,00
E5602998,P003,226,2200,0,00
E5602998,P003,926,2245,0,00
E5602998,P003,237,2200,0,00
E5602998,P003,937,2245,0,00
E5602998,P003,236,2200,0,00
E5602998,P003,936,2245,0,00
E5602998,P003,248,2200,0,00
E5602998,P003,259,2200,0,00
E5602998,P004,911,2254,0,00
E5602998,P004,222,2200,7,10
E5602998,P004,922,2245,0,00
E5602998,P004,223,2200,24,10
E5602998,P004,923,2245,0,00
E5602998,P004,224,2200,1,10
E5602998,P004,924,2245,0,00
E5602998,P004,226,2200,15,10
E5602998,P004,926,2245,0,00
E5602998,P004,237,2200,11,10
E5602998,P004,937,2245,0,00
E5602998,P004,236,2200,11,10
E5602998,P004,936,2245,0,00
E5602998,P004,248,2200,86066,10
E5602998,P004,259,2200,148,10
E5602998,P001,911,2300,0,10
E5602998,P002,911,2300,4,10
E5602998,P003,911,2300,0,00
E5602998,P004,911,2300,0,00
E5602998,P001,911,2306,0,10
E5602998,P002,911,2306,4,10
E5602998,P003,911,2306,0,00
E5602998,P004,911,2306,0,00
E5602998,P001,922,2300,7,10
E5602998,P001,923,2300,77,10
E5602998,P001,924,2300,53,10
E5602998,P001,926,2300,19,10
E5602998,P001,937,2300,10,10
E5602998,P001,936,2300,7,10
E5602998,P002,922,2300,2,10
E5602998,P002,923,2300,95,10
E5602998,P002,924,2300,45,10
E5602998,P002,926,2300,20,10
E5602998,P002,937,2300,8,10
E5602998,P002,936,2300,9,10
E5602998,P003,922,2300,0,00
E5602998,P003,923,2300,0,00
E5602998,P003,924,2300,0,00
E5602998,P003,926,2300,0,00
E5602998,P003,937,2300,0,00
E5602998,P003,936,2300,0,00
E5602998,P004,922,2300,0,00
E5602998,P004,923,2300,0,00
E5602998,P004,924,2300,0,00
E5602998,P004,926,2300,0,00
E5602998,P004,937,2300,0,00
E5602998,P004,936,2300,0,00
E5602998,P001,911,2312,0,10
E5602998,P002,911,2312,4,10
E5602998,P003,911,2312,0,00
E5602998,P004,911,2312,0,00
E5602998,P001,911,2318,0,10
E5602998,P002,911,2318,4,10
E5602998,P003,911,2318,0,00
E5602998,P004,911,2318,0,00
E5602998,P001,911,2324,0,10
E5602998,P001,922,2315,6,10
E5602998,P001,923,2315,65,10
E5602998,P001,924,2315,8,10
E5602998,P001,926,2315,20,10
E5602998,P001,937,2315,10,10
E5602998,P001,936,2315,6,10
E5602998,P002,911,2324,4,10
E5602998,P002,922,2315,5,10
E5602998,P002,923,2315,85,10
E5602998,P002,924,2315,7,10
E5602998,P002,926,2315,23,10
E5602998,P002,937,2315,8,10
E5602998,P002,936,2315,8,10
E5602998,P003,911,2324,0,00
E5602998,P003,922,2315,0,00
E5602998,P003,923,2315,0,00
E5602998,P003,924,2315,0,00
E5602998,P003,926,2315,0,00
E5602998,P003,937,2315,0,00
E5602998,P003,936,2315,0,00
E5602998,P004,911,2324,0,00
E5602998,P004,922,2315,0,00
E5602998,P004,923,2315,0,00
E5602998,P004,924,2315,0,00
E5602998,P004,926,2315,0,00
E5602998,P004,937,2315,0,00
E5602998,P004,936,2315,0,00
E5602998,P001,911,2330,0,10
E5602998,P002,911,2330,4,10
E5602998,P003,911,2330,0,00
E5602998,P004,911,2330,0,00
E5602998,P001,911,2336,0,10
E5602998,P002,911,2336,4,10
E5602998,P003,911,2336,0,00
E5602998,P004,911,2336,0,00
E5602998,P001,922,2330,5,10
E5602998,P001,923,2330,78,10
E5602998,P001,924,2330,45,10
E5602998,P001,926,2330,19,10
E5602998,P001,937,2330,10,10
E5602998,P001,936,2330,7,10
E5602998,P002,922,2330,15,10
E5602998,P002,923,2330,79,10
E5602998,P002,924,2330,107,10
E5602998,P002,926,2330,28,10
E5602998,P002,937,2330,8,10
E5602998,P002,936,2330,9,10
E5602998,P003,922,2330,0,00
E5602998,P003,923,2330,0,00
E5602998,P003,924,2330,0,00
E5602998,P003,926,2330,0,00
E5602998,P003,937,2330,0,00
E5602998,P003,936,2330,0,00
E5602998,P004,922,2330,0,00
E5602998,P004,923,2330,0,00
E5602998,P004,924,2330,0,00
E5602998,P004,926,2330,0,00
E5602998,P004,937,2330,0,00
E5602998,P004,936,2330,0,00
E5602998,P001,911,2342,0,10
E5602998,P002,911,2342,4,10
E5602998,P003,911,2342,0,00
E5602998,P004,911,2342,0,00
E5602998,P001,911,2348,0,10
E5602998,P002,911,2348,4,10
E5602998,P003,911,2348,0,00
E5602998,P004,911,2348,0,00
E5602998,P001,911,2354,0,10
E5602998,P001,222,2300,6,10
E5602998,P001,922,2345,6,10
E5602998,P001,223,2300,73,10
E5602998,P001,923,2345,72,10
E5602998,P001,224,2300,40,10
E5602998,P001,924,2345,55,10
E5602998,P001,226,2300,20,10
E5602998,P001,926,2345,21,10
E5602998,P001,237,2300,10,10
E5602998,P001,937,2345,10,10
E5602998,P001,236,2300,7,10
E5602998,P001,936,2345,7,10
E5602998,P001,248,2300,104780,10
E5602998,P001,259,2300,148,10
E5602998,P002,911,2354,4,10
E5602998,P002,222,2300,6,10
E5602998,P002,922,2345,2,10
E5602998,P002,223,2300,84,10
E5602998,P002,923,2345,78,10
E5602998,P002,224,2300,53,10
E5602998,P002,924,2345,54,10
E5602998,P002,226,2300,22,10
E5602998,P002,926,2345,19,10
E5602998,P002,237,2300,8,10
E5602998,P002,937,2345,8,10
E5602998,P002,236,2300,9,10
E5602998,P002,936,2345,8,10
E5602998,P002,248,2300,105068,10
E5602998,P002,259,2300,145,10
E5602998,P003,911,2354,0,00
E5602998,P003,222,2300,0,00
E5602998,P003,922,2345,0,00
E5602998,P003,223,2300,0,00
E5602998,P003,923,2345,0,00
E5602998,P003,224,2300,0,00
E5602998,P003,924,2345,0,00
E5602998,P003,226,2300,0,00
E5602998,P003,926,2345,0,00
E5602998,P003,237,2300,0,00
E5602998,P003,937,2345,0,00
E5602998,P003,236,2300,0,00
E5602998,P003,936,2345,0,00
E5602998,P003,248,2300,0,00
E5602998,P003,259,2300,0,00
E5602998,P004,911,2354,0,00
E5602998,P004,222,2300,0,00
E5602998,P004,922,2345,0,00
E5602998,P004,223,2300,0,00
E5602998,P004,923,2345,0,00
E5602998,P004,224,2300,0,00
E5602998,P004,924,2345,0,00
E5602998,P004,226,2300,0,00
E5602998,P004,926,2345,0,00
E5602998,P004,237,2300,0,00
E5602998,P004,937,2345,0,00
E5602998,P004,236,2300,0,00
E5602998,P004,936,2345,0,00
E5602998,P004,248,2300,0,00
E5602998,P004,259,2300,0,00
S3200688,P001,911,1500,9,10
S3200688,P002,911,1500,10,10
S3200688,P003,911,1500,7,10
S3200688,P004,911,1500,9,10
